Application,GPU,CPU,Resolution,Runtime,AllowsTearing,ProcessID,SwapChainAddress,SyncInterval,PresentFlags,PresentMode,Dropped,TimeInSeconds,MsBetweenPresents,MsBetweenDisplayChange,MsInPresentAPI,MsRenderPresentLatency,MsUntilDisplayed,Render Queue Depth,MsPCLatency,GPU0Clk(MHz),GPU0MemClk(MHz),GPU0Util(%),GPU0Temp(C),GPU1Clk(MHz),GPU1MemClk(MHz),GPU1Util(%),GPU1Temp(C),PCAT Power Total(W),Perf/W Total(F/J) (PCAT),Perf/W Total(F/J) (API),Perf/W GPUOnly(F/J) (API),Perf/W Total-USBC(F/J) (API),GPUOnlyPwr(W) (API),NV-Total-USBCPwr(W) (API),NV Pwr(W) (API),AMDPwr(W) (API),CPUClk(MHz),CPUUtil(%),CPU Package Temp(C),CPU Package Power(W),CPU TDP (W),CPUCoreUtil%[ 0],CPUCoreUtil%[ 1],CPUCoreUtil%[ 2],CPUCoreUtil%[ 3],CPUCoreUtil%[ 4],CPUCoreUtil%[ 5],CPUCoreUtil%[ 6],CPUCoreUtil%[ 7],CPUCoreUtil%[ 8],CPUCoreUtil%[ 9],CPUCoreUtil%[10],CPUCoreUtil%[11],CPUCoreUtil%[12],CPUCoreUtil%[13],CPUCoreUtil%[14],CPUCoreUtil%[15],CPUCoreUtil%[16],CPUCoreUtil%[17],CPUCoreUtil%[18],CPUCoreUtil%[19],CPUCoreUtil%[20],CPUCoreUtil%[21],CPUCoreUtil%[22],CPUCoreUtil%[23],CPUCoreUtil%[24],CPUCoreUtil%[25],CPUCoreUtil%[26],CPUCoreUtil%[27],CPUCoreUtil%[28],CPUCoreUtil%[29],CPUCoreUtil%[30],CPUCoreUtil%[31],CPUCoreUtil%[32],CPUCoreUtil%[33],CPUCoreUtil%[34],CPUCoreUtil%[35],CPUCoreUtil%[36],CPUCoreUtil%[37],CPUCoreUtil%[38],CPUCoreUtil%[39],CPUCoreUtil%[40],CPUCoreUtil%[41],CPUCoreUtil%[42],CPUCoreUtil%[43],CPUCoreUtil%[44],CPUCoreUtil%[45],CPUCoreUtil%[46],CPUCoreUtil%[47],CPUCoreUtil%[48],CPUCoreUtil%[49],CPUCoreUtil%[50],CPUCoreUtil%[51],CPUCoreUtil%[52],CPUCoreUtil%[53],CPUCoreUtil%[54],CPUCoreUtil%[55],CPUCoreUtil%[56],CPUCoreUtil%[57],CPUCoreUtil%[58],CPUCoreUtil%[59],CPUCoreUtil%[60],CPUCoreUtil%[61],CPUCoreUtil%[62],CPUCoreUtil%[63],Current Battery Capacity(Wh),Total Battery Capacity(Wh),Battery Percentage,Battery Drain Rate(W)
ImmortalsOfAveum-Win64-Shipping.exe,NVIDIA GeForce RTX 4060 Ti,12th Gen Intel(R) Core(TM) i7-12700,3840x2160,D3D12,0,20336,0x0000000063F0AD60,0,0,Hardware Composed: Independent Flip,0,4534.638341,17.654,17.772,0.168,0.351,2.403,0.020,NA,2775,9001,62,54,NA,NA,NA,NA,NA,NA,0.559,0.811,0.559,69,101,101,NA,4374,13, 41,42.612, 65,29,0,20,0,15,0,0,0,67,0,84,0,0,0,0,0,15,11,10,9,NA,NA,NA,NA,NA,NA,NA,NA,NA,NA,NA,NA,NA,NA,NA,NA,NA,NA,NA,NA,NA,NA,NA,NA,NA,NA,NA,NA,NA,NA,NA,NA,NA,NA,NA,NA,NA,NA,NA,NA,NA,NA,NA,NA,NA,NA,NA,NA
ImmortalsOfAveum-Win64-Shipping.exe,NVIDIA GeForce RTX 4060 Ti,12th Gen Intel(R) Core(TM) i7-12700,3840x2160,D3D12,0,20336,0x0000000063F0AD60,0,0,Hardware Composed: Independent Flip,0,4534.655469,17.128,16.598,0.269,1.749,1.873,0.102,NA,2775,9001,62,54,NA,NA,NA,NA,NA,NA,0.577,0.836,0.577,69,101,101,NA,4374,13, 41,42.612, 65,29,0,20,0,15,0,0,0,67,0,84,0,0,0,0,0,15,11,10,9,NA,NA,NA,NA,NA,NA,NA,NA,NA,NA,NA,NA,NA,NA,NA,NA,NA,NA,NA,NA,NA,NA,NA,NA,NA,NA,NA,NA,NA,NA,NA,NA,NA,NA,NA,NA,NA,NA,NA,NA,NA,NA,NA,NA,NA,NA,NA,NA
ImmortalsOfAveum-Win64-Shipping.exe,NVIDIA GeForce RTX 4060 Ti,12th Gen Intel(R) Core(TM) i7-12700,3840x2160,D3D12,0,20336,0x0000000063F0AD60,0,0,Hardware Composed: Independent Flip,0,4534.671081,15.611,73.170,0.164,0.510,59.432,0.033,NA,2775,9001,62,54,NA,NA,NA,NA,NA,NA,0.633,0.917,0.633,69,101,101,NA,4374,13, 41,42.612, 65,29,0,20,0,15,0,0,0,67,0,84,0,0,0,0,0,15,11,10,9,NA,NA,NA,NA,NA,NA,NA,NA,NA,NA,NA,NA,NA,NA,NA,NA,NA,NA,NA,NA,NA,NA,NA,NA,NA,NA,NA,NA,NA,NA,NA,NA,NA,NA,NA,NA,NA,NA,NA,NA,NA,NA,NA,NA,NA,NA,NA,NA
ImmortalsOfAveum-Win64-Shipping.exe,NVIDIA GeForce RTX 4060 Ti,12th Gen Intel(R) Core(TM) i7-12700,WINDOWED,D3D12,0,20336,0x0000000063F0AD60,0,0,Composed: Flip,0,4534.688042,16.962,8.235,0.230,1.569,50.706,0.092,NA,2775,9001,62,54,NA,NA,NA,NA,NA,NA,0.582,0.844,0.582,69,101,101,NA,4374,13, 41,42.612, 65,29,0,20,0,15,0,0,0,67,0,84,0,0,0,0,0,15,11,10,9,NA,NA,NA,NA,NA,NA,NA,NA,NA,NA,NA,NA,NA,NA,NA,NA,NA,NA,NA,NA,NA,NA,NA,NA,NA,NA,NA,NA,NA,NA,NA,NA,NA,NA,NA,NA,NA,NA,NA,NA,NA,NA,NA,NA,NA,NA,NA,NA
ImmortalsOfAveum-Win64-Shipping.exe,NVIDIA GeForce RTX 4060 Ti,12th Gen Intel(R) Core(TM) i7-12700,WINDOWED,D3D12,0,20336,0x0000000063F0AD60,0,0,Composed: Flip,0,4534.705961,17.919,8.396,0.147,0.303,41.182,0.017,NA,2775,9001,62,54,NA,NA,NA,NA,NA,NA,0.551,0.799,0.551,69,101,101,NA,4374,13, 41,42.612, 65,29,0,20,0,15,0,0,0,67,0,84,0,0,0,0,0,15,11,10,9,NA,NA,NA,NA,NA,NA,NA,NA,NA,NA,NA,NA,NA,NA,NA,NA,NA,NA,NA,NA,NA,NA,NA,NA,NA,NA,NA,NA,NA,NA,NA,NA,NA,NA,NA,NA,NA,NA,NA,NA,NA,NA,NA,NA,NA,NA,NA,NA
ImmortalsOfAveum-Win64-Shipping.exe,NVIDIA GeForce RTX 4060 Ti,12th Gen Intel(R) Core(TM) i7-12700,WINDOWED,D3D12,0,20336,0x0000000063F0AD60,0,0,Composed: Flip,0,4534.723088,17.127,8.357,0.607,11.026,32.412,0.644,NA,2775,9001,62,54,NA,NA,NA,NA,NA,NA,0.577,0.836,0.577,69,101,101,NA,4374,13, 41,42.612, 65,29,0,20,0,15,0,0,0,67,0,84,0,0,0,0,0,15,11,10,9,NA,NA,NA,NA,NA,NA,NA,NA,NA,NA,NA,NA,NA,NA,NA,NA,NA,NA,NA,NA,NA,NA,NA,NA,NA,NA,NA,NA,NA,NA,NA,NA,NA,NA,NA,NA,NA,NA,NA,NA,NA,NA,NA,NA,NA,NA,NA,NA
ImmortalsOfAveum-Win64-Shipping.exe,NVIDIA GeForce RTX 4060 Ti,12th Gen Intel(R) Core(TM) i7-12700,WINDOWED,D3D12,0,20336,0x0000000063F0AD60,0,0,Composed: Flip,0,4534.743483,20.395,8.256,0.202,0.417,20.273,0.020,NA,2775,9001,62,54,NA,NA,NA,NA,NA,NA,0.484,0.702,0.484,69,101,101,NA,4374,13, 41,42.612, 65,29,0,20,0,15,0,0,0,67,0,84,0,0,0,0,0,15,11,10,9,NA,NA,NA,NA,NA,NA,NA,NA,NA,NA,NA,NA,NA,NA,NA,NA,NA,NA,NA,NA,NA,NA,NA,NA,NA,NA,NA,NA,NA,NA,NA,NA,NA,NA,NA,NA,NA,NA,NA,NA,NA,NA,NA,NA,NA,NA,NA,NA
ImmortalsOfAveum-Win64-Shipping.exe,NVIDIA GeForce RTX 4060 Ti,12th Gen Intel(R) Core(TM) i7-12700,WINDOWED,D3D12,0,20336,0x0000000063F0AD60,0,0,Composed: Flip,1,4534.774447,30.964,0.000,0.201,0.265,0.000,0.009,NA,2775,9001,62,54,NA,NA,NA,NA,NA,NA,0.319,0.462,0.319,69,101,101,NA,4374,13, 41,42.612, 65,29,0,20,0,15,0,0,0,67,0,84,0,0,0,0,0,15,11,10,9,NA,NA,NA,NA,NA,NA,NA,NA,NA,NA,NA,NA,NA,NA,NA,NA,NA,NA,NA,NA,NA,NA,NA,NA,NA,NA,NA,NA,NA,NA,NA,NA,NA,NA,NA,NA,NA,NA,NA,NA,NA,NA,NA,NA,NA,NA,NA,NA
ImmortalsOfAveum-Win64-Shipping.exe,NVIDIA GeForce RTX 4060 Ti,12th Gen Intel(R) Core(TM) i7-12700,WINDOWED,D3D12,0,20336,0x0000000063F0AD60,0,0,Composed: Flip,0,4534.774770,0.323,33.318,0.096,0.253,22.304,0.783,NA,2775,9001,62,54,NA,NA,NA,NA,NA,NA,30.611,44.365,30.611,69,101,101,NA,4374,13, 41,42.612, 65,29,0,20,0,15,0,0,0,67,0,84,0,0,0,0,0,15,11,10,9,NA,NA,NA,NA,NA,NA,NA,NA,NA,NA,NA,NA,NA,NA,NA,NA,NA,NA,NA,NA,NA,NA,NA,NA,NA,NA,NA,NA,NA,NA,NA,NA,NA,NA,NA,NA,NA,NA,NA,NA,NA,NA,NA,NA,NA,NA,NA,NA
ImmortalsOfAveum-Win64-Shipping.exe,NVIDIA GeForce RTX 4060 Ti,12th Gen Intel(R) Core(TM) i7-12700,WINDOWED,D3D12,0,20336,0x0000000063F0AD60,0,0,Composed: Flip,1,4534.804397,29.628,0.000,0.121,2.173,0.000,0.073,NA,2775,9001,62,53,NA,NA,NA,NA,NA,NA,0.333,0.483,0.333,69,101,101,NA,4373,15, 45,48.517, 65,30,1,22,1,18,1,11,1,77,1,76,1,1,1,1,1,16,13,11,11,NA,NA,NA,NA,NA,NA,NA,NA,NA,NA,NA,NA,NA,NA,NA,NA,NA,NA,NA,NA,NA,NA,NA,NA,NA,NA,NA,NA,NA,NA,NA,NA,NA,NA,NA,NA,NA,NA,NA,NA,NA,NA,NA,NA,NA,NA,NA,NA
ImmortalsOfAveum-Win64-Shipping.exe,NVIDIA GeForce RTX 4060 Ti,12th Gen Intel(R) Core(TM) i7-12700,WINDOWED,D3D12,0,20336,0x0000000063F0AD60,0,0,Composed: Flip,0,4534.806212,1.814,33.352,0.106,0.684,24.214,0.377,NA,2775,9001,62,53,NA,NA,NA,NA,NA,NA,5.443,7.889,5.443,69,101,101,NA,4373,15, 45,48.517, 65,30,1,22,1,18,1,11,1,77,1,76,1,1,1,1,1,16,13,11,11,NA,NA,NA,NA,NA,NA,NA,NA,NA,NA,NA,NA,NA,NA,NA,NA,NA,NA,NA,NA,NA,NA,NA,NA,NA,NA,NA,NA,NA,NA,NA,NA,NA,NA,NA,NA,NA,NA,NA,NA,NA,NA,NA,NA,NA,NA,NA,NA
ImmortalsOfAveum-Win64-Shipping.exe,NVIDIA GeForce RTX 4060 Ti,12th Gen Intel(R) Core(TM) i7-12700,WINDOWED,D3D12,0,20336,0x0000000063F0AD60,0,0,Composed: Flip,0,4534.822204,15.993,16.722,0.167,1.821,24.943,0.114,NA,2775,9001,62,53,NA,NA,NA,NA,NA,NA,0.617,0.895,0.617,69,101,101,NA,4373,15, 45,48.517, 65,30,1,22,1,18,1,11,1,77,1,76,1,1,1,1,1,16,13,11,11,NA,NA,NA,NA,NA,NA,NA,NA,NA,NA,NA,NA,NA,NA,NA,NA,NA,NA,NA,NA,NA,NA,NA,NA,NA,NA,NA,NA,NA,NA,NA,NA,NA,NA,NA,NA,NA,NA,NA,NA,NA,NA,NA,NA,NA,NA,NA,NA
ImmortalsOfAveum-Win64-Shipping.exe,NVIDIA GeForce RTX 4060 Ti,12th Gen Intel(R) Core(TM) i7-12700,WINDOWED,D3D12,0,20336,0x0000000063F0AD60,0,0,Composed: Flip,0,4534.840494,18.290,16.600,0.126,0.522,23.253,0.029,NA,2775,9001,62,53,NA,NA,NA,NA,NA,NA,0.540,0.783,0.540,69,101,101,NA,4373,15, 45,48.517, 65,30,1,22,1,18,1,11,1,77,1,76,1,1,1,1,1,16,13,11,11,NA,NA,NA,NA,NA,NA,NA,NA,NA,NA,NA,NA,NA,NA,NA,NA,NA,NA,NA,NA,NA,NA,NA,NA,NA,NA,NA,NA,NA,NA,NA,NA,NA,NA,NA,NA,NA,NA,NA,NA,NA,NA,NA,NA,NA,NA,NA,NA
ImmortalsOfAveum-Win64-Shipping.exe,NVIDIA GeForce RTX 4060 Ti,12th Gen Intel(R) Core(TM) i7-12700,WINDOWED,D3D12,0,20336,0x0000000063F0AD60,0,0,Composed: Flip,0,4534.857178,16.684,16.733,0.159,1.754,23.302,0.105,NA,2775,9001,62,53,NA,NA,NA,NA,NA,NA,0.592,0.858,0.592,69,101,101,NA,4373,15, 45,48.517, 65,30,1,22,1,18,1,11,1,77,1,76,1,1,1,1,1,16,13,11,11,NA,NA,NA,NA,NA,NA,NA,NA,NA,NA,NA,NA,NA,NA,NA,NA,NA,NA,NA,NA,NA,NA,NA,NA,NA,NA,NA,NA,NA,NA,NA,NA,NA,NA,NA,NA,NA,NA,NA,NA,NA,NA,NA,NA,NA,NA,NA,NA
ImmortalsOfAveum-Win64-Shipping.exe,NVIDIA GeForce RTX 4060 Ti,12th Gen Intel(R) Core(TM) i7-12700,WINDOWED,D3D12,0,20336,0x0000000063F0AD60,0,0,Composed: Flip,0,4534.873884,16.706,16.623,0.147,0.391,23.218,0.023,NA,2775,9001,62,53,NA,NA,NA,NA,NA,NA,0.591,0.857,0.591,69,101,101,NA,4373,15, 45,48.517, 65,30,1,22,1,18,1,11,1,77,1,76,1,1,1,1,1,16,13,11,11,NA,NA,NA,NA,NA,NA,NA,NA,NA,NA,NA,NA,NA,NA,NA,NA,NA,NA,NA,NA,NA,NA,NA,NA,NA,NA,NA,NA,NA,NA,NA,NA,NA,NA,NA,NA,NA,NA,NA,NA,NA,NA,NA,NA,NA,NA,NA,NA
ImmortalsOfAveum-Win64-Shipping.exe,NVIDIA GeForce RTX 4060 Ti,12th Gen Intel(R) Core(TM) i7-12700,WINDOWED,D3D12,0,20336,0x0000000063F0AD60,0,0,Composed: Flip,0,4534.890957,17.073,16.759,0.159,2.444,22.904,0.143,NA,2775,9001,62,53,NA,NA,NA,NA,NA,NA,0.578,0.838,0.578,69,101,101,NA,4373,15, 45,48.517, 65,30,1,22,1,18,1,11,1,77,1,76,1,1,1,1,1,16,13,11,11,NA,NA,NA,NA,NA,NA,NA,NA,NA,NA,NA,NA,NA,NA,NA,NA,NA,NA,NA,NA,NA,NA,NA,NA,NA,NA,NA,NA,NA,NA,NA,NA,NA,NA,NA,NA,NA,NA,NA,NA,NA,NA,NA,NA,NA,NA,NA,NA
ImmortalsOfAveum-Win64-Shipping.exe,NVIDIA GeForce RTX 4060 Ti,12th Gen Intel(R) Core(TM) i7-12700,WINDOWED,D3D12,0,20336,0x0000000063F0AD60,0,0,Composed: Flip,0,4534.907172,16.215,16.551,0.141,0.376,23.240,0.023,NA,2775,9001,62,53,NA,NA,NA,NA,NA,NA,0.609,0.883,0.609,69,101,101,NA,4373,15, 45,48.517, 65,30,1,22,1,18,1,11,1,77,1,76,1,1,1,1,1,16,13,11,11,NA,NA,NA,NA,NA,NA,NA,NA,NA,NA,NA,NA,NA,NA,NA,NA,NA,NA,NA,NA,NA,NA,NA,NA,NA,NA,NA,NA,NA,NA,NA,NA,NA,NA,NA,NA,NA,NA,NA,NA,NA,NA,NA,NA,NA,NA,NA,NA
ImmortalsOfAveum-Win64-Shipping.exe,NVIDIA GeForce RTX 4060 Ti,12th Gen Intel(R) Core(TM) i7-12700,WINDOWED,D3D12,0,20336,0x0000000063F0AD60,0,0,Composed: Flip,0,4534.924106,16.934,16.726,0.197,1.490,23.033,0.088,NA,2775,9001,62,53,NA,NA,NA,NA,NA,NA,0.583,0.845,0.583,69,101,101,NA,4373,15, 45,48.517, 65,30,1,22,1,18,1,11,1,77,1,76,1,1,1,1,1,16,13,11,11,NA,NA,NA,NA,NA,NA,NA,NA,NA,NA,NA,NA,NA,NA,NA,NA,NA,NA,NA,NA,NA,NA,NA,NA,NA,NA,NA,NA,NA,NA,NA,NA,NA,NA,NA,NA,NA,NA,NA,NA,NA,NA,NA,NA,NA,NA,NA,NA
ImmortalsOfAveum-Win64-Shipping.exe,NVIDIA GeForce RTX 4060 Ti,12th Gen Intel(R) Core(TM) i7-12700,WINDOWED,D3D12,0,20336,0x0000000063F0AD60,0,0,Composed: Flip,0,4534.940474,16.368,16.623,0.137,0.375,23.288,0.023,NA,2775,9001,62,53,NA,NA,NA,NA,NA,NA,0.603,0.874,0.603,69,101,101,NA,4373,15, 45,48.517, 65,30,1,22,1,18,1,11,1,77,1,76,1,1,1,1,1,16,13,11,11,NA,NA,NA,NA,NA,NA,NA,NA,NA,NA,NA,NA,NA,NA,NA,NA,NA,NA,NA,NA,NA,NA,NA,NA,NA,NA,NA,NA,NA,NA,NA,NA,NA,NA,NA,NA,NA,NA,NA,NA,NA,NA,NA,NA,NA,NA,NA,NA
ImmortalsOfAveum-Win64-Shipping.exe,NVIDIA GeForce RTX 4060 Ti,12th Gen Intel(R) Core(TM) i7-12700,WINDOWED,D3D12,0,20336,0x0000000063F0AD60,0,0,Composed: Flip,0,4534.957496,17.022,16.694,0.261,2.555,22.960,0.150,NA,2775,9001,62,53,NA,NA,NA,NA,NA,NA,0.580,0.841,0.580,69,101,101,NA,4373,15, 45,48.517, 65,30,1,22,1,18,1,11,1,77,1,76,1,1,1,1,1,16,13,11,11,NA,NA,NA,NA,NA,NA,NA,NA,NA,NA,NA,NA,NA,NA,NA,NA,NA,NA,NA,NA,NA,NA,NA,NA,NA,NA,NA,NA,NA,NA,NA,NA,NA,NA,NA,NA,NA,NA,NA,NA,NA,NA,NA,NA,NA,NA,NA,NA
ImmortalsOfAveum-Win64-Shipping.exe,NVIDIA GeForce RTX 4060 Ti,12th Gen Intel(R) Core(TM) i7-12700,WINDOWED,D3D12,0,20336,0x0000000063F0AD60,0,0,Composed: Flip,0,4534.974347,16.851,16.616,0.135,0.514,22.725,0.030,NA,2775,9001,62,53,NA,NA,NA,NA,NA,NA,0.586,0.849,0.586,69,101,101,NA,4373,15, 45,48.517, 65,30,1,22,1,18,1,11,1,77,1,76,1,1,1,1,1,16,13,11,11,NA,NA,NA,NA,NA,NA,NA,NA,NA,NA,NA,NA,NA,NA,NA,NA,NA,NA,NA,NA,NA,NA,NA,NA,NA,NA,NA,NA,NA,NA,NA,NA,NA,NA,NA,NA,NA,NA,NA,NA,NA,NA,NA,NA,NA,NA,NA,NA
ImmortalsOfAveum-Win64-Shipping.exe,NVIDIA GeForce RTX 4060 Ti,12th Gen Intel(R) Core(TM) i7-12700,WINDOWED,D3D12,0,20336,0x0000000063F0AD60,0,0,Composed: Flip,0,4534.991501,17.154,16.779,0.191,1.752,22.351,0.102,NA,2775,9001,62,53,NA,NA,NA,NA,NA,NA,0.576,0.834,0.576,69,101,101,NA,4373,15, 45,48.517, 65,30,1,22,1,18,1,11,1,77,1,76,1,1,1,1,1,16,13,11,11,NA,NA,NA,NA,NA,NA,NA,NA,NA,NA,NA,NA,NA,NA,NA,NA,NA,NA,NA,NA,NA,NA,NA,NA,NA,NA,NA,NA,NA,NA,NA,NA,NA,NA,NA,NA,NA,NA,NA,NA,NA,NA,NA,NA,NA,NA,NA,NA
ImmortalsOfAveum-Win64-Shipping.exe,NVIDIA GeForce RTX 4060 Ti,12th Gen Intel(R) Core(TM) i7-12700,WINDOWED,D3D12,0,20336,0x0000000063F0AD60,0,0,Composed: Flip,0,4535.007573,16.072,16.550,0.128,0.530,22.828,0.033,NA,2775,9001,62,53,NA,NA,NA,NA,NA,NA,0.614,0.891,0.614,69,101,101,NA,4373,15, 40,44.764, 65,30,1,22,1,18,1,11,1,77,1,76,1,1,1,1,1,16,13,11,11,NA,NA,NA,NA,NA,NA,NA,NA,NA,NA,NA,NA,NA,NA,NA,NA,NA,NA,NA,NA,NA,NA,NA,NA,NA,NA,NA,NA,NA,NA,NA,NA,NA,NA,NA,NA,NA,NA,NA,NA,NA,NA,NA,NA,NA,NA,NA,NA
ImmortalsOfAveum-Win64-Shipping.exe,NVIDIA GeForce RTX 4060 Ti,12th Gen Intel(R) Core(TM) i7-12700,WINDOWED,D3D12,0,20336,0x0000000063F0AD60,0,0,Composed: Flip,0,4535.024633,17.061,16.839,0.198,1.841,22.607,0.108,NA,2775,9001,62,53,NA,NA,NA,NA,NA,NA,0.579,0.839,0.579,69,101,101,NA,4373,15, 40,44.764, 65,30,1,22,1,18,1,11,1,77,1,76,1,1,1,1,1,16,13,11,11,NA,NA,NA,NA,NA,NA,NA,NA,NA,NA,NA,NA,NA,NA,NA,NA,NA,NA,NA,NA,NA,NA,NA,NA,NA,NA,NA,NA,NA,NA,NA,NA,NA,NA,NA,NA,NA,NA,NA,NA,NA,NA,NA,NA,NA,NA,NA,NA
ImmortalsOfAveum-Win64-Shipping.exe,NVIDIA GeForce RTX 4060 Ti,12th Gen Intel(R) Core(TM) i7-12700,WINDOWED,D3D12,0,20336,0x0000000063F0AD60,0,0,Composed: Flip,0,4535.040770,16.137,16.506,0.162,0.474,22.975,0.029,NA,2775,9001,62,53,NA,NA,NA,NA,NA,NA,0.612,0.887,0.612,69,101,101,NA,4373,15, 40,44.764, 65,30,1,22,1,18,1,11,1,77,1,76,1,1,1,1,1,16,13,11,11,NA,NA,NA,NA,NA,NA,NA,NA,NA,NA,NA,NA,NA,NA,NA,NA,NA,NA,NA,NA,NA,NA,NA,NA,NA,NA,NA,NA,NA,NA,NA,NA,NA,NA,NA,NA,NA,NA,NA,NA,NA,NA,NA,NA,NA,NA,NA,NA
ImmortalsOfAveum-Win64-Shipping.exe,NVIDIA GeForce RTX 4060 Ti,12th Gen Intel(R) Core(TM) i7-12700,WINDOWED,D3D12,0,20336,0x0000000063F0AD60,0,0,Composed: Flip,0,4535.057509,16.739,16.784,0.236,2.546,23.020,0.152,NA,2775,9001,62,53,NA,NA,NA,NA,NA,NA,0.590,0.855,0.590,69,101,101,NA,4373,15, 40,44.764, 65,30,1,22,1,18,1,11,1,77,1,76,1,1,1,1,1,16,13,11,11,NA,NA,NA,NA,NA,NA,NA,NA,NA,NA,NA,NA,NA,NA,NA,NA,NA,NA,NA,NA,NA,NA,NA,NA,NA,NA,NA,NA,NA,NA,NA,NA,NA,NA,NA,NA,NA,NA,NA,NA,NA,NA,NA,NA,NA,NA,NA,NA
ImmortalsOfAveum-Win64-Shipping.exe,NVIDIA GeForce RTX 4060 Ti,12th Gen Intel(R) Core(TM) i7-12700,WINDOWED,D3D12,0,20336,0x0000000063F0AD60,0,0,Composed: Flip,0,4535.074293,16.784,16.563,0.130,0.534,22.799,0.032,NA,2775,9001,62,53,NA,NA,NA,NA,NA,NA,0.588,0.853,0.588,69,101,101,NA,4373,15, 40,44.764, 65,30,1,22,1,18,1,11,1,77,1,76,1,1,1,1,1,16,13,11,11,NA,NA,NA,NA,NA,NA,NA,NA,NA,NA,NA,NA,NA,NA,NA,NA,NA,NA,NA,NA,NA,NA,NA,NA,NA,NA,NA,NA,NA,NA,NA,NA,NA,NA,NA,NA,NA,NA,NA,NA,NA,NA,NA,NA,NA,NA,NA,NA
ImmortalsOfAveum-Win64-Shipping.exe,NVIDIA GeForce RTX 4060 Ti,12th Gen Intel(R) Core(TM) i7-12700,WINDOWED,D3D12,0,20336,0x0000000063F0AD60,0,0,Composed: Flip,0,4535.091153,16.860,16.746,0.185,2.362,22.685,0.140,NA,2775,9001,62,53,NA,NA,NA,NA,NA,NA,0.586,0.849,0.586,69,101,101,NA,4373,15, 40,44.764, 65,30,1,22,1,18,1,11,1,77,1,76,1,1,1,1,1,16,13,11,11,NA,NA,NA,NA,NA,NA,NA,NA,NA,NA,NA,NA,NA,NA,NA,NA,NA,NA,NA,NA,NA,NA,NA,NA,NA,NA,NA,NA,NA,NA,NA,NA,NA,NA,NA,NA,NA,NA,NA,NA,NA,NA,NA,NA,NA,NA,NA,NA
ImmortalsOfAveum-Win64-Shipping.exe,NVIDIA GeForce RTX 4060 Ti,12th Gen Intel(R) Core(TM) i7-12700,WINDOWED,D3D12,0,20336,0x0000000063F0AD60,0,0,Composed: Flip,0,4535.107254,16.101,16.578,0.139,0.363,23.162,0.023,NA,2775,9001,62,53,NA,NA,NA,NA,NA,NA,0.613,0.889,0.613,69,101,101,NA,4373,15, 40,44.764, 65,30,1,22,1,18,1,11,1,77,1,76,1,1,1,1,1,16,13,11,11,NA,NA,NA,NA,NA,NA,NA,NA,NA,NA,NA,NA,NA,NA,NA,NA,NA,NA,NA,NA,NA,NA,NA,NA,NA,NA,NA,NA,NA,NA,NA,NA,NA,NA,NA,NA,NA,NA,NA,NA,NA,NA,NA,NA,NA,NA,NA,NA
ImmortalsOfAveum-Win64-Shipping.exe,NVIDIA GeForce RTX 4060 Ti,12th Gen Intel(R) Core(TM) i7-12700,WINDOWED,D3D12,0,20336,0x0000000063F0AD60,0,0,Composed: Flip,0,4535.124047,16.793,16.798,0.197,1.451,23.167,0.086,NA,2775,9001,62,53,NA,NA,NA,NA,NA,NA,0.588,0.852,0.588,69,101,101,NA,4373,15, 40,44.764, 65,30,1,22,1,18,1,11,1,77,1,76,1,1,1,1,1,16,13,11,11,NA,NA,NA,NA,NA,NA,NA,NA,NA,NA,NA,NA,NA,NA,NA,NA,NA,NA,NA,NA,NA,NA,NA,NA,NA,NA,NA,NA,NA,NA,NA,NA,NA,NA,NA,NA,NA,NA,NA,NA,NA,NA,NA,NA,NA,NA,NA,NA
ImmortalsOfAveum-Win64-Shipping.exe,NVIDIA GeForce RTX 4060 Ti,12th Gen Intel(R) Core(TM) i7-12700,WINDOWED,D3D12,0,20336,0x0000000063F0AD60,0,0,Composed: Flip,0,4535.140470,16.423,16.532,0.130,0.390,23.275,0.024,NA,2775,9001,62,53,NA,NA,NA,NA,NA,NA,0.601,0.871,0.601,69,101,101,NA,4373,15, 40,44.764, 65,30,1,22,1,18,1,11,1,77,1,76,1,1,1,1,1,16,13,11,11,NA,NA,NA,NA,NA,NA,NA,NA,NA,NA,NA,NA,NA,NA,NA,NA,NA,NA,NA,NA,NA,NA,NA,NA,NA,NA,NA,NA,NA,NA,NA,NA,NA,NA,NA,NA,NA,NA,NA,NA,NA,NA,NA,NA,NA,NA,NA,NA
ImmortalsOfAveum-Win64-Shipping.exe,NVIDIA GeForce RTX 4060 Ti,12th Gen Intel(R) Core(TM) i7-12700,WINDOWED,D3D12,0,20336,0x0000000063F0AD60,0,0,Composed: Flip,0,4535.157323,16.853,16.721,0.154,1.859,23.143,0.110,NA,2775,9001,62,53,NA,NA,NA,NA,NA,NA,0.586,0.849,0.586,69,101,101,NA,4373,15, 40,44.764, 65,30,1,22,1,18,1,11,1,77,1,76,1,1,1,1,1,16,13,11,11,NA,NA,NA,NA,NA,NA,NA,NA,NA,NA,NA,NA,NA,NA,NA,NA,NA,NA,NA,NA,NA,NA,NA,NA,NA,NA,NA,NA,NA,NA,NA,NA,NA,NA,NA,NA,NA,NA,NA,NA,NA,NA,NA,NA,NA,NA,NA,NA
ImmortalsOfAveum-Win64-Shipping.exe,NVIDIA GeForce RTX 4060 Ti,12th Gen Intel(R) Core(TM) i7-12700,WINDOWED,D3D12,0,20336,0x0000000063F0AD60,0,0,Composed: Flip,0,4535.174017,16.694,16.629,0.133,0.371,23.078,0.022,NA,2775,9001,62,53,NA,NA,NA,NA,NA,NA,0.592,0.857,0.592,69,101,101,NA,4373,15, 40,44.764, 65,30,1,22,1,18,1,11,1,77,1,76,1,1,1,1,1,16,13,11,11,NA,NA,NA,NA,NA,NA,NA,NA,NA,NA,NA,NA,NA,NA,NA,NA,NA,NA,NA,NA,NA,NA,NA,NA,NA,NA,NA,NA,NA,NA,NA,NA,NA,NA,NA,NA,NA,NA,NA,NA,NA,NA,NA,NA,NA,NA,NA,NA
ImmortalsOfAveum-Win64-Shipping.exe,NVIDIA GeForce RTX 4060 Ti,12th Gen Intel(R) Core(TM) i7-12700,WINDOWED,D3D12,0,20336,0x0000000063F0AD60,0,0,Composed: Flip,0,4535.191092,17.075,16.698,0.193,2.383,22.702,0.140,NA,2775,9001,62,53,NA,NA,NA,NA,NA,NA,0.578,0.838,0.578,69,101,101,NA,4373,15, 40,44.764, 65,30,1,22,1,18,1,11,1,77,1,76,1,1,1,1,1,16,13,11,11,NA,NA,NA,NA,NA,NA,NA,NA,NA,NA,NA,NA,NA,NA,NA,NA,NA,NA,NA,NA,NA,NA,NA,NA,NA,NA,NA,NA,NA,NA,NA,NA,NA,NA,NA,NA,NA,NA,NA,NA,NA,NA,NA,NA,NA,NA,NA,NA
ImmortalsOfAveum-Win64-Shipping.exe,NVIDIA GeForce RTX 4060 Ti,12th Gen Intel(R) Core(TM) i7-12700,WINDOWED,D3D12,0,20336,0x0000000063F0AD60,0,0,Composed: Flip,0,4535.207738,16.646,16.610,0.165,0.503,22.665,0.030,NA,2775,9001,62,53,NA,NA,NA,NA,NA,NA,0.593,0.860,0.593,69,101,101,NA,4373,15, 42,43.106, 65,30,1,22,1,18,1,11,1,77,1,76,1,1,1,1,1,16,13,11,11,NA,NA,NA,NA,NA,NA,NA,NA,NA,NA,NA,NA,NA,NA,NA,NA,NA,NA,NA,NA,NA,NA,NA,NA,NA,NA,NA,NA,NA,NA,NA,NA,NA,NA,NA,NA,NA,NA,NA,NA,NA,NA,NA,NA,NA,NA,NA,NA
ImmortalsOfAveum-Win64-Shipping.exe,NVIDIA GeForce RTX 4060 Ti,12th Gen Intel(R) Core(TM) i7-12700,WINDOWED,D3D12,0,20336,0x0000000063F0AD60,0,0,Composed: Flip,0,4535.224893,17.155,16.720,0.191,1.905,22.230,0.111,NA,2775,9001,62,53,NA,NA,NA,NA,NA,NA,0.576,0.834,0.576,69,101,101,NA,4373,15, 42,43.106, 65,30,1,22,1,18,1,11,1,77,1,76,1,1,1,1,1,16,13,11,11,NA,NA,NA,NA,NA,NA,NA,NA,NA,NA,NA,NA,NA,NA,NA,NA,NA,NA,NA,NA,NA,NA,NA,NA,NA,NA,NA,NA,NA,NA,NA,NA,NA,NA,NA,NA,NA,NA,NA,NA,NA,NA,NA,NA,NA,NA,NA,NA
ImmortalsOfAveum-Win64-Shipping.exe,NVIDIA GeForce RTX 4060 Ti,12th Gen Intel(R) Core(TM) i7-12700,WINDOWED,D3D12,0,20336,0x0000000063F0AD60,0,0,Composed: Flip,0,4535.241000,16.107,16.621,0.161,0.482,22.744,0.030,NA,2775,9001,62,53,NA,NA,NA,NA,NA,NA,0.613,0.889,0.613,69,101,101,NA,4373,15, 42,43.106, 65,30,1,22,1,18,1,11,1,77,1,76,1,1,1,1,1,16,13,11,11,NA,NA,NA,NA,NA,NA,NA,NA,NA,NA,NA,NA,NA,NA,NA,NA,NA,NA,NA,NA,NA,NA,NA,NA,NA,NA,NA,NA,NA,NA,NA,NA,NA,NA,NA,NA,NA,NA,NA,NA,NA,NA,NA,NA,NA,NA,NA,NA
ImmortalsOfAveum-Win64-Shipping.exe,NVIDIA GeForce RTX 4060 Ti,12th Gen Intel(R) Core(TM) i7-12700,WINDOWED,D3D12,0,20336,0x0000000063F0AD60,0,0,Composed: Flip,0,4535.257969,16.969,16.774,0.196,2.125,22.550,0.125,NA,2775,9001,62,53,NA,NA,NA,NA,NA,NA,0.582,0.843,0.582,69,101,101,NA,4373,15, 42,43.106, 65,30,1,22,1,18,1,11,1,77,1,76,1,1,1,1,1,16,13,11,11,NA,NA,NA,NA,NA,NA,NA,NA,NA,NA,NA,NA,NA,NA,NA,NA,NA,NA,NA,NA,NA,NA,NA,NA,NA,NA,NA,NA,NA,NA,NA,NA,NA,NA,NA,NA,NA,NA,NA,NA,NA,NA,NA,NA,NA,NA,NA,NA
ImmortalsOfAveum-Win64-Shipping.exe,NVIDIA GeForce RTX 4060 Ti,12th Gen Intel(R) Core(TM) i7-12700,WINDOWED,D3D12,0,20336,0x0000000063F0AD60,0,0,Composed: Flip,0,4535.274388,16.420,16.570,0.135,0.550,22.700,0.034,NA,2775,9001,62,53,NA,NA,NA,NA,NA,NA,0.601,0.872,0.601,69,101,101,NA,4373,15, 42,43.106, 65,30,1,22,1,18,1,11,1,77,1,76,1,1,1,1,1,16,13,11,11,NA,NA,NA,NA,NA,NA,NA,NA,NA,NA,NA,NA,NA,NA,NA,NA,NA,NA,NA,NA,NA,NA,NA,NA,NA,NA,NA,NA,NA,NA,NA,NA,NA,NA,NA,NA,NA,NA,NA,NA,NA,NA,NA,NA,NA,NA,NA,NA
ImmortalsOfAveum-Win64-Shipping.exe,NVIDIA GeForce RTX 4060 Ti,12th Gen Intel(R) Core(TM) i7-12700,WINDOWED,D3D12,0,20336,0x0000000063F0AD60,0,0,Composed: Flip,0,4535.291230,16.842,16.695,0.173,2.116,22.553,0.126,NA,2775,9001,62,53,NA,NA,NA,NA,NA,NA,0.586,0.850,0.586,69,101,101,NA,4373,15, 42,43.106, 65,30,1,22,1,18,1,11,1,77,1,76,1,1,1,1,1,16,13,11,11,NA,NA,NA,NA,NA,NA,NA,NA,NA,NA,NA,NA,NA,NA,NA,NA,NA,NA,NA,NA,NA,NA,NA,NA,NA,NA,NA,NA,NA,NA,NA,NA,NA,NA,NA,NA,NA,NA,NA,NA,NA,NA,NA,NA,NA,NA,NA,NA
ImmortalsOfAveum-Win64-Shipping.exe,NVIDIA GeForce RTX 4060 Ti,12th Gen Intel(R) Core(TM) i7-12700,WINDOWED,D3D12,0,20336,0x0000000063F0AD60,0,0,Composed: Flip,0,4535.307149,15.919,16.620,0.142,0.366,23.255,0.023,NA,2775,9001,62,53,NA,NA,NA,NA,NA,NA,0.620,0.899,0.620,69,101,101,NA,4373,15, 42,43.106, 65,30,1,22,1,18,1,11,1,77,1,76,1,1,1,1,1,16,13,11,11,NA,NA,NA,NA,NA,NA,NA,NA,NA,NA,NA,NA,NA,NA,NA,NA,NA,NA,NA,NA,NA,NA,NA,NA,NA,NA,NA,NA,NA,NA,NA,NA,NA,NA,NA,NA,NA,NA,NA,NA,NA,NA,NA,NA,NA,NA,NA,NA
ImmortalsOfAveum-Win64-Shipping.exe,NVIDIA GeForce RTX 4060 Ti,12th Gen Intel(R) Core(TM) i7-12700,WINDOWED,D3D12,0,20336,0x0000000063F0AD60,0,0,Composed: Flip,0,4535.323831,16.683,16.719,0.144,1.987,23.291,0.119,NA,2775,9001,61,53,NA,NA,NA,NA,NA,NA,0.591,0.856,0.591,69,101,101,NA,4348,15, 42,43.106, 65,35,0,23,0,16,0,12,0,75,0,88,0,4,0,0,0,15,12,9,10,NA,NA,NA,NA,NA,NA,NA,NA,NA,NA,NA,NA,NA,NA,NA,NA,NA,NA,NA,NA,NA,NA,NA,NA,NA,NA,NA,NA,NA,NA,NA,NA,NA,NA,NA,NA,NA,NA,NA,NA,NA,NA,NA,NA,NA,NA,NA,NA
ImmortalsOfAveum-Win64-Shipping.exe,NVIDIA GeForce RTX 4060 Ti,12th Gen Intel(R) Core(TM) i7-12700,WINDOWED,D3D12,0,20336,0x0000000063F0AD60,0,0,Composed: Flip,0,4535.341229,17.397,16.628,0.130,0.809,22.522,0.046,NA,2775,9001,61,53,NA,NA,NA,NA,NA,NA,0.567,0.821,0.567,69,101,101,NA,4348,15, 42,43.106, 65,35,0,23,0,16,0,12,0,75,0,88,0,4,0,0,0,15,12,9,10,NA,NA,NA,NA,NA,NA,NA,NA,NA,NA,NA,NA,NA,NA,NA,NA,NA,NA,NA,NA,NA,NA,NA,NA,NA,NA,NA,NA,NA,NA,NA,NA,NA,NA,NA,NA,NA,NA,NA,NA,NA,NA,NA,NA,NA,NA,NA,NA
ImmortalsOfAveum-Win64-Shipping.exe,NVIDIA GeForce RTX 4060 Ti,12th Gen Intel(R) Core(TM) i7-12700,WINDOWED,D3D12,0,20336,0x0000000063F0AD60,0,0,Composed: Flip,0,4535.358214,16.986,16.743,0.190,1.764,22.280,0.104,NA,2775,9001,61,53,NA,NA,NA,NA,NA,NA,0.581,0.841,0.581,69,101,101,NA,4348,15, 42,43.106, 65,35,0,23,0,16,0,12,0,75,0,88,0,4,0,0,0,15,12,9,10,NA,NA,NA,NA,NA,NA,NA,NA,NA,NA,NA,NA,NA,NA,NA,NA,NA,NA,NA,NA,NA,NA,NA,NA,NA,NA,NA,NA,NA,NA,NA,NA,NA,NA,NA,NA,NA,NA,NA,NA,NA,NA,NA,NA,NA,NA,NA,NA
ImmortalsOfAveum-Win64-Shipping.exe,NVIDIA GeForce RTX 4060 Ti,12th Gen Intel(R) Core(TM) i7-12700,WINDOWED,D3D12,0,20336,0x0000000063F0AD60,0,0,Composed: Flip,0,4535.373688,15.474,16.577,0.145,0.384,23.383,0.025,NA,2775,9001,61,53,NA,NA,NA,NA,NA,NA,0.638,0.923,0.638,69,101,101,NA,4348,15, 42,43.106, 65,35,0,23,0,16,0,12,0,75,0,88,0,4,0,0,0,15,12,9,10,NA,NA,NA,NA,NA,NA,NA,NA,NA,NA,NA,NA,NA,NA,NA,NA,NA,NA,NA,NA,NA,NA,NA,NA,NA,NA,NA,NA,NA,NA,NA,NA,NA,NA,NA,NA,NA,NA,NA,NA,NA,NA,NA,NA,NA,NA,NA,NA
ImmortalsOfAveum-Win64-Shipping.exe,NVIDIA GeForce RTX 4060 Ti,12th Gen Intel(R) Core(TM) i7-12700,WINDOWED,D3D12,0,20336,0x0000000063F0AD60,0,0,Composed: Flip,0,4535.390610,16.923,16.713,0.191,2.285,23.174,0.135,NA,2775,9001,61,53,NA,NA,NA,NA,NA,NA,0.583,0.844,0.583,69,101,101,NA,4348,15, 42,43.106, 65,35,0,23,0,16,0,12,0,75,0,88,0,4,0,0,0,15,12,9,10,NA,NA,NA,NA,NA,NA,NA,NA,NA,NA,NA,NA,NA,NA,NA,NA,NA,NA,NA,NA,NA,NA,NA,NA,NA,NA,NA,NA,NA,NA,NA,NA,NA,NA,NA,NA,NA,NA,NA,NA,NA,NA,NA,NA,NA,NA,NA,NA
ImmortalsOfAveum-Win64-Shipping.exe,NVIDIA GeForce RTX 4060 Ti,12th Gen Intel(R) Core(TM) i7-12700,WINDOWED,D3D12,0,20336,0x0000000063F0AD60,0,0,Composed: Flip,0,4535.408339,17.728,16.629,0.154,0.530,22.075,0.030,NA,2775,9001,61,53,NA,NA,NA,NA,NA,NA,0.556,0.806,0.556,69,101,101,NA,4348,15, 41,42.349, 65,35,0,23,0,16,0,12,0,75,0,88,0,4,0,0,0,15,12,9,10,NA,NA,NA,NA,NA,NA,NA,NA,NA,NA,NA,NA,NA,NA,NA,NA,NA,NA,NA,NA,NA,NA,NA,NA,NA,NA,NA,NA,NA,NA,NA,NA,NA,NA,NA,NA,NA,NA,NA,NA,NA,NA,NA,NA,NA,NA,NA,NA
ImmortalsOfAveum-Win64-Shipping.exe,NVIDIA GeForce RTX 4060 Ti,12th Gen Intel(R) Core(TM) i7-12700,WINDOWED,D3D12,0,20336,0x0000000063F0AD60,0,0,Composed: Flip,0,4535.425400,17.061,16.706,0.211,1.584,21.720,0.093,NA,2775,9001,61,53,NA,NA,NA,NA,NA,NA,0.578,0.837,0.578,69,101,101,NA,4348,15, 41,42.349, 65,35,0,23,0,16,0,12,0,75,0,88,0,4,0,0,0,15,12,9,10,NA,NA,NA,NA,NA,NA,NA,NA,NA,NA,NA,NA,NA,NA,NA,NA,NA,NA,NA,NA,NA,NA,NA,NA,NA,NA,NA,NA,NA,NA,NA,NA,NA,NA,NA,NA,NA,NA,NA,NA,NA,NA,NA,NA,NA,NA,NA,NA
ImmortalsOfAveum-Win64-Shipping.exe,NVIDIA GeForce RTX 4060 Ti,12th Gen Intel(R) Core(TM) i7-12700,WINDOWED,D3D12,0,20336,0x0000000063F0AD60,0,0,Composed: Flip,0,4535.440708,15.308,16.647,0.137,0.360,23.058,0.023,NA,2775,9001,61,53,NA,NA,NA,NA,NA,NA,0.644,0.933,0.644,69,101,101,NA,4348,15, 41,42.349, 65,35,0,23,0,16,0,12,0,75,0,88,0,4,0,0,0,15,12,9,10,NA,NA,NA,NA,NA,NA,NA,NA,NA,NA,NA,NA,NA,NA,NA,NA,NA,NA,NA,NA,NA,NA,NA,NA,NA,NA,NA,NA,NA,NA,NA,NA,NA,NA,NA,NA,NA,NA,NA,NA,NA,NA,NA,NA,NA,NA,NA,NA
ImmortalsOfAveum-Win64-Shipping.exe,NVIDIA GeForce RTX 4060 Ti,12th Gen Intel(R) Core(TM) i7-12700,WINDOWED,D3D12,0,20336,0x0000000063F0AD60,0,0,Composed: Flip,0,4535.457724,17.015,16.722,0.213,2.176,22.765,0.128,NA,2775,9001,61,53,NA,NA,NA,NA,NA,NA,0.580,0.840,0.580,69,101,101,NA,4348,15, 41,42.349, 65,35,0,23,0,16,0,12,0,75,0,88,0,4,0,0,0,15,12,9,10,NA,NA,NA,NA,NA,NA,NA,NA,NA,NA,NA,NA,NA,NA,NA,NA,NA,NA,NA,NA,NA,NA,NA,NA,NA,NA,NA,NA,NA,NA,NA,NA,NA,NA,NA,NA,NA,NA,NA,NA,NA,NA,NA,NA,NA,NA,NA,NA
ImmortalsOfAveum-Win64-Shipping.exe,NVIDIA GeForce RTX 4060 Ti,12th Gen Intel(R) Core(TM) i7-12700,WINDOWED,D3D12,0,20336,0x0000000063F0AD60,0,0,Composed: Flip,0,4535.475312,17.588,16.585,0.175,0.460,21.762,0.026,NA,2775,9001,61,53,NA,NA,NA,NA,NA,NA,0.561,0.812,0.561,69,101,101,NA,4348,15, 41,42.349, 65,35,0,23,0,16,0,12,0,75,0,88,0,4,0,0,0,15,12,9,10,NA,NA,NA,NA,NA,NA,NA,NA,NA,NA,NA,NA,NA,NA,NA,NA,NA,NA,NA,NA,NA,NA,NA,NA,NA,NA,NA,NA,NA,NA,NA,NA,NA,NA,NA,NA,NA,NA,NA,NA,NA,NA,NA,NA,NA,NA,NA,NA
ImmortalsOfAveum-Win64-Shipping.exe,NVIDIA GeForce RTX 4060 Ti,12th Gen Intel(R) Core(TM) i7-12700,WINDOWED,D3D12,0,20336,0x0000000063F0AD60,0,0,Composed: Flip,0,4535.492258,16.946,16.721,0.205,2.213,21.537,0.131,NA,2775,9001,61,53,NA,NA,NA,NA,NA,NA,0.582,0.843,0.582,69,101,101,NA,4348,15, 41,42.349, 65,35,0,23,0,16,0,12,0,75,0,88,0,4,0,0,0,15,12,9,10,NA,NA,NA,NA,NA,NA,NA,NA,NA,NA,NA,NA,NA,NA,NA,NA,NA,NA,NA,NA,NA,NA,NA,NA,NA,NA,NA,NA,NA,NA,NA,NA,NA,NA,NA,NA,NA,NA,NA,NA,NA,NA,NA,NA,NA,NA,NA,NA
ImmortalsOfAveum-Win64-Shipping.exe,NVIDIA GeForce RTX 4060 Ti,12th Gen Intel(R) Core(TM) i7-12700,WINDOWED,D3D12,0,20336,0x0000000063F0AD60,0,0,Composed: Flip,0,4535.507672,15.414,16.599,0.135,0.529,22.721,0.034,NA,2775,9001,61,53,NA,NA,NA,NA,NA,NA,0.640,0.927,0.640,69,101,101,NA,4348,15, 41,42.349, 65,35,0,23,0,16,0,12,0,75,0,88,0,4,0,0,0,15,12,9,10,NA,NA,NA,NA,NA,NA,NA,NA,NA,NA,NA,NA,NA,NA,NA,NA,NA,NA,NA,NA,NA,NA,NA,NA,NA,NA,NA,NA,NA,NA,NA,NA,NA,NA,NA,NA,NA,NA,NA,NA,NA,NA,NA,NA,NA,NA,NA,NA
ImmortalsOfAveum-Win64-Shipping.exe,NVIDIA GeForce RTX 4060 Ti,12th Gen Intel(R) Core(TM) i7-12700,WINDOWED,D3D12,0,20336,0x0000000063F0AD60,0,0,Composed: Flip,0,4535.524682,17.011,16.778,0.186,1.809,22.489,0.106,NA,2775,9001,61,53,NA,NA,NA,NA,NA,NA,0.580,0.840,0.580,69,101,101,NA,4348,15, 41,42.349, 65,35,0,23,0,16,0,12,0,75,0,88,0,4,0,0,0,15,12,9,10,NA,NA,NA,NA,NA,NA,NA,NA,NA,NA,NA,NA,NA,NA,NA,NA,NA,NA,NA,NA,NA,NA,NA,NA,NA,NA,NA,NA,NA,NA,NA,NA,NA,NA,NA,NA,NA,NA,NA,NA,NA,NA,NA,NA,NA,NA,NA,NA
ImmortalsOfAveum-Win64-Shipping.exe,NVIDIA GeForce RTX 4060 Ti,12th Gen Intel(R) Core(TM) i7-12700,WINDOWED,D3D12,0,20336,0x0000000063F0AD60,0,0,Composed: Flip,0,4535.540195,15.512,16.559,0.125,0.395,23.536,0.025,NA,2775,9001,61,53,NA,NA,NA,NA,NA,NA,0.636,0.921,0.636,69,101,101,NA,4348,15, 41,42.349, 65,35,0,23,0,16,0,12,0,75,0,88,0,4,0,0,0,15,12,9,10,NA,NA,NA,NA,NA,NA,NA,NA,NA,NA,NA,NA,NA,NA,NA,NA,NA,NA,NA,NA,NA,NA,NA,NA,NA,NA,NA,NA,NA,NA,NA,NA,NA,NA,NA,NA,NA,NA,NA,NA,NA,NA,NA,NA,NA,NA,NA,NA
ImmortalsOfAveum-Win64-Shipping.exe,NVIDIA GeForce RTX 4060 Ti,12th Gen Intel(R) Core(TM) i7-12700,WINDOWED,D3D12,0,20336,0x0000000063F0AD60,0,0,Composed: Flip,0,4535.556622,16.427,16.739,0.181,2.082,23.848,0.127,NA,2775,9001,61,53,NA,NA,NA,NA,NA,NA,0.601,0.870,0.601,69,101,101,NA,4348,15, 41,42.349, 65,35,0,23,0,16,0,12,0,75,0,88,0,4,0,0,0,15,12,9,10,NA,NA,NA,NA,NA,NA,NA,NA,NA,NA,NA,NA,NA,NA,NA,NA,NA,NA,NA,NA,NA,NA,NA,NA,NA,NA,NA,NA,NA,NA,NA,NA,NA,NA,NA,NA,NA,NA,NA,NA,NA,NA,NA,NA,NA,NA,NA,NA
ImmortalsOfAveum-Win64-Shipping.exe,NVIDIA GeForce RTX 4060 Ti,12th Gen Intel(R) Core(TM) i7-12700,WINDOWED,D3D12,0,20336,0x0000000063F0AD60,0,0,Composed: Flip,0,4535.574151,17.529,16.587,0.140,0.539,22.905,0.031,NA,2775,9001,61,53,NA,NA,NA,NA,NA,NA,0.563,0.815,0.563,69,101,101,NA,4348,15, 41,42.349, 65,35,0,23,0,16,0,12,0,75,0,88,0,4,0,0,0,15,12,9,10,NA,NA,NA,NA,NA,NA,NA,NA,NA,NA,NA,NA,NA,NA,NA,NA,NA,NA,NA,NA,NA,NA,NA,NA,NA,NA,NA,NA,NA,NA,NA,NA,NA,NA,NA,NA,NA,NA,NA,NA,NA,NA,NA,NA,NA,NA,NA,NA
ImmortalsOfAveum-Win64-Shipping.exe,NVIDIA GeForce RTX 4060 Ti,12th Gen Intel(R) Core(TM) i7-12700,WINDOWED,D3D12,0,20336,0x0000000063F0AD60,0,0,Composed: Flip,0,4535.591045,16.894,16.864,0.179,2.100,22.875,0.124,NA,2775,9001,61,53,NA,NA,NA,NA,NA,NA,0.584,0.846,0.584,69,101,101,NA,4348,15, 41,42.349, 65,35,0,23,0,16,0,12,0,75,0,88,0,4,0,0,0,15,12,9,10,NA,NA,NA,NA,NA,NA,NA,NA,NA,NA,NA,NA,NA,NA,NA,NA,NA,NA,NA,NA,NA,NA,NA,NA,NA,NA,NA,NA,NA,NA,NA,NA,NA,NA,NA,NA,NA,NA,NA,NA,NA,NA,NA,NA,NA,NA,NA,NA
ImmortalsOfAveum-Win64-Shipping.exe,NVIDIA GeForce RTX 4060 Ti,12th Gen Intel(R) Core(TM) i7-12700,WINDOWED,D3D12,0,20336,0x0000000063F0AD60,0,0,Composed: Flip,0,4535.607387,16.341,16.470,0.123,0.522,23.004,0.032,NA,2775,9001,61,53,NA,NA,NA,NA,NA,NA,0.604,0.874,0.604,69,101,101,NA,4348,15, 41,45.627, 65,35,0,23,0,16,0,12,0,75,0,88,0,4,0,0,0,15,12,9,10,NA,NA,NA,NA,NA,NA,NA,NA,NA,NA,NA,NA,NA,NA,NA,NA,NA,NA,NA,NA,NA,NA,NA,NA,NA,NA,NA,NA,NA,NA,NA,NA,NA,NA,NA,NA,NA,NA,NA,NA,NA,NA,NA,NA,NA,NA,NA,NA
ImmortalsOfAveum-Win64-Shipping.exe,NVIDIA GeForce RTX 4060 Ti,12th Gen Intel(R) Core(TM) i7-12700,WINDOWED,D3D12,0,20336,0x0000000063F0AD60,0,0,Composed: Flip,0,4535.624449,17.062,16.735,0.190,1.620,22.677,0.095,NA,2775,9001,61,53,NA,NA,NA,NA,NA,NA,0.578,0.837,0.578,69,101,101,NA,4348,15, 41,45.627, 65,35,0,23,0,16,0,12,0,75,0,88,0,4,0,0,0,15,12,9,10,NA,NA,NA,NA,NA,NA,NA,NA,NA,NA,NA,NA,NA,NA,NA,NA,NA,NA,NA,NA,NA,NA,NA,NA,NA,NA,NA,NA,NA,NA,NA,NA,NA,NA,NA,NA,NA,NA,NA,NA,NA,NA,NA,NA,NA,NA,NA,NA
ImmortalsOfAveum-Win64-Shipping.exe,NVIDIA GeForce RTX 4060 Ti,12th Gen Intel(R) Core(TM) i7-12700,WINDOWED,D3D12,0,20336,0x0000000063F0AD60,0,0,Composed: Flip,0,4535.641424,16.975,16.615,0.144,0.520,22.316,0.031,NA,2775,9001,61,53,NA,NA,NA,NA,NA,NA,0.581,0.842,0.581,69,101,101,NA,4348,15, 41,45.627, 65,35,0,23,0,16,0,12,0,75,0,88,0,4,0,0,0,15,12,9,10,NA,NA,NA,NA,NA,NA,NA,NA,NA,NA,NA,NA,NA,NA,NA,NA,NA,NA,NA,NA,NA,NA,NA,NA,NA,NA,NA,NA,NA,NA,NA,NA,NA,NA,NA,NA,NA,NA,NA,NA,NA,NA,NA,NA,NA,NA,NA,NA
ImmortalsOfAveum-Win64-Shipping.exe,NVIDIA GeForce RTX 4060 Ti,12th Gen Intel(R) Core(TM) i7-12700,WINDOWED,D3D12,0,20336,0x0000000063F0AD60,0,0,Composed: Flip,0,4535.658414,16.990,16.700,0.204,1.629,22.027,0.096,NA,2775,9001,61,53,NA,NA,NA,NA,NA,NA,0.581,0.841,0.581,69,101,101,NA,4348,15, 41,45.627, 65,35,0,23,0,16,0,12,0,75,0,88,0,4,0,0,0,15,12,9,10,NA,NA,NA,NA,NA,NA,NA,NA,NA,NA,NA,NA,NA,NA,NA,NA,NA,NA,NA,NA,NA,NA,NA,NA,NA,NA,NA,NA,NA,NA,NA,NA,NA,NA,NA,NA,NA,NA,NA,NA,NA,NA,NA,NA,NA,NA,NA,NA
ImmortalsOfAveum-Win64-Shipping.exe,NVIDIA GeForce RTX 4060 Ti,12th Gen Intel(R) Core(TM) i7-12700,WINDOWED,D3D12,0,20336,0x0000000063F0AD60,0,0,Composed: Flip,0,4535.673747,15.333,16.639,0.132,0.362,23.333,0.024,NA,2775,9001,61,53,NA,NA,NA,NA,NA,NA,0.643,0.932,0.643,69,101,101,NA,4348,15, 41,45.627, 65,35,0,23,0,16,0,12,0,75,0,88,0,4,0,0,0,15,12,9,10,NA,NA,NA,NA,NA,NA,NA,NA,NA,NA,NA,NA,NA,NA,NA,NA,NA,NA,NA,NA,NA,NA,NA,NA,NA,NA,NA,NA,NA,NA,NA,NA,NA,NA,NA,NA,NA,NA,NA,NA,NA,NA,NA,NA,NA,NA,NA,NA
ImmortalsOfAveum-Win64-Shipping.exe,NVIDIA GeForce RTX 4060 Ti,12th Gen Intel(R) Core(TM) i7-12700,WINDOWED,D3D12,0,20336,0x0000000063F0AD60,0,0,Composed: Flip,0,4535.690468,16.721,16.744,0.142,1.658,23.355,0.099,NA,2775,9001,61,53,NA,NA,NA,NA,NA,NA,0.590,0.855,0.590,69,101,101,NA,4348,15, 41,45.627, 65,35,0,23,0,16,0,12,0,75,0,88,0,4,0,0,0,15,12,9,10,NA,NA,NA,NA,NA,NA,NA,NA,NA,NA,NA,NA,NA,NA,NA,NA,NA,NA,NA,NA,NA,NA,NA,NA,NA,NA,NA,NA,NA,NA,NA,NA,NA,NA,NA,NA,NA,NA,NA,NA,NA,NA,NA,NA,NA,NA,NA,NA
ImmortalsOfAveum-Win64-Shipping.exe,NVIDIA GeForce RTX 4060 Ti,12th Gen Intel(R) Core(TM) i7-12700,WINDOWED,D3D12,0,20336,0x0000000063F0AD60,0,0,Composed: Flip,0,4535.707516,17.048,16.580,0.144,0.513,22.887,0.030,NA,2775,9001,61,53,NA,NA,NA,NA,NA,NA,0.579,0.838,0.579,69,101,101,NA,4348,15, 41,45.627, 65,35,0,23,0,16,0,12,0,75,0,88,0,4,0,0,0,15,12,9,10,NA,NA,NA,NA,NA,NA,NA,NA,NA,NA,NA,NA,NA,NA,NA,NA,NA,NA,NA,NA,NA,NA,NA,NA,NA,NA,NA,NA,NA,NA,NA,NA,NA,NA,NA,NA,NA,NA,NA,NA,NA,NA,NA,NA,NA,NA,NA,NA
ImmortalsOfAveum-Win64-Shipping.exe,NVIDIA GeForce RTX 4060 Ti,12th Gen Intel(R) Core(TM) i7-12700,WINDOWED,D3D12,0,20336,0x0000000063F0AD60,0,0,Composed: Flip,0,4535.724305,16.789,16.702,0.182,2.155,22.800,0.128,NA,2775,9001,61,53,NA,NA,NA,NA,NA,NA,0.588,0.851,0.588,69,101,101,NA,4348,15, 41,45.627, 65,35,0,23,0,16,0,12,0,75,0,88,0,4,0,0,0,15,12,9,10,NA,NA,NA,NA,NA,NA,NA,NA,NA,NA,NA,NA,NA,NA,NA,NA,NA,NA,NA,NA,NA,NA,NA,NA,NA,NA,NA,NA,NA,NA,NA,NA,NA,NA,NA,NA,NA,NA,NA,NA,NA,NA,NA,NA,NA,NA,NA,NA
ImmortalsOfAveum-Win64-Shipping.exe,NVIDIA GeForce RTX 4060 Ti,12th Gen Intel(R) Core(TM) i7-12700,WINDOWED,D3D12,0,20336,0x0000000063F0AD60,0,0,Composed: Flip,0,4535.740773,16.468,16.620,0.146,0.501,22.952,0.030,NA,2775,9001,61,53,NA,NA,NA,NA,NA,NA,0.599,0.868,0.599,69,101,101,NA,4348,15, 41,45.627, 65,35,0,23,0,16,0,12,0,75,0,88,0,4,0,0,0,15,12,9,10,NA,NA,NA,NA,NA,NA,NA,NA,NA,NA,NA,NA,NA,NA,NA,NA,NA,NA,NA,NA,NA,NA,NA,NA,NA,NA,NA,NA,NA,NA,NA,NA,NA,NA,NA,NA,NA,NA,NA,NA,NA,NA,NA,NA,NA,NA,NA,NA
ImmortalsOfAveum-Win64-Shipping.exe,NVIDIA GeForce RTX 4060 Ti,12th Gen Intel(R) Core(TM) i7-12700,WINDOWED,D3D12,0,20336,0x0000000063F0AD60,0,0,Composed: Flip,0,4535.757775,17.002,16.717,0.201,2.240,22.667,0.132,NA,2775,9001,61,53,NA,NA,NA,NA,NA,NA,0.580,0.840,0.580,69,101,101,NA,4348,15, 41,45.627, 65,35,0,23,0,16,0,12,0,75,0,88,0,4,0,0,0,15,12,9,10,NA,NA,NA,NA,NA,NA,NA,NA,NA,NA,NA,NA,NA,NA,NA,NA,NA,NA,NA,NA,NA,NA,NA,NA,NA,NA,NA,NA,NA,NA,NA,NA,NA,NA,NA,NA,NA,NA,NA,NA,NA,NA,NA,NA,NA,NA,NA,NA
ImmortalsOfAveum-Win64-Shipping.exe,NVIDIA GeForce RTX 4060 Ti,12th Gen Intel(R) Core(TM) i7-12700,WINDOWED,D3D12,0,20336,0x0000000063F0AD60,0,0,Composed: Flip,0,4535.774213,16.437,16.617,0.134,0.545,22.846,0.033,NA,2775,9001,61,53,NA,NA,NA,NA,NA,NA,0.600,0.869,0.600,69,101,101,NA,4348,15, 41,45.627, 65,35,0,23,0,16,0,12,0,75,0,88,0,4,0,0,0,15,12,9,10,NA,NA,NA,NA,NA,NA,NA,NA,NA,NA,NA,NA,NA,NA,NA,NA,NA,NA,NA,NA,NA,NA,NA,NA,NA,NA,NA,NA,NA,NA,NA,NA,NA,NA,NA,NA,NA,NA,NA,NA,NA,NA,NA,NA,NA,NA,NA,NA
ImmortalsOfAveum-Win64-Shipping.exe,NVIDIA GeForce RTX 4060 Ti,12th Gen Intel(R) Core(TM) i7-12700,WINDOWED,D3D12,0,20336,0x0000000063F0AD60,0,0,Composed: Flip,0,4535.791082,16.870,16.799,0.190,2.026,22.776,0.120,NA,2775,9001,61,53,NA,NA,NA,NA,NA,NA,0.585,0.847,0.585,69,101,101,NA,4348,15, 41,45.627, 65,35,0,23,0,16,0,12,0,75,0,88,0,4,0,0,0,15,12,9,10,NA,NA,NA,NA,NA,NA,NA,NA,NA,NA,NA,NA,NA,NA,NA,NA,NA,NA,NA,NA,NA,NA,NA,NA,NA,NA,NA,NA,NA,NA,NA,NA,NA,NA,NA,NA,NA,NA,NA,NA,NA,NA,NA,NA,NA,NA,NA,NA
ImmortalsOfAveum-Win64-Shipping.exe,NVIDIA GeForce RTX 4060 Ti,12th Gen Intel(R) Core(TM) i7-12700,WINDOWED,D3D12,0,20336,0x0000000063F0AD60,0,0,Composed: Flip,0,4535.806910,15.828,16.532,0.142,0.386,23.480,0.024,NA,2775,9001,61,53,NA,NA,NA,NA,NA,NA,0.623,0.903,0.623,69,101,101,NA,4348,15, 41,44.158, 65,35,0,23,0,16,0,12,0,75,0,88,0,4,0,0,0,15,12,9,10,NA,NA,NA,NA,NA,NA,NA,NA,NA,NA,NA,NA,NA,NA,NA,NA,NA,NA,NA,NA,NA,NA,NA,NA,NA,NA,NA,NA,NA,NA,NA,NA,NA,NA,NA,NA,NA,NA,NA,NA,NA,NA,NA,NA,NA,NA,NA,NA
ImmortalsOfAveum-Win64-Shipping.exe,NVIDIA GeForce RTX 4060 Ti,12th Gen Intel(R) Core(TM) i7-12700,WINDOWED,D3D12,0,20336,0x0000000063F0AD60,0,0,Composed: Flip,0,4535.823629,16.719,16.752,0.210,1.804,23.513,0.108,NA,2775,9001,71,54,NA,NA,NA,NA,NA,NA,0.547,0.797,0.547,75,109,109,NA,4372,15, 41,44.158, 65,37,1,25,1,19,1,4,1,74,1,82,1,3,1,1,1,19,14,12,12,NA,NA,NA,NA,NA,NA,NA,NA,NA,NA,NA,NA,NA,NA,NA,NA,NA,NA,NA,NA,NA,NA,NA,NA,NA,NA,NA,NA,NA,NA,NA,NA,NA,NA,NA,NA,NA,NA,NA,NA,NA,NA,NA,NA,NA,NA,NA,NA
ImmortalsOfAveum-Win64-Shipping.exe,NVIDIA GeForce RTX 4060 Ti,12th Gen Intel(R) Core(TM) i7-12700,WINDOWED,D3D12,0,20336,0x0000000063F0AD60,0,0,Composed: Flip,0,4535.840210,16.581,16.579,0.137,0.366,23.511,0.022,NA,2775,9001,71,54,NA,NA,NA,NA,NA,NA,0.551,0.804,0.551,75,109,109,NA,4372,15, 41,44.158, 65,37,1,25,1,19,1,4,1,74,1,82,1,3,1,1,1,19,14,12,12,NA,NA,NA,NA,NA,NA,NA,NA,NA,NA,NA,NA,NA,NA,NA,NA,NA,NA,NA,NA,NA,NA,NA,NA,NA,NA,NA,NA,NA,NA,NA,NA,NA,NA,NA,NA,NA,NA,NA,NA,NA,NA,NA,NA,NA,NA,NA,NA
ImmortalsOfAveum-Win64-Shipping.exe,NVIDIA GeForce RTX 4060 Ti,12th Gen Intel(R) Core(TM) i7-12700,WINDOWED,D3D12,0,20336,0x0000000063F0AD60,0,0,Composed: Flip,0,4535.856964,16.754,16.785,0.178,2.182,23.542,0.130,NA,2775,9001,71,54,NA,NA,NA,NA,NA,NA,0.545,0.795,0.545,75,109,109,NA,4372,15, 41,44.158, 65,37,1,25,1,19,1,4,1,74,1,82,1,3,1,1,1,19,14,12,12,NA,NA,NA,NA,NA,NA,NA,NA,NA,NA,NA,NA,NA,NA,NA,NA,NA,NA,NA,NA,NA,NA,NA,NA,NA,NA,NA,NA,NA,NA,NA,NA,NA,NA,NA,NA,NA,NA,NA,NA,NA,NA,NA,NA,NA,NA,NA,NA
ImmortalsOfAveum-Win64-Shipping.exe,NVIDIA GeForce RTX 4060 Ti,12th Gen Intel(R) Core(TM) i7-12700,WINDOWED,D3D12,0,20336,0x0000000063F0AD60,0,0,Composed: Flip,0,4535.874026,17.062,16.602,0.131,0.378,23.081,0.022,NA,2775,9001,71,54,NA,NA,NA,NA,NA,NA,0.536,0.781,0.536,75,109,109,NA,4372,15, 41,44.158, 65,37,1,25,1,19,1,4,1,74,1,82,1,3,1,1,1,19,14,12,12,NA,NA,NA,NA,NA,NA,NA,NA,NA,NA,NA,NA,NA,NA,NA,NA,NA,NA,NA,NA,NA,NA,NA,NA,NA,NA,NA,NA,NA,NA,NA,NA,NA,NA,NA,NA,NA,NA,NA,NA,NA,NA,NA,NA,NA,NA,NA,NA
ImmortalsOfAveum-Win64-Shipping.exe,NVIDIA GeForce RTX 4060 Ti,12th Gen Intel(R) Core(TM) i7-12700,WINDOWED,D3D12,0,20336,0x0000000063F0AD60,0,0,Composed: Flip,0,4535.891175,17.148,16.672,0.213,1.504,22.605,0.088,NA,2775,9001,71,54,NA,NA,NA,NA,NA,NA,0.533,0.777,0.533,75,109,109,NA,4372,15, 41,44.158, 65,37,1,25,1,19,1,4,1,74,1,82,1,3,1,1,1,19,14,12,12,NA,NA,NA,NA,NA,NA,NA,NA,NA,NA,NA,NA,NA,NA,NA,NA,NA,NA,NA,NA,NA,NA,NA,NA,NA,NA,NA,NA,NA,NA,NA,NA,NA,NA,NA,NA,NA,NA,NA,NA,NA,NA,NA,NA,NA,NA,NA,NA
ImmortalsOfAveum-Win64-Shipping.exe,NVIDIA GeForce RTX 4060 Ti,12th Gen Intel(R) Core(TM) i7-12700,WINDOWED,D3D12,0,20336,0x0000000063F0AD60,0,0,Composed: Flip,0,4535.907580,16.405,16.612,0.147,0.346,22.812,0.021,NA,2775,9001,71,54,NA,NA,NA,NA,NA,NA,0.557,0.812,0.557,75,109,109,NA,4372,15, 41,44.158, 65,37,1,25,1,19,1,4,1,74,1,82,1,3,1,1,1,19,14,12,12,NA,NA,NA,NA,NA,NA,NA,NA,NA,NA,NA,NA,NA,NA,NA,NA,NA,NA,NA,NA,NA,NA,NA,NA,NA,NA,NA,NA,NA,NA,NA,NA,NA,NA,NA,NA,NA,NA,NA,NA,NA,NA,NA,NA,NA,NA,NA,NA
ImmortalsOfAveum-Win64-Shipping.exe,NVIDIA GeForce RTX 4060 Ti,12th Gen Intel(R) Core(TM) i7-12700,WINDOWED,D3D12,0,20336,0x0000000063F0AD60,0,0,Composed: Flip,0,4535.924770,17.191,16.773,0.180,1.531,22.395,0.089,NA,2775,9001,71,54,NA,NA,NA,NA,NA,NA,0.532,0.775,0.532,75,109,109,NA,4372,15, 41,44.158, 65,37,1,25,1,19,1,4,1,74,1,82,1,3,1,1,1,19,14,12,12,NA,NA,NA,NA,NA,NA,NA,NA,NA,NA,NA,NA,NA,NA,NA,NA,NA,NA,NA,NA,NA,NA,NA,NA,NA,NA,NA,NA,NA,NA,NA,NA,NA,NA,NA,NA,NA,NA,NA,NA,NA,NA,NA,NA,NA,NA,NA,NA
ImmortalsOfAveum-Win64-Shipping.exe,NVIDIA GeForce RTX 4060 Ti,12th Gen Intel(R) Core(TM) i7-12700,WINDOWED,D3D12,0,20336,0x0000000063F0AD60,0,0,Composed: Flip,0,4535.940626,15.856,16.570,0.133,0.518,23.108,0.033,NA,2775,9001,71,54,NA,NA,NA,NA,NA,NA,0.576,0.840,0.576,75,109,109,NA,4372,15, 41,44.158, 65,37,1,25,1,19,1,4,1,74,1,82,1,3,1,1,1,19,14,12,12,NA,NA,NA,NA,NA,NA,NA,NA,NA,NA,NA,NA,NA,NA,NA,NA,NA,NA,NA,NA,NA,NA,NA,NA,NA,NA,NA,NA,NA,NA,NA,NA,NA,NA,NA,NA,NA,NA,NA,NA,NA,NA,NA,NA,NA,NA,NA,NA
ImmortalsOfAveum-Win64-Shipping.exe,NVIDIA GeForce RTX 4060 Ti,12th Gen Intel(R) Core(TM) i7-12700,WINDOWED,D3D12,0,20336,0x0000000063F0AD60,0,0,Composed: Flip,0,4535.957638,17.011,16.703,0.250,1.528,22.800,0.090,NA,2775,9001,71,54,NA,NA,NA,NA,NA,NA,0.537,0.783,0.537,75,109,109,NA,4372,15, 41,44.158, 65,37,1,25,1,19,1,4,1,74,1,82,1,3,1,1,1,19,14,12,12,NA,NA,NA,NA,NA,NA,NA,NA,NA,NA,NA,NA,NA,NA,NA,NA,NA,NA,NA,NA,NA,NA,NA,NA,NA,NA,NA,NA,NA,NA,NA,NA,NA,NA,NA,NA,NA,NA,NA,NA,NA,NA,NA,NA,NA,NA,NA,NA
ImmortalsOfAveum-Win64-Shipping.exe,NVIDIA GeForce RTX 4060 Ti,12th Gen Intel(R) Core(TM) i7-12700,WINDOWED,D3D12,0,20336,0x0000000063F0AD60,0,0,Composed: Flip,0,4535.975461,17.823,16.626,0.125,0.547,21.603,0.031,NA,2775,9001,71,54,NA,NA,NA,NA,NA,NA,0.513,0.748,0.513,75,109,109,NA,4372,15, 41,44.158, 65,37,1,25,1,19,1,4,1,74,1,82,1,3,1,1,1,19,14,12,12,NA,NA,NA,NA,NA,NA,NA,NA,NA,NA,NA,NA,NA,NA,NA,NA,NA,NA,NA,NA,NA,NA,NA,NA,NA,NA,NA,NA,NA,NA,NA,NA,NA,NA,NA,NA,NA,NA,NA,NA,NA,NA,NA,NA,NA,NA,NA,NA
ImmortalsOfAveum-Win64-Shipping.exe,NVIDIA GeForce RTX 4060 Ti,12th Gen Intel(R) Core(TM) i7-12700,WINDOWED,D3D12,0,20336,0x0000000063F0AD60,0,0,Composed: Flip,0,4535.992721,17.260,16.750,0.191,1.581,21.092,0.092,NA,2775,9001,71,54,NA,NA,NA,NA,NA,NA,0.529,0.772,0.529,75,109,109,NA,4372,15, 41,44.158, 65,37,1,25,1,19,1,4,1,74,1,82,1,3,1,1,1,19,14,12,12,NA,NA,NA,NA,NA,NA,NA,NA,NA,NA,NA,NA,NA,NA,NA,NA,NA,NA,NA,NA,NA,NA,NA,NA,NA,NA,NA,NA,NA,NA,NA,NA,NA,NA,NA,NA,NA,NA,NA,NA,NA,NA,NA,NA,NA,NA,NA,NA
ImmortalsOfAveum-Win64-Shipping.exe,NVIDIA GeForce RTX 4060 Ti,12th Gen Intel(R) Core(TM) i7-12700,WINDOWED,D3D12,0,20336,0x0000000063F0AD60,0,0,Composed: Flip,0,4536.007619,14.898,16.570,0.128,0.523,22.764,0.035,NA,2775,9001,71,54,NA,NA,NA,NA,NA,NA,0.613,0.894,0.613,75,109,109,NA,4372,15, 41,43.600, 65,37,1,25,1,19,1,4,1,74,1,82,1,3,1,1,1,19,14,12,12,NA,NA,NA,NA,NA,NA,NA,NA,NA,NA,NA,NA,NA,NA,NA,NA,NA,NA,NA,NA,NA,NA,NA,NA,NA,NA,NA,NA,NA,NA,NA,NA,NA,NA,NA,NA,NA,NA,NA,NA,NA,NA,NA,NA,NA,NA,NA,NA
ImmortalsOfAveum-Win64-Shipping.exe,NVIDIA GeForce RTX 4060 Ti,12th Gen Intel(R) Core(TM) i7-12700,WINDOWED,D3D12,0,20336,0x0000000063F0AD60,0,0,Composed: Flip,0,4536.024542,16.923,16.749,0.197,2.231,22.590,0.132,NA,2775,9001,71,54,NA,NA,NA,NA,NA,NA,0.540,0.787,0.540,75,109,109,NA,4372,15, 41,43.600, 65,37,1,25,1,19,1,4,1,74,1,82,1,3,1,1,1,19,14,12,12,NA,NA,NA,NA,NA,NA,NA,NA,NA,NA,NA,NA,NA,NA,NA,NA,NA,NA,NA,NA,NA,NA,NA,NA,NA,NA,NA,NA,NA,NA,NA,NA,NA,NA,NA,NA,NA,NA,NA,NA,NA,NA,NA,NA,NA,NA,NA,NA
ImmortalsOfAveum-Win64-Shipping.exe,NVIDIA GeForce RTX 4060 Ti,12th Gen Intel(R) Core(TM) i7-12700,WINDOWED,D3D12,0,20336,0x0000000063F0AD60,0,0,Composed: Flip,0,4536.040981,16.439,16.590,0.126,0.529,22.741,0.032,NA,2775,9001,71,54,NA,NA,NA,NA,NA,NA,0.556,0.811,0.556,75,109,109,NA,4372,15, 41,43.600, 65,37,1,25,1,19,1,4,1,74,1,82,1,3,1,1,1,19,14,12,12,NA,NA,NA,NA,NA,NA,NA,NA,NA,NA,NA,NA,NA,NA,NA,NA,NA,NA,NA,NA,NA,NA,NA,NA,NA,NA,NA,NA,NA,NA,NA,NA,NA,NA,NA,NA,NA,NA,NA,NA,NA,NA,NA,NA,NA,NA,NA,NA
ImmortalsOfAveum-Win64-Shipping.exe,NVIDIA GeForce RTX 4060 Ti,12th Gen Intel(R) Core(TM) i7-12700,WINDOWED,D3D12,0,20336,0x0000000063F0AD60,0,0,Composed: Flip,0,4536.057531,16.550,16.762,0.188,2.260,22.953,0.137,NA,2775,9001,71,54,NA,NA,NA,NA,NA,NA,0.552,0.805,0.552,75,109,109,NA,4372,15, 41,43.600, 65,37,1,25,1,19,1,4,1,74,1,82,1,3,1,1,1,19,14,12,12,NA,NA,NA,NA,NA,NA,NA,NA,NA,NA,NA,NA,NA,NA,NA,NA,NA,NA,NA,NA,NA,NA,NA,NA,NA,NA,NA,NA,NA,NA,NA,NA,NA,NA,NA,NA,NA,NA,NA,NA,NA,NA,NA,NA,NA,NA,NA,NA
ImmortalsOfAveum-Win64-Shipping.exe,NVIDIA GeForce RTX 4060 Ti,12th Gen Intel(R) Core(TM) i7-12700,WINDOWED,D3D12,0,20336,0x0000000063F0AD60,0,0,Composed: Flip,0,4536.073461,15.930,16.581,0.150,0.387,23.604,0.024,NA,2775,9001,71,54,NA,NA,NA,NA,NA,NA,0.574,0.837,0.574,75,109,109,NA,4372,15, 41,43.600, 65,37,1,25,1,19,1,4,1,74,1,82,1,3,1,1,1,19,14,12,12,NA,NA,NA,NA,NA,NA,NA,NA,NA,NA,NA,NA,NA,NA,NA,NA,NA,NA,NA,NA,NA,NA,NA,NA,NA,NA,NA,NA,NA,NA,NA,NA,NA,NA,NA,NA,NA,NA,NA,NA,NA,NA,NA,NA,NA,NA,NA,NA
ImmortalsOfAveum-Win64-Shipping.exe,NVIDIA GeForce RTX 4060 Ti,12th Gen Intel(R) Core(TM) i7-12700,WINDOWED,D3D12,0,20336,0x0000000063F0AD60,0,0,Composed: Flip,0,4536.090085,16.624,16.699,0.156,1.819,23.679,0.109,NA,2775,9001,71,54,NA,NA,NA,NA,NA,NA,0.550,0.802,0.550,75,109,109,NA,4372,15, 41,43.600, 65,37,1,25,1,19,1,4,1,74,1,82,1,3,1,1,1,19,14,12,12,NA,NA,NA,NA,NA,NA,NA,NA,NA,NA,NA,NA,NA,NA,NA,NA,NA,NA,NA,NA,NA,NA,NA,NA,NA,NA,NA,NA,NA,NA,NA,NA,NA,NA,NA,NA,NA,NA,NA,NA,NA,NA,NA,NA,NA,NA,NA,NA
ImmortalsOfAveum-Win64-Shipping.exe,NVIDIA GeForce RTX 4060 Ti,12th Gen Intel(R) Core(TM) i7-12700,WINDOWED,D3D12,0,20336,0x0000000063F0AD60,0,0,Composed: Flip,0,4536.108327,18.242,16.644,0.129,0.542,22.081,0.030,NA,2775,9001,71,54,NA,NA,NA,NA,NA,NA,0.501,0.731,0.501,75,109,109,NA,4372,15, 41,43.600, 65,37,1,25,1,19,1,4,1,74,1,82,1,3,1,1,1,19,14,12,12,NA,NA,NA,NA,NA,NA,NA,NA,NA,NA,NA,NA,NA,NA,NA,NA,NA,NA,NA,NA,NA,NA,NA,NA,NA,NA,NA,NA,NA,NA,NA,NA,NA,NA,NA,NA,NA,NA,NA,NA,NA,NA,NA,NA,NA,NA,NA,NA
ImmortalsOfAveum-Win64-Shipping.exe,NVIDIA GeForce RTX 4060 Ti,12th Gen Intel(R) Core(TM) i7-12700,WINDOWED,D3D12,0,20336,0x0000000063F0AD60,0,0,Composed: Flip,0,4536.125440,17.114,16.694,0.183,1.538,21.662,0.090,NA,2775,9001,71,54,NA,NA,NA,NA,NA,NA,0.534,0.779,0.534,75,109,109,NA,4372,15, 41,43.600, 65,37,1,25,1,19,1,4,1,74,1,82,1,3,1,1,1,19,14,12,12,NA,NA,NA,NA,NA,NA,NA,NA,NA,NA,NA,NA,NA,NA,NA,NA,NA,NA,NA,NA,NA,NA,NA,NA,NA,NA,NA,NA,NA,NA,NA,NA,NA,NA,NA,NA,NA,NA,NA,NA,NA,NA,NA,NA,NA,NA,NA,NA
ImmortalsOfAveum-Win64-Shipping.exe,NVIDIA GeForce RTX 4060 Ti,12th Gen Intel(R) Core(TM) i7-12700,WINDOWED,D3D12,0,20336,0x0000000063F0AD60,0,0,Composed: Flip,0,4536.140660,15.219,16.612,0.156,0.355,23.054,0.023,NA,2775,9001,71,54,NA,NA,NA,NA,NA,NA,0.600,0.876,0.600,75,109,109,NA,4372,15, 41,43.600, 65,37,1,25,1,19,1,4,1,74,1,82,1,3,1,1,1,19,14,12,12,NA,NA,NA,NA,NA,NA,NA,NA,NA,NA,NA,NA,NA,NA,NA,NA,NA,NA,NA,NA,NA,NA,NA,NA,NA,NA,NA,NA,NA,NA,NA,NA,NA,NA,NA,NA,NA,NA,NA,NA,NA,NA,NA,NA,NA,NA,NA,NA
ImmortalsOfAveum-Win64-Shipping.exe,NVIDIA GeForce RTX 4060 Ti,12th Gen Intel(R) Core(TM) i7-12700,WINDOWED,D3D12,0,20336,0x0000000063F0AD60,0,0,Composed: Flip,0,4536.157700,17.040,16.725,0.173,2.122,22.738,0.125,NA,2775,9001,71,54,NA,NA,NA,NA,NA,NA,0.536,0.782,0.536,75,109,109,NA,4372,15, 41,43.600, 65,37,1,25,1,19,1,4,1,74,1,82,1,3,1,1,1,19,14,12,12,NA,NA,NA,NA,NA,NA,NA,NA,NA,NA,NA,NA,NA,NA,NA,NA,NA,NA,NA,NA,NA,NA,NA,NA,NA,NA,NA,NA,NA,NA,NA,NA,NA,NA,NA,NA,NA,NA,NA,NA,NA,NA,NA,NA,NA,NA,NA,NA
ImmortalsOfAveum-Win64-Shipping.exe,NVIDIA GeForce RTX 4060 Ti,12th Gen Intel(R) Core(TM) i7-12700,WINDOWED,D3D12,0,20336,0x0000000063F0AD60,0,0,Composed: Flip,0,4536.174297,16.597,16.614,0.131,0.537,22.755,0.032,NA,2775,9001,71,54,NA,NA,NA,NA,NA,NA,0.551,0.803,0.551,75,109,109,NA,4372,15, 41,43.600, 65,37,1,25,1,19,1,4,1,74,1,82,1,3,1,1,1,19,14,12,12,NA,NA,NA,NA,NA,NA,NA,NA,NA,NA,NA,NA,NA,NA,NA,NA,NA,NA,NA,NA,NA,NA,NA,NA,NA,NA,NA,NA,NA,NA,NA,NA,NA,NA,NA,NA,NA,NA,NA,NA,NA,NA,NA,NA,NA,NA,NA,NA
ImmortalsOfAveum-Win64-Shipping.exe,NVIDIA GeForce RTX 4060 Ti,12th Gen Intel(R) Core(TM) i7-12700,WINDOWED,D3D12,0,20336,0x0000000063F0AD60,0,0,Composed: Flip,0,4536.191064,16.767,16.713,0.188,1.856,22.702,0.111,NA,2775,9001,71,54,NA,NA,NA,NA,NA,NA,0.545,0.795,0.545,75,109,109,NA,4372,15, 41,43.600, 65,37,1,25,1,19,1,4,1,74,1,82,1,3,1,1,1,19,14,12,12,NA,NA,NA,NA,NA,NA,NA,NA,NA,NA,NA,NA,NA,NA,NA,NA,NA,NA,NA,NA,NA,NA,NA,NA,NA,NA,NA,NA,NA,NA,NA,NA,NA,NA,NA,NA,NA,NA,NA,NA,NA,NA,NA,NA,NA,NA,NA,NA
ImmortalsOfAveum-Win64-Shipping.exe,NVIDIA GeForce RTX 4060 Ti,12th Gen Intel(R) Core(TM) i7-12700,WINDOWED,D3D12,0,20336,0x0000000063F0AD60,0,0,Composed: Flip,0,4536.206135,15.071,16.608,0.133,0.672,24.239,0.045,NA,2775,9001,71,54,NA,NA,NA,NA,NA,NA,0.606,0.884,0.606,75,109,109,NA,4372,15, 41,42.527, 65,37,1,25,1,19,1,4,1,74,1,82,1,3,1,1,1,19,14,12,12,NA,NA,NA,NA,NA,NA,NA,NA,NA,NA,NA,NA,NA,NA,NA,NA,NA,NA,NA,NA,NA,NA,NA,NA,NA,NA,NA,NA,NA,NA,NA,NA,NA,NA,NA,NA,NA,NA,NA,NA,NA,NA,NA,NA,NA,NA,NA,NA
ImmortalsOfAveum-Win64-Shipping.exe,NVIDIA GeForce RTX 4060 Ti,12th Gen Intel(R) Core(TM) i7-12700,WINDOWED,D3D12,0,20336,0x0000000063F0AD60,0,0,Composed: Flip,0,4536.222780,16.645,16.725,0.143,1.651,24.318,0.099,NA,2775,9001,71,54,NA,NA,NA,NA,NA,NA,0.549,0.801,0.549,75,109,109,NA,4372,15, 41,42.527, 65,37,1,25,1,19,1,4,1,74,1,82,1,3,1,1,1,19,14,12,12,NA,NA,NA,NA,NA,NA,NA,NA,NA,NA,NA,NA,NA,NA,NA,NA,NA,NA,NA,NA,NA,NA,NA,NA,NA,NA,NA,NA,NA,NA,NA,NA,NA,NA,NA,NA,NA,NA,NA,NA,NA,NA,NA,NA,NA,NA,NA,NA
ImmortalsOfAveum-Win64-Shipping.exe,NVIDIA GeForce RTX 4060 Ti,12th Gen Intel(R) Core(TM) i7-12700,WINDOWED,D3D12,0,20336,0x0000000063F0AD60,0,0,Composed: Flip,0,4536.240386,17.606,16.619,0.140,0.370,23.331,0.021,NA,2775,9001,71,54,NA,NA,NA,NA,NA,NA,0.519,0.757,0.519,75,109,109,NA,4372,15, 41,42.527, 65,37,1,25,1,19,1,4,1,74,1,82,1,3,1,1,1,19,14,12,12,NA,NA,NA,NA,NA,NA,NA,NA,NA,NA,NA,NA,NA,NA,NA,NA,NA,NA,NA,NA,NA,NA,NA,NA,NA,NA,NA,NA,NA,NA,NA,NA,NA,NA,NA,NA,NA,NA,NA,NA,NA,NA,NA,NA,NA,NA,NA,NA
ImmortalsOfAveum-Win64-Shipping.exe,NVIDIA GeForce RTX 4060 Ti,12th Gen Intel(R) Core(TM) i7-12700,WINDOWED,D3D12,0,20336,0x0000000063F0AD60,0,0,Composed: Flip,0,4536.257082,16.696,16.715,0.185,1.790,23.350,0.107,NA,2775,9001,71,54,NA,NA,NA,NA,NA,NA,0.547,0.798,0.547,75,109,109,NA,4372,15, 41,42.527, 65,37,1,25,1,19,1,4,1,74,1,82,1,3,1,1,1,19,14,12,12,NA,NA,NA,NA,NA,NA,NA,NA,NA,NA,NA,NA,NA,NA,NA,NA,NA,NA,NA,NA,NA,NA,NA,NA,NA,NA,NA,NA,NA,NA,NA,NA,NA,NA,NA,NA,NA,NA,NA,NA,NA,NA,NA,NA,NA,NA,NA,NA
ImmortalsOfAveum-Win64-Shipping.exe,NVIDIA GeForce RTX 4060 Ti,12th Gen Intel(R) Core(TM) i7-12700,WINDOWED,D3D12,0,20336,0x0000000063F0AD60,0,0,Composed: Flip,0,4536.274402,17.320,16.620,0.147,0.529,22.650,0.031,NA,2775,9001,71,54,NA,NA,NA,NA,NA,NA,0.528,0.769,0.528,75,109,109,NA,4372,15, 41,42.527, 65,37,1,25,1,19,1,4,1,74,1,82,1,3,1,1,1,19,14,12,12,NA,NA,NA,NA,NA,NA,NA,NA,NA,NA,NA,NA,NA,NA,NA,NA,NA,NA,NA,NA,NA,NA,NA,NA,NA,NA,NA,NA,NA,NA,NA,NA,NA,NA,NA,NA,NA,NA,NA,NA,NA,NA,NA,NA,NA,NA,NA,NA
ImmortalsOfAveum-Win64-Shipping.exe,NVIDIA GeForce RTX 4060 Ti,12th Gen Intel(R) Core(TM) i7-12700,WINDOWED,D3D12,0,20336,0x0000000063F0AD60,0,0,Composed: Flip,0,4536.291735,17.333,16.776,0.198,1.710,22.093,0.099,NA,2775,9001,71,54,NA,NA,NA,NA,NA,NA,0.527,0.769,0.527,75,109,109,NA,4372,15, 41,42.527, 65,37,1,25,1,19,1,4,1,74,1,82,1,3,1,1,1,19,14,12,12,NA,NA,NA,NA,NA,NA,NA,NA,NA,NA,NA,NA,NA,NA,NA,NA,NA,NA,NA,NA,NA,NA,NA,NA,NA,NA,NA,NA,NA,NA,NA,NA,NA,NA,NA,NA,NA,NA,NA,NA,NA,NA,NA,NA,NA,NA,NA,NA
ImmortalsOfAveum-Win64-Shipping.exe,NVIDIA GeForce RTX 4060 Ti,12th Gen Intel(R) Core(TM) i7-12700,WINDOWED,D3D12,0,20336,0x0000000063F0AD60,0,0,Composed: Flip,0,4536.307607,15.872,16.569,0.129,0.544,22.789,0.034,NA,2775,9001,71,54,NA,NA,NA,NA,NA,NA,0.576,0.840,0.576,75,109,109,NA,4372,15, 41,42.527, 65,37,1,25,1,19,1,4,1,74,1,82,1,3,1,1,1,19,14,12,12,NA,NA,NA,NA,NA,NA,NA,NA,NA,NA,NA,NA,NA,NA,NA,NA,NA,NA,NA,NA,NA,NA,NA,NA,NA,NA,NA,NA,NA,NA,NA,NA,NA,NA,NA,NA,NA,NA,NA,NA,NA,NA,NA,NA,NA,NA,NA,NA
ImmortalsOfAveum-Win64-Shipping.exe,NVIDIA GeForce RTX 4060 Ti,12th Gen Intel(R) Core(TM) i7-12700,WINDOWED,D3D12,0,20336,0x0000000063F0AD60,0,0,Composed: Flip,0,4536.324689,17.082,16.714,0.202,2.012,22.422,0.118,NA,2775,9001,71,54,NA,NA,NA,NA,NA,NA,0.535,0.780,0.535,75,109,109,NA,4372,15, 41,42.527, 65,37,1,25,1,19,1,4,1,74,1,82,1,3,1,1,1,19,14,12,12,NA,NA,NA,NA,NA,NA,NA,NA,NA,NA,NA,NA,NA,NA,NA,NA,NA,NA,NA,NA,NA,NA,NA,NA,NA,NA,NA,NA,NA,NA,NA,NA,NA,NA,NA,NA,NA,NA,NA,NA,NA,NA,NA,NA,NA,NA,NA,NA
ImmortalsOfAveum-Win64-Shipping.exe,NVIDIA GeForce RTX 4060 Ti,12th Gen Intel(R) Core(TM) i7-12700,WINDOWED,D3D12,0,20336,0x0000000063F0AD60,0,0,Composed: Flip,0,4536.341062,16.373,16.603,0.148,0.503,22.652,0.031,NA,2775,9001,71,54,NA,NA,NA,NA,NA,NA,0.558,0.812,0.558,75,109,109,NA,4364,14, 41,42.527, 65,35,0,22,0,17,0,13,0,66,0,90,0,0,0,0,0,15,11,8,8,NA,NA,NA,NA,NA,NA,NA,NA,NA,NA,NA,NA,NA,NA,NA,NA,NA,NA,NA,NA,NA,NA,NA,NA,NA,NA,NA,NA,NA,NA,NA,NA,NA,NA,NA,NA,NA,NA,NA,NA,NA,NA,NA,NA,NA,NA,NA,NA
ImmortalsOfAveum-Win64-Shipping.exe,NVIDIA GeForce RTX 4060 Ti,12th Gen Intel(R) Core(TM) i7-12700,WINDOWED,D3D12,0,20336,0x0000000063F0AD60,0,0,Composed: Flip,0,4536.357895,16.833,16.707,0.192,2.082,22.526,0.124,NA,2775,9001,71,54,NA,NA,NA,NA,NA,NA,0.542,0.790,0.542,75,109,109,NA,4364,14, 41,42.527, 65,35,0,22,0,17,0,13,0,66,0,90,0,0,0,0,0,15,11,8,8,NA,NA,NA,NA,NA,NA,NA,NA,NA,NA,NA,NA,NA,NA,NA,NA,NA,NA,NA,NA,NA,NA,NA,NA,NA,NA,NA,NA,NA,NA,NA,NA,NA,NA,NA,NA,NA,NA,NA,NA,NA,NA,NA,NA,NA,NA,NA,NA
ImmortalsOfAveum-Win64-Shipping.exe,NVIDIA GeForce RTX 4060 Ti,12th Gen Intel(R) Core(TM) i7-12700,WINDOWED,D3D12,0,20336,0x0000000063F0AD60,0,0,Composed: Flip,0,4536.374349,16.454,16.636,0.140,0.300,22.709,0.018,NA,2775,9001,71,54,NA,NA,NA,NA,NA,NA,0.555,0.808,0.555,75,109,109,NA,4364,14, 41,42.527, 65,35,0,22,0,17,0,13,0,66,0,90,0,0,0,0,0,15,11,8,8,NA,NA,NA,NA,NA,NA,NA,NA,NA,NA,NA,NA,NA,NA,NA,NA,NA,NA,NA,NA,NA,NA,NA,NA,NA,NA,NA,NA,NA,NA,NA,NA,NA,NA,NA,NA,NA,NA,NA,NA,NA,NA,NA,NA,NA,NA,NA,NA
ImmortalsOfAveum-Win64-Shipping.exe,NVIDIA GeForce RTX 4060 Ti,12th Gen Intel(R) Core(TM) i7-12700,WINDOWED,D3D12,0,20336,0x0000000063F0AD60,0,0,Composed: Flip,0,4536.391169,16.821,16.739,0.196,2.193,22.627,0.130,NA,2775,9001,71,54,NA,NA,NA,NA,NA,NA,0.543,0.790,0.543,75,109,109,NA,4364,14, 41,42.527, 65,35,0,22,0,17,0,13,0,66,0,90,0,0,0,0,0,15,11,8,8,NA,NA,NA,NA,NA,NA,NA,NA,NA,NA,NA,NA,NA,NA,NA,NA,NA,NA,NA,NA,NA,NA,NA,NA,NA,NA,NA,NA,NA,NA,NA,NA,NA,NA,NA,NA,NA,NA,NA,NA,NA,NA,NA,NA,NA,NA,NA,NA
ImmortalsOfAveum-Win64-Shipping.exe,NVIDIA GeForce RTX 4060 Ti,12th Gen Intel(R) Core(TM) i7-12700,WINDOWED,D3D12,0,20336,0x0000000063F0AD60,0,0,Composed: Flip,0,4536.407657,16.487,16.568,0.132,0.528,22.709,0.032,NA,2775,9001,71,54,NA,NA,NA,NA,NA,NA,0.554,0.806,0.554,75,109,109,NA,4364,14, 41,44.123, 65,35,0,22,0,17,0,13,0,66,0,90,0,0,0,0,0,15,11,8,8,NA,NA,NA,NA,NA,NA,NA,NA,NA,NA,NA,NA,NA,NA,NA,NA,NA,NA,NA,NA,NA,NA,NA,NA,NA,NA,NA,NA,NA,NA,NA,NA,NA,NA,NA,NA,NA,NA,NA,NA,NA,NA,NA,NA,NA,NA,NA,NA
ImmortalsOfAveum-Win64-Shipping.exe,NVIDIA GeForce RTX 4060 Ti,12th Gen Intel(R) Core(TM) i7-12700,WINDOWED,D3D12,0,20336,0x0000000063F0AD60,0,0,Composed: Flip,0,4536.424583,16.927,16.820,0.185,1.942,22.602,0.115,NA,2775,9001,71,54,NA,NA,NA,NA,NA,NA,0.539,0.785,0.539,75,109,109,NA,4364,14, 41,44.123, 65,35,0,22,0,17,0,13,0,66,0,90,0,0,0,0,0,15,11,8,8,NA,NA,NA,NA,NA,NA,NA,NA,NA,NA,NA,NA,NA,NA,NA,NA,NA,NA,NA,NA,NA,NA,NA,NA,NA,NA,NA,NA,NA,NA,NA,NA,NA,NA,NA,NA,NA,NA,NA,NA,NA,NA,NA,NA,NA,NA,NA,NA
ImmortalsOfAveum-Win64-Shipping.exe,NVIDIA GeForce RTX 4060 Ti,12th Gen Intel(R) Core(TM) i7-12700,WINDOWED,D3D12,0,20336,0x0000000063F0AD60,0,0,Composed: Flip,0,4536.440633,16.050,16.528,0.131,0.536,23.080,0.033,NA,2775,9001,71,54,NA,NA,NA,NA,NA,NA,0.569,0.828,0.569,75,109,109,NA,4364,14, 41,44.123, 65,35,0,22,0,17,0,13,0,66,0,90,0,0,0,0,0,15,11,8,8,NA,NA,NA,NA,NA,NA,NA,NA,NA,NA,NA,NA,NA,NA,NA,NA,NA,NA,NA,NA,NA,NA,NA,NA,NA,NA,NA,NA,NA,NA,NA,NA,NA,NA,NA,NA,NA,NA,NA,NA,NA,NA,NA,NA,NA,NA,NA,NA
ImmortalsOfAveum-Win64-Shipping.exe,NVIDIA GeForce RTX 4060 Ti,12th Gen Intel(R) Core(TM) i7-12700,WINDOWED,D3D12,0,20336,0x0000000063F0AD60,0,0,Composed: Flip,0,4536.457497,16.864,16.708,0.220,1.535,22.923,0.091,NA,2775,9001,71,54,NA,NA,NA,NA,NA,NA,0.541,0.788,0.541,75,109,109,NA,4364,14, 41,44.123, 65,35,0,22,0,17,0,13,0,66,0,90,0,0,0,0,0,15,11,8,8,NA,NA,NA,NA,NA,NA,NA,NA,NA,NA,NA,NA,NA,NA,NA,NA,NA,NA,NA,NA,NA,NA,NA,NA,NA,NA,NA,NA,NA,NA,NA,NA,NA,NA,NA,NA,NA,NA,NA,NA,NA,NA,NA,NA,NA,NA,NA,NA
ImmortalsOfAveum-Win64-Shipping.exe,NVIDIA GeForce RTX 4060 Ti,12th Gen Intel(R) Core(TM) i7-12700,WINDOWED,D3D12,0,20336,0x0000000063F0AD60,0,0,Composed: Flip,0,4536.473918,16.421,16.631,0.143,0.379,23.134,0.023,NA,2775,9001,71,54,NA,NA,NA,NA,NA,NA,0.556,0.809,0.556,75,109,109,NA,4364,14, 41,44.123, 65,35,0,22,0,17,0,13,0,66,0,90,0,0,0,0,0,15,11,8,8,NA,NA,NA,NA,NA,NA,NA,NA,NA,NA,NA,NA,NA,NA,NA,NA,NA,NA,NA,NA,NA,NA,NA,NA,NA,NA,NA,NA,NA,NA,NA,NA,NA,NA,NA,NA,NA,NA,NA,NA,NA,NA,NA,NA,NA,NA,NA,NA
ImmortalsOfAveum-Win64-Shipping.exe,NVIDIA GeForce RTX 4060 Ti,12th Gen Intel(R) Core(TM) i7-12700,WINDOWED,D3D12,0,20336,0x0000000063F0AD60,0,0,Composed: Flip,0,4536.490665,16.747,16.727,0.209,1.717,23.115,0.103,NA,2775,9001,71,54,NA,NA,NA,NA,NA,NA,0.545,0.794,0.545,75,109,109,NA,4364,14, 41,44.123, 65,35,0,22,0,17,0,13,0,66,0,90,0,0,0,0,0,15,11,8,8,NA,NA,NA,NA,NA,NA,NA,NA,NA,NA,NA,NA,NA,NA,NA,NA,NA,NA,NA,NA,NA,NA,NA,NA,NA,NA,NA,NA,NA,NA,NA,NA,NA,NA,NA,NA,NA,NA,NA,NA,NA,NA,NA,NA,NA,NA,NA,NA
ImmortalsOfAveum-Win64-Shipping.exe,NVIDIA GeForce RTX 4060 Ti,12th Gen Intel(R) Core(TM) i7-12700,WINDOWED,D3D12,0,20336,0x0000000063F0AD60,0,0,Composed: Flip,0,4536.507698,17.034,16.596,0.130,0.528,22.677,0.031,NA,2775,9001,71,54,NA,NA,NA,NA,NA,NA,0.536,0.780,0.536,75,109,109,NA,4364,14, 41,44.123, 65,35,0,22,0,17,0,13,0,66,0,90,0,0,0,0,0,15,11,8,8,NA,NA,NA,NA,NA,NA,NA,NA,NA,NA,NA,NA,NA,NA,NA,NA,NA,NA,NA,NA,NA,NA,NA,NA,NA,NA,NA,NA,NA,NA,NA,NA,NA,NA,NA,NA,NA,NA,NA,NA,NA,NA,NA,NA,NA,NA,NA,NA
ImmortalsOfAveum-Win64-Shipping.exe,NVIDIA GeForce RTX 4060 Ti,12th Gen Intel(R) Core(TM) i7-12700,WINDOWED,D3D12,0,20336,0x0000000063F0AD60,0,0,Composed: Flip,0,4536.524724,17.025,16.769,0.189,1.796,22.420,0.106,NA,2775,9001,71,54,NA,NA,NA,NA,NA,NA,0.536,0.781,0.536,75,109,109,NA,4364,14, 41,44.123, 65,35,0,22,0,17,0,13,0,66,0,90,0,0,0,0,0,15,11,8,8,NA,NA,NA,NA,NA,NA,NA,NA,NA,NA,NA,NA,NA,NA,NA,NA,NA,NA,NA,NA,NA,NA,NA,NA,NA,NA,NA,NA,NA,NA,NA,NA,NA,NA,NA,NA,NA,NA,NA,NA,NA,NA,NA,NA,NA,NA,NA,NA
ImmortalsOfAveum-Win64-Shipping.exe,NVIDIA GeForce RTX 4060 Ti,12th Gen Intel(R) Core(TM) i7-12700,WINDOWED,D3D12,0,20336,0x0000000063F0AD60,0,0,Composed: Flip,0,4536.540756,16.032,16.563,0.138,0.514,22.951,0.032,NA,2775,9001,71,54,NA,NA,NA,NA,NA,NA,0.569,0.829,0.569,75,109,109,NA,4364,14, 41,44.123, 65,35,0,22,0,17,0,13,0,66,0,90,0,0,0,0,0,15,11,8,8,NA,NA,NA,NA,NA,NA,NA,NA,NA,NA,NA,NA,NA,NA,NA,NA,NA,NA,NA,NA,NA,NA,NA,NA,NA,NA,NA,NA,NA,NA,NA,NA,NA,NA,NA,NA,NA,NA,NA,NA,NA,NA,NA,NA,NA,NA,NA,NA
ImmortalsOfAveum-Win64-Shipping.exe,NVIDIA GeForce RTX 4060 Ti,12th Gen Intel(R) Core(TM) i7-12700,WINDOWED,D3D12,0,20336,0x0000000063F0AD60,0,0,Composed: Flip,0,4536.557728,16.972,16.726,0.184,2.337,22.705,0.138,NA,2775,9001,71,54,NA,NA,NA,NA,NA,NA,0.538,0.783,0.538,75,109,109,NA,4364,14, 41,44.123, 65,35,0,22,0,17,0,13,0,66,0,90,0,0,0,0,0,15,11,8,8,NA,NA,NA,NA,NA,NA,NA,NA,NA,NA,NA,NA,NA,NA,NA,NA,NA,NA,NA,NA,NA,NA,NA,NA,NA,NA,NA,NA,NA,NA,NA,NA,NA,NA,NA,NA,NA,NA,NA,NA,NA,NA,NA,NA,NA,NA,NA,NA
ImmortalsOfAveum-Win64-Shipping.exe,NVIDIA GeForce RTX 4060 Ti,12th Gen Intel(R) Core(TM) i7-12700,WINDOWED,D3D12,0,20336,0x0000000063F0AD60,0,0,Composed: Flip,0,4536.574486,16.759,16.638,0.141,0.341,22.584,0.020,NA,2775,9001,71,54,NA,NA,NA,NA,NA,NA,0.545,0.793,0.545,75,109,109,NA,4364,14, 41,44.123, 65,35,0,22,0,17,0,13,0,66,0,90,0,0,0,0,0,15,11,8,8,NA,NA,NA,NA,NA,NA,NA,NA,NA,NA,NA,NA,NA,NA,NA,NA,NA,NA,NA,NA,NA,NA,NA,NA,NA,NA,NA,NA,NA,NA,NA,NA,NA,NA,NA,NA,NA,NA,NA,NA,NA,NA,NA,NA,NA,NA,NA,NA
ImmortalsOfAveum-Win64-Shipping.exe,NVIDIA GeForce RTX 4060 Ti,12th Gen Intel(R) Core(TM) i7-12700,WINDOWED,D3D12,0,20336,0x0000000063F0AD60,0,0,Composed: Flip,0,4536.591368,16.881,16.680,0.203,2.168,22.383,0.128,NA,2775,9001,71,54,NA,NA,NA,NA,NA,NA,0.541,0.787,0.541,75,109,109,NA,4364,14, 41,44.123, 65,35,0,22,0,17,0,13,0,66,0,90,0,0,0,0,0,15,11,8,8,NA,NA,NA,NA,NA,NA,NA,NA,NA,NA,NA,NA,NA,NA,NA,NA,NA,NA,NA,NA,NA,NA,NA,NA,NA,NA,NA,NA,NA,NA,NA,NA,NA,NA,NA,NA,NA,NA,NA,NA,NA,NA,NA,NA,NA,NA,NA,NA
ImmortalsOfAveum-Win64-Shipping.exe,NVIDIA GeForce RTX 4060 Ti,12th Gen Intel(R) Core(TM) i7-12700,WINDOWED,D3D12,0,20336,0x0000000063F0AD60,0,0,Composed: Flip,0,4536.607888,16.521,16.611,0.148,0.497,22.474,0.030,NA,2775,9001,71,54,NA,NA,NA,NA,NA,NA,0.553,0.804,0.553,75,109,109,NA,4364,14, 41,43.968, 65,35,0,22,0,17,0,13,0,66,0,90,0,0,0,0,0,15,11,8,8,NA,NA,NA,NA,NA,NA,NA,NA,NA,NA,NA,NA,NA,NA,NA,NA,NA,NA,NA,NA,NA,NA,NA,NA,NA,NA,NA,NA,NA,NA,NA,NA,NA,NA,NA,NA,NA,NA,NA,NA,NA,NA,NA,NA,NA,NA,NA,NA
ImmortalsOfAveum-Win64-Shipping.exe,NVIDIA GeForce RTX 4060 Ti,12th Gen Intel(R) Core(TM) i7-12700,WINDOWED,D3D12,0,20336,0x0000000063F0AD60,0,0,Composed: Flip,0,4536.624898,17.009,16.738,0.177,1.530,22.202,0.090,NA,2775,9001,71,54,NA,NA,NA,NA,NA,NA,0.537,0.781,0.537,75,109,109,NA,4364,14, 41,43.968, 65,35,0,22,0,17,0,13,0,66,0,90,0,0,0,0,0,15,11,8,8,NA,NA,NA,NA,NA,NA,NA,NA,NA,NA,NA,NA,NA,NA,NA,NA,NA,NA,NA,NA,NA,NA,NA,NA,NA,NA,NA,NA,NA,NA,NA,NA,NA,NA,NA,NA,NA,NA,NA,NA,NA,NA,NA,NA,NA,NA,NA,NA
ImmortalsOfAveum-Win64-Shipping.exe,NVIDIA GeForce RTX 4060 Ti,12th Gen Intel(R) Core(TM) i7-12700,WINDOWED,D3D12,0,20336,0x0000000063F0AD60,0,0,Composed: Flip,0,4536.640671,15.773,16.601,0.149,0.522,23.030,0.033,NA,2775,9001,71,54,NA,NA,NA,NA,NA,NA,0.579,0.843,0.579,75,109,109,NA,4364,14, 41,43.968, 65,35,0,22,0,17,0,13,0,66,0,90,0,0,0,0,0,15,11,8,8,NA,NA,NA,NA,NA,NA,NA,NA,NA,NA,NA,NA,NA,NA,NA,NA,NA,NA,NA,NA,NA,NA,NA,NA,NA,NA,NA,NA,NA,NA,NA,NA,NA,NA,NA,NA,NA,NA,NA,NA,NA,NA,NA,NA,NA,NA,NA,NA
ImmortalsOfAveum-Win64-Shipping.exe,NVIDIA GeForce RTX 4060 Ti,12th Gen Intel(R) Core(TM) i7-12700,WINDOWED,D3D12,0,20336,0x0000000063F0AD60,0,0,Composed: Flip,0,4536.657494,16.823,16.781,0.198,2.446,22.988,0.145,NA,2775,9001,71,54,NA,NA,NA,NA,NA,NA,0.543,0.790,0.543,75,109,109,NA,4364,14, 41,43.968, 65,35,0,22,0,17,0,13,0,66,0,90,0,0,0,0,0,15,11,8,8,NA,NA,NA,NA,NA,NA,NA,NA,NA,NA,NA,NA,NA,NA,NA,NA,NA,NA,NA,NA,NA,NA,NA,NA,NA,NA,NA,NA,NA,NA,NA,NA,NA,NA,NA,NA,NA,NA,NA,NA,NA,NA,NA,NA,NA,NA,NA,NA
ImmortalsOfAveum-Win64-Shipping.exe,NVIDIA GeForce RTX 4060 Ti,12th Gen Intel(R) Core(TM) i7-12700,WINDOWED,D3D12,0,20336,0x0000000063F0AD60,0,0,Composed: Flip,0,4536.673673,16.179,16.521,0.143,0.368,23.330,0.023,NA,2775,9001,71,54,NA,NA,NA,NA,NA,NA,0.564,0.821,0.564,75,109,109,NA,4364,14, 41,43.968, 65,35,0,22,0,17,0,13,0,66,0,90,0,0,0,0,0,15,11,8,8,NA,NA,NA,NA,NA,NA,NA,NA,NA,NA,NA,NA,NA,NA,NA,NA,NA,NA,NA,NA,NA,NA,NA,NA,NA,NA,NA,NA,NA,NA,NA,NA,NA,NA,NA,NA,NA,NA,NA,NA,NA,NA,NA,NA,NA,NA,NA,NA
ImmortalsOfAveum-Win64-Shipping.exe,NVIDIA GeForce RTX 4060 Ti,12th Gen Intel(R) Core(TM) i7-12700,3840x2160,D3D12,0,20336,0x0000000063F0AD60,0,0,Hardware Composed: Independent Flip,0,4536.690294,16.621,1844674407370954.500,0.207,6.140,6.186,0.369,NA,2775,9001,71,54,NA,NA,NA,NA,NA,NA,0.549,0.800,0.549,75,109,109,NA,4364,14, 41,43.968, 65,35,0,22,0,17,0,13,0,66,0,90,0,0,0,0,0,15,11,8,8,NA,NA,NA,NA,NA,NA,NA,NA,NA,NA,NA,NA,NA,NA,NA,NA,NA,NA,NA,NA,NA,NA,NA,NA,NA,NA,NA,NA,NA,NA,NA,NA,NA,NA,NA,NA,NA,NA,NA,NA,NA,NA,NA,NA,NA,NA,NA,NA
ImmortalsOfAveum-Win64-Shipping.exe,NVIDIA GeForce RTX 4060 Ti,12th Gen Intel(R) Core(TM) i7-12700,3840x2160,D3D12,0,20336,0x0000000063F0AD60,0,0,Hardware Composed: Independent Flip,0,4536.705743,15.448,9.988,0.246,0.639,0.726,0.041,NA,2775,9001,71,54,NA,NA,NA,NA,NA,NA,0.591,0.860,0.591,75,109,109,NA,4364,14, 41,43.968, 65,35,0,22,0,17,0,13,0,66,0,90,0,0,0,0,0,15,11,8,8,NA,NA,NA,NA,NA,NA,NA,NA,NA,NA,NA,NA,NA,NA,NA,NA,NA,NA,NA,NA,NA,NA,NA,NA,NA,NA,NA,NA,NA,NA,NA,NA,NA,NA,NA,NA,NA,NA,NA,NA,NA,NA,NA,NA,NA,NA,NA,NA
ImmortalsOfAveum-Win64-Shipping.exe,NVIDIA GeForce RTX 4060 Ti,12th Gen Intel(R) Core(TM) i7-12700,3840x2160,D3D12,0,20336,0x0000000063F0AD60,0,0,Hardware Composed: Independent Flip,1,4536.722236,16.493,0.000,0.240,19.617,0.000,1.189,NA,2775,9001,71,54,NA,NA,NA,NA,NA,NA,0.553,0.806,0.553,75,109,109,NA,4364,14, 41,43.968, 65,35,0,22,0,17,0,13,0,66,0,90,0,0,0,0,0,15,11,8,8,NA,NA,NA,NA,NA,NA,NA,NA,NA,NA,NA,NA,NA,NA,NA,NA,NA,NA,NA,NA,NA,NA,NA,NA,NA,NA,NA,NA,NA,NA,NA,NA,NA,NA,NA,NA,NA,NA,NA,NA,NA,NA,NA,NA,NA,NA,NA,NA
ImmortalsOfAveum-Win64-Shipping.exe,NVIDIA GeForce RTX 4060 Ti,12th Gen Intel(R) Core(TM) i7-12700,3840x2160,D3D12,0,20336,0x0000000063F0AD60,0,0,Hardware Composed: Independent Flip,0,4536.737493,15.257,35.530,0.149,4.450,4.505,0.292,NA,2775,9001,71,54,NA,NA,NA,NA,NA,NA,0.598,0.871,0.598,75,109,109,NA,4364,14, 41,43.968, 65,35,0,22,0,17,0,13,0,66,0,90,0,0,0,0,0,15,11,8,8,NA,NA,NA,NA,NA,NA,NA,NA,NA,NA,NA,NA,NA,NA,NA,NA,NA,NA,NA,NA,NA,NA,NA,NA,NA,NA,NA,NA,NA,NA,NA,NA,NA,NA,NA,NA,NA,NA,NA,NA,NA,NA,NA,NA,NA,NA,NA,NA
ImmortalsOfAveum-Win64-Shipping.exe,NVIDIA GeForce RTX 4060 Ti,12th Gen Intel(R) Core(TM) i7-12700,3840x2160,D3D12,0,20336,0x0000000063F0AD60,0,0,Hardware Composed: Independent Flip,0,4536.753820,16.327,13.554,0.239,1.718,1.733,0.105,NA,2775,9001,71,54,NA,NA,NA,NA,NA,NA,0.559,0.814,0.559,75,109,109,NA,4364,14, 41,43.968, 65,35,0,22,0,17,0,13,0,66,0,90,0,0,0,0,0,15,11,8,8,NA,NA,NA,NA,NA,NA,NA,NA,NA,NA,NA,NA,NA,NA,NA,NA,NA,NA,NA,NA,NA,NA,NA,NA,NA,NA,NA,NA,NA,NA,NA,NA,NA,NA,NA,NA,NA,NA,NA,NA,NA,NA,NA,NA,NA,NA,NA,NA
ImmortalsOfAveum-Win64-Shipping.exe,NVIDIA GeForce RTX 4060 Ti,12th Gen Intel(R) Core(TM) i7-12700,3840x2160,D3D12,0,20336,0x0000000063F0AD60,0,0,Hardware Composed: Independent Flip,0,4536.771829,18.009,16.842,0.176,0.485,0.565,0.027,NA,2775,9001,71,54,NA,NA,NA,NA,NA,NA,0.507,0.738,0.507,75,109,109,NA,4364,14, 41,43.968, 65,35,0,22,0,17,0,13,0,66,0,90,0,0,0,0,0,15,11,8,8,NA,NA,NA,NA,NA,NA,NA,NA,NA,NA,NA,NA,NA,NA,NA,NA,NA,NA,NA,NA,NA,NA,NA,NA,NA,NA,NA,NA,NA,NA,NA,NA,NA,NA,NA,NA,NA,NA,NA,NA,NA,NA,NA,NA,NA,NA,NA,NA
ImmortalsOfAveum-Win64-Shipping.exe,NVIDIA GeForce RTX 4060 Ti,12th Gen Intel(R) Core(TM) i7-12700,3840x2160,D3D12,0,20336,0x0000000063F0AD60,0,0,Hardware Composed: Independent Flip,0,4536.790674,18.845,20.747,0.191,2.413,2.467,0.128,NA,2775,9001,71,54,NA,NA,NA,NA,NA,NA,0.484,0.705,0.484,75,109,109,NA,4364,14, 41,43.968, 65,35,0,22,0,17,0,13,0,66,0,90,0,0,0,0,0,15,11,8,8,NA,NA,NA,NA,NA,NA,NA,NA,NA,NA,NA,NA,NA,NA,NA,NA,NA,NA,NA,NA,NA,NA,NA,NA,NA,NA,NA,NA,NA,NA,NA,NA,NA,NA,NA,NA,NA,NA,NA,NA,NA,NA,NA,NA,NA,NA,NA,NA
ImmortalsOfAveum-Win64-Shipping.exe,NVIDIA GeForce RTX 4060 Ti,12th Gen Intel(R) Core(TM) i7-12700,3840x2160,D3D12,0,20336,0x0000000063F0AD60,0,0,Hardware Composed: Independent Flip,0,4536.805226,14.552,12.529,0.134,0.363,0.444,0.025,NA,2775,9001,71,54,NA,NA,NA,NA,NA,NA,0.627,0.913,0.627,75,109,109,NA,4364,14, 42,43.851, 65,35,0,22,0,17,0,13,0,66,0,90,0,0,0,0,0,15,11,8,8,NA,NA,NA,NA,NA,NA,NA,NA,NA,NA,NA,NA,NA,NA,NA,NA,NA,NA,NA,NA,NA,NA,NA,NA,NA,NA,NA,NA,NA,NA,NA,NA,NA,NA,NA,NA,NA,NA,NA,NA,NA,NA,NA,NA,NA,NA,NA,NA
ImmortalsOfAveum-Win64-Shipping.exe,NVIDIA GeForce RTX 4060 Ti,12th Gen Intel(R) Core(TM) i7-12700,3840x2160,D3D12,0,20336,0x0000000063F0AD60,0,0,Hardware Composed: Independent Flip,0,4536.824427,19.201,21.371,0.229,2.552,2.614,0.133,NA,2775,9001,71,54,NA,NA,NA,NA,NA,NA,0.475,0.692,0.475,75,109,109,NA,4364,14, 42,43.851, 65,35,0,22,0,17,0,13,0,66,0,90,0,0,0,0,0,15,11,8,8,NA,NA,NA,NA,NA,NA,NA,NA,NA,NA,NA,NA,NA,NA,NA,NA,NA,NA,NA,NA,NA,NA,NA,NA,NA,NA,NA,NA,NA,NA,NA,NA,NA,NA,NA,NA,NA,NA,NA,NA,NA,NA,NA,NA,NA,NA,NA,NA
ImmortalsOfAveum-Win64-Shipping.exe,NVIDIA GeForce RTX 4060 Ti,12th Gen Intel(R) Core(TM) i7-12700,3840x2160,D3D12,0,20336,0x0000000063F0AD60,0,0,Hardware Composed: Independent Flip,0,4536.837686,13.258,11.260,0.167,0.520,0.616,0.039,NA,2775,9001,71,54,NA,NA,NA,NA,NA,NA,0.691,1.007,0.691,74,109,109,NA,4361,16, 42,43.851, 65,37,1,24,1,18,1,11,1,72,1,83,1,1,1,1,1,19,14,13,12,NA,NA,NA,NA,NA,NA,NA,NA,NA,NA,NA,NA,NA,NA,NA,NA,NA,NA,NA,NA,NA,NA,NA,NA,NA,NA,NA,NA,NA,NA,NA,NA,NA,NA,NA,NA,NA,NA,NA,NA,NA,NA,NA,NA,NA,NA,NA,NA
ImmortalsOfAveum-Win64-Shipping.exe,NVIDIA GeForce RTX 4060 Ti,12th Gen Intel(R) Core(TM) i7-12700,3840x2160,D3D12,0,20336,0x0000000063F0AD60,0,0,Hardware Composed: Independent Flip,0,4536.854282,16.596,18.297,0.241,2.258,2.317,0.136,NA,2775,9001,71,54,NA,NA,NA,NA,NA,NA,0.552,0.804,0.552,74,109,109,NA,4361,16, 42,43.851, 65,37,1,24,1,18,1,11,1,72,1,83,1,1,1,1,1,19,14,13,12,NA,NA,NA,NA,NA,NA,NA,NA,NA,NA,NA,NA,NA,NA,NA,NA,NA,NA,NA,NA,NA,NA,NA,NA,NA,NA,NA,NA,NA,NA,NA,NA,NA,NA,NA,NA,NA,NA,NA,NA,NA,NA,NA,NA,NA,NA,NA,NA
ImmortalsOfAveum-Win64-Shipping.exe,NVIDIA GeForce RTX 4060 Ti,12th Gen Intel(R) Core(TM) i7-12700,3840x2160,D3D12,0,20336,0x0000000063F0AD60,0,0,Hardware Composed: Independent Flip,0,4536.872036,17.754,15.874,0.165,0.353,0.438,0.020,NA,2775,9001,71,54,NA,NA,NA,NA,NA,NA,0.516,0.752,0.516,74,109,109,NA,4361,16, 42,43.851, 65,37,1,24,1,18,1,11,1,72,1,83,1,1,1,1,1,19,14,13,12,NA,NA,NA,NA,NA,NA,NA,NA,NA,NA,NA,NA,NA,NA,NA,NA,NA,NA,NA,NA,NA,NA,NA,NA,NA,NA,NA,NA,NA,NA,NA,NA,NA,NA,NA,NA,NA,NA,NA,NA,NA,NA,NA,NA,NA,NA,NA,NA
ImmortalsOfAveum-Win64-Shipping.exe,NVIDIA GeForce RTX 4060 Ti,12th Gen Intel(R) Core(TM) i7-12700,3840x2160,D3D12,0,20336,0x0000000063F0AD60,0,0,Hardware Composed: Independent Flip,0,4536.888998,16.963,18.232,0.254,1.692,1.706,0.100,NA,2775,9001,71,54,NA,NA,NA,NA,NA,NA,0.540,0.787,0.540,74,109,109,NA,4361,16, 42,43.851, 65,37,1,24,1,18,1,11,1,72,1,83,1,1,1,1,1,19,14,13,12,NA,NA,NA,NA,NA,NA,NA,NA,NA,NA,NA,NA,NA,NA,NA,NA,NA,NA,NA,NA,NA,NA,NA,NA,NA,NA,NA,NA,NA,NA,NA,NA,NA,NA,NA,NA,NA,NA,NA,NA,NA,NA,NA,NA,NA,NA,NA,NA
ImmortalsOfAveum-Win64-Shipping.exe,NVIDIA GeForce RTX 4060 Ti,12th Gen Intel(R) Core(TM) i7-12700,3840x2160,D3D12,0,20336,0x0000000063F0AD60,0,0,Hardware Composed: Independent Flip,0,4536.904442,15.443,14.363,0.145,0.535,0.626,0.035,NA,2775,9001,71,54,NA,NA,NA,NA,NA,NA,0.593,0.864,0.593,74,109,109,NA,4361,16, 42,43.851, 65,37,1,24,1,18,1,11,1,72,1,83,1,1,1,1,1,19,14,13,12,NA,NA,NA,NA,NA,NA,NA,NA,NA,NA,NA,NA,NA,NA,NA,NA,NA,NA,NA,NA,NA,NA,NA,NA,NA,NA,NA,NA,NA,NA,NA,NA,NA,NA,NA,NA,NA,NA,NA,NA,NA,NA,NA,NA,NA,NA,NA,NA
ImmortalsOfAveum-Win64-Shipping.exe,NVIDIA GeForce RTX 4060 Ti,12th Gen Intel(R) Core(TM) i7-12700,3840x2160,D3D12,0,20336,0x0000000063F0AD60,0,0,Hardware Composed: Independent Flip,0,4536.921362,16.920,18.045,0.205,1.737,1.750,0.103,NA,2775,9001,71,54,NA,NA,NA,NA,NA,NA,0.541,0.789,0.541,74,109,109,NA,4361,16, 42,43.851, 65,37,1,24,1,18,1,11,1,72,1,83,1,1,1,1,1,19,14,13,12,NA,NA,NA,NA,NA,NA,NA,NA,NA,NA,NA,NA,NA,NA,NA,NA,NA,NA,NA,NA,NA,NA,NA,NA,NA,NA,NA,NA,NA,NA,NA,NA,NA,NA,NA,NA,NA,NA,NA,NA,NA,NA,NA,NA,NA,NA,NA,NA
ImmortalsOfAveum-Win64-Shipping.exe,NVIDIA GeForce RTX 4060 Ti,12th Gen Intel(R) Core(TM) i7-12700,3840x2160,D3D12,0,20336,0x0000000063F0AD60,0,0,Hardware Composed: Independent Flip,0,4536.938536,17.174,15.848,0.154,0.343,0.424,0.020,NA,2775,9001,71,54,NA,NA,NA,NA,NA,NA,0.533,0.777,0.533,74,109,109,NA,4361,16, 42,43.851, 65,37,1,24,1,18,1,11,1,72,1,83,1,1,1,1,1,19,14,13,12,NA,NA,NA,NA,NA,NA,NA,NA,NA,NA,NA,NA,NA,NA,NA,NA,NA,NA,NA,NA,NA,NA,NA,NA,NA,NA,NA,NA,NA,NA,NA,NA,NA,NA,NA,NA,NA,NA,NA,NA,NA,NA,NA,NA,NA,NA,NA,NA
ImmortalsOfAveum-Win64-Shipping.exe,NVIDIA GeForce RTX 4060 Ti,12th Gen Intel(R) Core(TM) i7-12700,3840x2160,D3D12,0,20336,0x0000000063F0AD60,0,0,Hardware Composed: Independent Flip,0,4536.955382,16.846,18.231,0.202,1.795,1.809,0.107,NA,2775,9001,71,54,NA,NA,NA,NA,NA,NA,0.544,0.792,0.544,74,109,109,NA,4361,16, 42,43.851, 65,37,1,24,1,18,1,11,1,72,1,83,1,1,1,1,1,19,14,13,12,NA,NA,NA,NA,NA,NA,NA,NA,NA,NA,NA,NA,NA,NA,NA,NA,NA,NA,NA,NA,NA,NA,NA,NA,NA,NA,NA,NA,NA,NA,NA,NA,NA,NA,NA,NA,NA,NA,NA,NA,NA,NA,NA,NA,NA,NA,NA,NA
ImmortalsOfAveum-Win64-Shipping.exe,NVIDIA GeForce RTX 4060 Ti,12th Gen Intel(R) Core(TM) i7-12700,3840x2160,D3D12,0,20336,0x0000000063F0AD60,0,0,Hardware Composed: Independent Flip,0,4536.970863,15.481,14.486,0.153,0.729,0.814,0.047,NA,2775,9001,71,54,NA,NA,NA,NA,NA,NA,0.592,0.862,0.592,74,109,109,NA,4361,16, 42,43.851, 65,37,1,24,1,18,1,11,1,72,1,83,1,1,1,1,1,19,14,13,12,NA,NA,NA,NA,NA,NA,NA,NA,NA,NA,NA,NA,NA,NA,NA,NA,NA,NA,NA,NA,NA,NA,NA,NA,NA,NA,NA,NA,NA,NA,NA,NA,NA,NA,NA,NA,NA,NA,NA,NA,NA,NA,NA,NA,NA,NA,NA,NA
ImmortalsOfAveum-Win64-Shipping.exe,NVIDIA GeForce RTX 4060 Ti,12th Gen Intel(R) Core(TM) i7-12700,3840x2160,D3D12,0,20336,0x0000000063F0AD60,0,0,Hardware Composed: Independent Flip,0,4536.987707,16.844,17.960,0.192,1.915,1.930,0.114,NA,2775,9001,71,54,NA,NA,NA,NA,NA,NA,0.544,0.792,0.544,74,109,109,NA,4361,16, 42,43.851, 65,37,1,24,1,18,1,11,1,72,1,83,1,1,1,1,1,19,14,13,12,NA,NA,NA,NA,NA,NA,NA,NA,NA,NA,NA,NA,NA,NA,NA,NA,NA,NA,NA,NA,NA,NA,NA,NA,NA,NA,NA,NA,NA,NA,NA,NA,NA,NA,NA,NA,NA,NA,NA,NA,NA,NA,NA,NA,NA,NA,NA,NA
ImmortalsOfAveum-Win64-Shipping.exe,NVIDIA GeForce RTX 4060 Ti,12th Gen Intel(R) Core(TM) i7-12700,3840x2160,D3D12,0,20336,0x0000000063F0AD60,0,0,Hardware Composed: Independent Flip,0,4537.005025,17.318,15.831,0.135,0.361,0.443,0.021,NA,2775,9001,71,54,NA,NA,NA,NA,NA,NA,0.529,0.771,0.529,74,109,109,NA,4361,16, 40,42.579, 65,37,1,24,1,18,1,11,1,72,1,83,1,1,1,1,1,19,14,13,12,NA,NA,NA,NA,NA,NA,NA,NA,NA,NA,NA,NA,NA,NA,NA,NA,NA,NA,NA,NA,NA,NA,NA,NA,NA,NA,NA,NA,NA,NA,NA,NA,NA,NA,NA,NA,NA,NA,NA,NA,NA,NA,NA,NA,NA,NA,NA,NA
ImmortalsOfAveum-Win64-Shipping.exe,NVIDIA GeForce RTX 4060 Ti,12th Gen Intel(R) Core(TM) i7-12700,3840x2160,D3D12,0,20336,0x0000000063F0AD60,0,0,Hardware Composed: Independent Flip,0,4537.021816,16.792,18.198,0.186,1.790,1.849,0.107,NA,2775,9001,71,54,NA,NA,NA,NA,NA,NA,0.545,0.795,0.545,74,109,109,NA,4361,16, 40,42.579, 65,37,1,24,1,18,1,11,1,72,1,83,1,1,1,1,1,19,14,13,12,NA,NA,NA,NA,NA,NA,NA,NA,NA,NA,NA,NA,NA,NA,NA,NA,NA,NA,NA,NA,NA,NA,NA,NA,NA,NA,NA,NA,NA,NA,NA,NA,NA,NA,NA,NA,NA,NA,NA,NA,NA,NA,NA,NA,NA,NA,NA,NA
ImmortalsOfAveum-Win64-Shipping.exe,NVIDIA GeForce RTX 4060 Ti,12th Gen Intel(R) Core(TM) i7-12700,3840x2160,D3D12,0,20336,0x0000000063F0AD60,0,0,Hardware Composed: Independent Flip,0,4537.037713,15.896,14.555,0.161,0.433,0.508,0.027,NA,2775,9001,71,54,NA,NA,NA,NA,NA,NA,0.576,0.840,0.576,74,109,109,NA,4361,16, 40,42.579, 65,37,1,24,1,18,1,11,1,72,1,83,1,1,1,1,1,19,14,13,12,NA,NA,NA,NA,NA,NA,NA,NA,NA,NA,NA,NA,NA,NA,NA,NA,NA,NA,NA,NA,NA,NA,NA,NA,NA,NA,NA,NA,NA,NA,NA,NA,NA,NA,NA,NA,NA,NA,NA,NA,NA,NA,NA,NA,NA,NA,NA,NA
ImmortalsOfAveum-Win64-Shipping.exe,NVIDIA GeForce RTX 4060 Ti,12th Gen Intel(R) Core(TM) i7-12700,3840x2160,D3D12,0,20336,0x0000000063F0AD60,0,0,Hardware Composed: Independent Flip,0,4537.054586,16.873,18.401,0.206,2.022,2.036,0.120,NA,2775,9001,71,54,NA,NA,NA,NA,NA,NA,0.543,0.791,0.543,74,109,109,NA,4361,16, 40,42.579, 65,37,1,24,1,18,1,11,1,72,1,83,1,1,1,1,1,19,14,13,12,NA,NA,NA,NA,NA,NA,NA,NA,NA,NA,NA,NA,NA,NA,NA,NA,NA,NA,NA,NA,NA,NA,NA,NA,NA,NA,NA,NA,NA,NA,NA,NA,NA,NA,NA,NA,NA,NA,NA,NA,NA,NA,NA,NA,NA,NA,NA,NA
ImmortalsOfAveum-Win64-Shipping.exe,NVIDIA GeForce RTX 4060 Ti,12th Gen Intel(R) Core(TM) i7-12700,3840x2160,D3D12,0,20336,0x0000000063F0AD60,0,0,Hardware Composed: Independent Flip,0,4537.070492,15.906,14.448,0.183,0.496,0.578,0.031,NA,2775,9001,71,54,NA,NA,NA,NA,NA,NA,0.576,0.839,0.576,74,109,109,NA,4361,16, 40,42.579, 65,37,1,24,1,18,1,11,1,72,1,83,1,1,1,1,1,19,14,13,12,NA,NA,NA,NA,NA,NA,NA,NA,NA,NA,NA,NA,NA,NA,NA,NA,NA,NA,NA,NA,NA,NA,NA,NA,NA,NA,NA,NA,NA,NA,NA,NA,NA,NA,NA,NA,NA,NA,NA,NA,NA,NA,NA,NA,NA,NA,NA,NA
ImmortalsOfAveum-Win64-Shipping.exe,NVIDIA GeForce RTX 4060 Ti,12th Gen Intel(R) Core(TM) i7-12700,3840x2160,D3D12,0,20336,0x0000000063F0AD60,0,0,Hardware Composed: Independent Flip,0,4537.086972,16.480,18.618,0.251,2.702,2.716,0.164,NA,2775,9001,71,54,NA,NA,NA,NA,NA,NA,0.556,0.810,0.556,74,109,109,NA,4361,16, 40,42.579, 65,37,1,24,1,18,1,11,1,72,1,83,1,1,1,1,1,19,14,13,12,NA,NA,NA,NA,NA,NA,NA,NA,NA,NA,NA,NA,NA,NA,NA,NA,NA,NA,NA,NA,NA,NA,NA,NA,NA,NA,NA,NA,NA,NA,NA,NA,NA,NA,NA,NA,NA,NA,NA,NA,NA,NA,NA,NA,NA,NA,NA,NA
ImmortalsOfAveum-Win64-Shipping.exe,NVIDIA GeForce RTX 4060 Ti,12th Gen Intel(R) Core(TM) i7-12700,3840x2160,D3D12,0,20336,0x0000000063F0AD60,0,0,Hardware Composed: Independent Flip,0,4537.105035,18.063,15.761,0.213,0.334,0.414,0.018,NA,2775,9001,71,54,NA,NA,NA,NA,NA,NA,0.507,0.739,0.507,74,109,109,NA,4361,16, 40,42.579, 65,37,1,24,1,18,1,11,1,72,1,83,1,1,1,1,1,19,14,13,12,NA,NA,NA,NA,NA,NA,NA,NA,NA,NA,NA,NA,NA,NA,NA,NA,NA,NA,NA,NA,NA,NA,NA,NA,NA,NA,NA,NA,NA,NA,NA,NA,NA,NA,NA,NA,NA,NA,NA,NA,NA,NA,NA,NA,NA,NA,NA,NA
ImmortalsOfAveum-Win64-Shipping.exe,NVIDIA GeForce RTX 4060 Ti,12th Gen Intel(R) Core(TM) i7-12700,3840x2160,D3D12,0,20336,0x0000000063F0AD60,0,0,Hardware Composed: Independent Flip,0,4537.122106,17.071,18.501,0.231,1.829,1.844,0.107,NA,2775,9001,71,54,NA,NA,NA,NA,NA,NA,0.536,0.782,0.536,74,109,109,NA,4361,16, 40,42.579, 65,37,1,24,1,18,1,11,1,72,1,83,1,1,1,1,1,19,14,13,12,NA,NA,NA,NA,NA,NA,NA,NA,NA,NA,NA,NA,NA,NA,NA,NA,NA,NA,NA,NA,NA,NA,NA,NA,NA,NA,NA,NA,NA,NA,NA,NA,NA,NA,NA,NA,NA,NA,NA,NA,NA,NA,NA,NA,NA,NA,NA,NA
ImmortalsOfAveum-Win64-Shipping.exe,NVIDIA GeForce RTX 4060 Ti,12th Gen Intel(R) Core(TM) i7-12700,3840x2160,D3D12,0,20336,0x0000000063F0AD60,0,0,Hardware Composed: Independent Flip,0,4537.138358,16.252,14.848,0.164,0.357,0.440,0.022,NA,2775,9001,71,54,NA,NA,NA,NA,NA,NA,0.563,0.821,0.563,74,109,109,NA,4361,16, 40,42.579, 65,37,1,24,1,18,1,11,1,72,1,83,1,1,1,1,1,19,14,13,12,NA,NA,NA,NA,NA,NA,NA,NA,NA,NA,NA,NA,NA,NA,NA,NA,NA,NA,NA,NA,NA,NA,NA,NA,NA,NA,NA,NA,NA,NA,NA,NA,NA,NA,NA,NA,NA,NA,NA,NA,NA,NA,NA,NA,NA,NA,NA,NA
ImmortalsOfAveum-Win64-Shipping.exe,NVIDIA GeForce RTX 4060 Ti,12th Gen Intel(R) Core(TM) i7-12700,3840x2160,D3D12,0,20336,0x0000000063F0AD60,0,0,Hardware Composed: Independent Flip,0,4537.155624,17.266,18.600,0.215,1.712,1.774,0.099,NA,2775,9001,71,54,NA,NA,NA,NA,NA,NA,0.530,0.773,0.530,74,109,109,NA,4361,16, 40,42.579, 65,37,1,24,1,18,1,11,1,72,1,83,1,1,1,1,1,19,14,13,12,NA,NA,NA,NA,NA,NA,NA,NA,NA,NA,NA,NA,NA,NA,NA,NA,NA,NA,NA,NA,NA,NA,NA,NA,NA,NA,NA,NA,NA,NA,NA,NA,NA,NA,NA,NA,NA,NA,NA,NA,NA,NA,NA,NA,NA,NA,NA,NA
ImmortalsOfAveum-Win64-Shipping.exe,NVIDIA GeForce RTX 4060 Ti,12th Gen Intel(R) Core(TM) i7-12700,3840x2160,D3D12,0,20336,0x0000000063F0AD60,0,0,Hardware Composed: Independent Flip,0,4537.172786,17.162,15.979,0.207,0.505,0.591,0.029,NA,2775,9001,71,54,NA,NA,NA,NA,NA,NA,0.534,0.778,0.534,74,109,109,NA,4361,16, 40,42.579, 65,37,1,24,1,18,1,11,1,72,1,83,1,1,1,1,1,19,14,13,12,NA,NA,NA,NA,NA,NA,NA,NA,NA,NA,NA,NA,NA,NA,NA,NA,NA,NA,NA,NA,NA,NA,NA,NA,NA,NA,NA,NA,NA,NA,NA,NA,NA,NA,NA,NA,NA,NA,NA,NA,NA,NA,NA,NA,NA,NA,NA,NA
ImmortalsOfAveum-Win64-Shipping.exe,NVIDIA GeForce RTX 4060 Ti,12th Gen Intel(R) Core(TM) i7-12700,3840x2160,D3D12,0,20336,0x0000000063F0AD60,0,0,Hardware Composed: Independent Flip,0,4537.189827,17.041,18.710,0.273,2.245,2.260,0.132,NA,2775,9001,71,54,NA,NA,NA,NA,NA,NA,0.537,0.783,0.537,74,109,109,NA,4361,16, 40,42.579, 65,37,1,24,1,18,1,11,1,72,1,83,1,1,1,1,1,19,14,13,12,NA,NA,NA,NA,NA,NA,NA,NA,NA,NA,NA,NA,NA,NA,NA,NA,NA,NA,NA,NA,NA,NA,NA,NA,NA,NA,NA,NA,NA,NA,NA,NA,NA,NA,NA,NA,NA,NA,NA,NA,NA,NA,NA,NA,NA,NA,NA,NA
ImmortalsOfAveum-Win64-Shipping.exe,NVIDIA GeForce RTX 4060 Ti,12th Gen Intel(R) Core(TM) i7-12700,3840x2160,D3D12,0,20336,0x0000000063F0AD60,0,0,Hardware Composed: Independent Flip,0,4537.205234,15.407,13.649,0.167,0.419,0.502,0.027,NA,2775,9001,71,54,NA,NA,NA,NA,NA,NA,0.594,0.866,0.594,74,109,109,NA,4361,16, 41,43.530, 65,37,1,24,1,18,1,11,1,72,1,83,1,1,1,1,1,19,14,13,12,NA,NA,NA,NA,NA,NA,NA,NA,NA,NA,NA,NA,NA,NA,NA,NA,NA,NA,NA,NA,NA,NA,NA,NA,NA,NA,NA,NA,NA,NA,NA,NA,NA,NA,NA,NA,NA,NA,NA,NA,NA,NA,NA,NA,NA,NA,NA,NA
ImmortalsOfAveum-Win64-Shipping.exe,NVIDIA GeForce RTX 4060 Ti,12th Gen Intel(R) Core(TM) i7-12700,3840x2160,D3D12,0,20336,0x0000000063F0AD60,0,0,Hardware Composed: Independent Flip,0,4537.222104,16.870,18.135,0.232,1.753,1.767,0.104,NA,2775,9001,71,54,NA,NA,NA,NA,NA,NA,0.543,0.791,0.543,74,109,109,NA,4361,16, 41,43.530, 65,37,1,24,1,18,1,11,1,72,1,83,1,1,1,1,1,19,14,13,12,NA,NA,NA,NA,NA,NA,NA,NA,NA,NA,NA,NA,NA,NA,NA,NA,NA,NA,NA,NA,NA,NA,NA,NA,NA,NA,NA,NA,NA,NA,NA,NA,NA,NA,NA,NA,NA,NA,NA,NA,NA,NA,NA,NA,NA,NA,NA,NA
ImmortalsOfAveum-Win64-Shipping.exe,NVIDIA GeForce RTX 4060 Ti,12th Gen Intel(R) Core(TM) i7-12700,3840x2160,D3D12,0,20336,0x0000000063F0AD60,0,0,Hardware Composed: Independent Flip,0,4537.237545,15.442,14.285,0.149,0.526,0.611,0.034,NA,2775,9001,71,54,NA,NA,NA,NA,NA,NA,0.593,0.864,0.593,74,109,109,NA,4361,16, 41,43.530, 65,37,1,24,1,18,1,11,1,72,1,83,1,1,1,1,1,19,14,13,12,NA,NA,NA,NA,NA,NA,NA,NA,NA,NA,NA,NA,NA,NA,NA,NA,NA,NA,NA,NA,NA,NA,NA,NA,NA,NA,NA,NA,NA,NA,NA,NA,NA,NA,NA,NA,NA,NA,NA,NA,NA,NA,NA,NA,NA,NA,NA,NA
ImmortalsOfAveum-Win64-Shipping.exe,NVIDIA GeForce RTX 4060 Ti,12th Gen Intel(R) Core(TM) i7-12700,3840x2160,D3D12,0,20336,0x0000000063F0AD60,0,0,Hardware Composed: Independent Flip,0,4537.253901,16.356,18.228,0.231,2.469,2.483,0.151,NA,2775,9001,71,54,NA,NA,NA,NA,NA,NA,0.560,0.816,0.560,74,109,109,NA,4361,16, 41,43.530, 65,37,1,24,1,18,1,11,1,72,1,83,1,1,1,1,1,19,14,13,12,NA,NA,NA,NA,NA,NA,NA,NA,NA,NA,NA,NA,NA,NA,NA,NA,NA,NA,NA,NA,NA,NA,NA,NA,NA,NA,NA,NA,NA,NA,NA,NA,NA,NA,NA,NA,NA,NA,NA,NA,NA,NA,NA,NA,NA,NA,NA,NA
ImmortalsOfAveum-Win64-Shipping.exe,NVIDIA GeForce RTX 4060 Ti,12th Gen Intel(R) Core(TM) i7-12700,3840x2160,D3D12,0,20336,0x0000000063F0AD60,0,0,Hardware Composed: Independent Flip,0,4537.271886,17.985,15.933,0.207,0.344,0.431,0.019,NA,2775,9001,71,54,NA,NA,NA,NA,NA,NA,0.509,0.742,0.509,74,109,109,NA,4361,16, 41,43.530, 65,37,1,24,1,18,1,11,1,72,1,83,1,1,1,1,1,19,14,13,12,NA,NA,NA,NA,NA,NA,NA,NA,NA,NA,NA,NA,NA,NA,NA,NA,NA,NA,NA,NA,NA,NA,NA,NA,NA,NA,NA,NA,NA,NA,NA,NA,NA,NA,NA,NA,NA,NA,NA,NA,NA,NA,NA,NA,NA,NA,NA,NA
ImmortalsOfAveum-Win64-Shipping.exe,NVIDIA GeForce RTX 4060 Ti,12th Gen Intel(R) Core(TM) i7-12700,3840x2160,D3D12,0,20336,0x0000000063F0AD60,0,0,Hardware Composed: Independent Flip,0,4537.288728,16.842,18.129,0.247,1.704,1.718,0.101,NA,2775,9001,71,54,NA,NA,NA,NA,NA,NA,0.544,0.793,0.544,74,109,109,NA,4361,16, 41,43.530, 65,37,1,24,1,18,1,11,1,72,1,83,1,1,1,1,1,19,14,13,12,NA,NA,NA,NA,NA,NA,NA,NA,NA,NA,NA,NA,NA,NA,NA,NA,NA,NA,NA,NA,NA,NA,NA,NA,NA,NA,NA,NA,NA,NA,NA,NA,NA,NA,NA,NA,NA,NA,NA,NA,NA,NA,NA,NA,NA,NA,NA,NA
ImmortalsOfAveum-Win64-Shipping.exe,NVIDIA GeForce RTX 4060 Ti,12th Gen Intel(R) Core(TM) i7-12700,3840x2160,D3D12,0,20336,0x0000000063F0AD60,0,0,Hardware Composed: Independent Flip,0,4537.305858,17.130,15.834,0.179,0.343,0.422,0.020,NA,2775,9001,71,54,NA,NA,NA,NA,NA,NA,0.535,0.779,0.535,74,109,109,NA,4361,16, 41,43.530, 65,37,1,24,1,18,1,11,1,72,1,83,1,1,1,1,1,19,14,13,12,NA,NA,NA,NA,NA,NA,NA,NA,NA,NA,NA,NA,NA,NA,NA,NA,NA,NA,NA,NA,NA,NA,NA,NA,NA,NA,NA,NA,NA,NA,NA,NA,NA,NA,NA,NA,NA,NA,NA,NA,NA,NA,NA,NA,NA,NA,NA,NA
ImmortalsOfAveum-Win64-Shipping.exe,NVIDIA GeForce RTX 4060 Ti,12th Gen Intel(R) Core(TM) i7-12700,3840x2160,D3D12,0,20336,0x0000000063F0AD60,0,0,Hardware Composed: Independent Flip,0,4537.323151,17.293,18.633,0.275,1.749,1.763,0.101,NA,2775,9001,71,54,NA,NA,NA,NA,NA,NA,0.530,0.772,0.530,74,109,109,NA,4361,16, 41,43.530, 65,37,1,24,1,18,1,11,1,72,1,83,1,1,1,1,1,19,14,13,12,NA,NA,NA,NA,NA,NA,NA,NA,NA,NA,NA,NA,NA,NA,NA,NA,NA,NA,NA,NA,NA,NA,NA,NA,NA,NA,NA,NA,NA,NA,NA,NA,NA,NA,NA,NA,NA,NA,NA,NA,NA,NA,NA,NA,NA,NA,NA,NA
ImmortalsOfAveum-Win64-Shipping.exe,NVIDIA GeForce RTX 4060 Ti,12th Gen Intel(R) Core(TM) i7-12700,3840x2160,D3D12,0,20336,0x0000000063F0AD60,0,0,Hardware Composed: Independent Flip,0,4537.337747,14.596,13.449,0.146,0.537,0.615,0.037,NA,2775,9001,71,54,NA,NA,NA,NA,NA,NA,0.627,0.914,0.627,74,109,109,NA,4361,16, 41,43.530, 65,37,1,24,1,18,1,11,1,72,1,83,1,1,1,1,1,19,14,13,12,NA,NA,NA,NA,NA,NA,NA,NA,NA,NA,NA,NA,NA,NA,NA,NA,NA,NA,NA,NA,NA,NA,NA,NA,NA,NA,NA,NA,NA,NA,NA,NA,NA,NA,NA,NA,NA,NA,NA,NA,NA,NA,NA,NA,NA,NA,NA,NA
ImmortalsOfAveum-Win64-Shipping.exe,NVIDIA GeForce RTX 4060 Ti,12th Gen Intel(R) Core(TM) i7-12700,3840x2160,D3D12,0,20336,0x0000000063F0AD60,0,0,Hardware Composed: Independent Flip,0,4537.354389,16.641,18.228,0.252,2.188,2.202,0.131,NA,2775,9001,71,54,NA,NA,NA,NA,NA,NA,0.593,0.857,0.593,70,101,101,NA,4368,14, 41,43.530, 65,31,0,20,0,18,0,13,0,74,0,79,0,0,0,0,0,14,11,8,8,NA,NA,NA,NA,NA,NA,NA,NA,NA,NA,NA,NA,NA,NA,NA,NA,NA,NA,NA,NA,NA,NA,NA,NA,NA,NA,NA,NA,NA,NA,NA,NA,NA,NA,NA,NA,NA,NA,NA,NA,NA,NA,NA,NA,NA,NA,NA,NA
ImmortalsOfAveum-Win64-Shipping.exe,NVIDIA GeForce RTX 4060 Ti,12th Gen Intel(R) Core(TM) i7-12700,3840x2160,D3D12,0,20336,0x0000000063F0AD60,0,0,Hardware Composed: Independent Flip,0,4537.371833,17.444,15.665,0.160,0.344,0.423,0.020,NA,2775,9001,71,54,NA,NA,NA,NA,NA,NA,0.565,0.817,0.565,70,101,101,NA,4368,14, 41,43.530, 65,31,0,20,0,18,0,13,0,74,0,79,0,0,0,0,0,14,11,8,8,NA,NA,NA,NA,NA,NA,NA,NA,NA,NA,NA,NA,NA,NA,NA,NA,NA,NA,NA,NA,NA,NA,NA,NA,NA,NA,NA,NA,NA,NA,NA,NA,NA,NA,NA,NA,NA,NA,NA,NA,NA,NA,NA,NA,NA,NA,NA,NA
ImmortalsOfAveum-Win64-Shipping.exe,NVIDIA GeForce RTX 4060 Ti,12th Gen Intel(R) Core(TM) i7-12700,3840x2160,D3D12,0,20336,0x0000000063F0AD60,0,0,Hardware Composed: Independent Flip,0,4537.388583,16.750,18.268,0.238,1.917,1.940,0.114,NA,2775,9001,71,54,NA,NA,NA,NA,NA,NA,0.589,0.851,0.589,70,101,101,NA,4368,14, 41,43.530, 65,31,0,20,0,18,0,13,0,74,0,79,0,0,0,0,0,14,11,8,8,NA,NA,NA,NA,NA,NA,NA,NA,NA,NA,NA,NA,NA,NA,NA,NA,NA,NA,NA,NA,NA,NA,NA,NA,NA,NA,NA,NA,NA,NA,NA,NA,NA,NA,NA,NA,NA,NA,NA,NA,NA,NA,NA,NA,NA,NA,NA,NA
ImmortalsOfAveum-Win64-Shipping.exe,NVIDIA GeForce RTX 4060 Ti,12th Gen Intel(R) Core(TM) i7-12700,3840x2160,D3D12,0,20336,0x0000000063F0AD60,0,0,Hardware Composed: Independent Flip,0,4537.405157,16.574,15.083,0.234,0.362,0.450,0.022,NA,2775,9001,71,54,NA,NA,NA,NA,NA,NA,0.595,0.860,0.595,70,101,101,NA,4368,14, 41,42.660, 65,31,0,20,0,18,0,13,0,74,0,79,0,0,0,0,0,14,11,8,8,NA,NA,NA,NA,NA,NA,NA,NA,NA,NA,NA,NA,NA,NA,NA,NA,NA,NA,NA,NA,NA,NA,NA,NA,NA,NA,NA,NA,NA,NA,NA,NA,NA,NA,NA,NA,NA,NA,NA,NA,NA,NA,NA,NA,NA,NA,NA,NA
ImmortalsOfAveum-Win64-Shipping.exe,NVIDIA GeForce RTX 4060 Ti,12th Gen Intel(R) Core(TM) i7-12700,3840x2160,D3D12,0,20336,0x0000000063F0AD60,0,0,Hardware Composed: Independent Flip,0,4537.422260,17.103,19.157,0.238,2.445,2.504,0.143,NA,2775,9001,71,54,NA,NA,NA,NA,NA,NA,0.577,0.834,0.577,70,101,101,NA,4368,14, 41,42.660, 65,31,0,20,0,18,0,13,0,74,0,79,0,0,0,0,0,14,11,8,8,NA,NA,NA,NA,NA,NA,NA,NA,NA,NA,NA,NA,NA,NA,NA,NA,NA,NA,NA,NA,NA,NA,NA,NA,NA,NA,NA,NA,NA,NA,NA,NA,NA,NA,NA,NA,NA,NA,NA,NA,NA,NA,NA,NA,NA,NA,NA,NA
ImmortalsOfAveum-Win64-Shipping.exe,NVIDIA GeForce RTX 4060 Ti,12th Gen Intel(R) Core(TM) i7-12700,3840x2160,D3D12,0,20336,0x0000000063F0AD60,0,0,Hardware Composed: Independent Flip,0,4537.438210,15.950,13.888,0.147,0.363,0.442,0.023,NA,2775,9001,71,54,NA,NA,NA,NA,NA,NA,0.618,0.894,0.618,70,101,101,NA,4368,14, 41,42.660, 65,31,0,20,0,18,0,13,0,74,0,79,0,0,0,0,0,14,11,8,8,NA,NA,NA,NA,NA,NA,NA,NA,NA,NA,NA,NA,NA,NA,NA,NA,NA,NA,NA,NA,NA,NA,NA,NA,NA,NA,NA,NA,NA,NA,NA,NA,NA,NA,NA,NA,NA,NA,NA,NA,NA,NA,NA,NA,NA,NA,NA,NA
ImmortalsOfAveum-Win64-Shipping.exe,NVIDIA GeForce RTX 4060 Ti,12th Gen Intel(R) Core(TM) i7-12700,3840x2160,D3D12,0,20336,0x0000000063F0AD60,0,0,Hardware Composed: Independent Flip,0,4537.454961,16.751,18.157,0.231,1.835,1.848,0.110,NA,2775,9001,71,54,NA,NA,NA,NA,NA,NA,0.589,0.851,0.589,70,101,101,NA,4368,14, 41,42.660, 65,31,0,20,0,18,0,13,0,74,0,79,0,0,0,0,0,14,11,8,8,NA,NA,NA,NA,NA,NA,NA,NA,NA,NA,NA,NA,NA,NA,NA,NA,NA,NA,NA,NA,NA,NA,NA,NA,NA,NA,NA,NA,NA,NA,NA,NA,NA,NA,NA,NA,NA,NA,NA,NA,NA,NA,NA,NA,NA,NA,NA,NA
ImmortalsOfAveum-Win64-Shipping.exe,NVIDIA GeForce RTX 4060 Ti,12th Gen Intel(R) Core(TM) i7-12700,3840x2160,D3D12,0,20336,0x0000000063F0AD60,0,0,Hardware Composed: Independent Flip,0,4537.472230,17.269,15.848,0.162,0.348,0.427,0.020,NA,2775,9001,71,54,NA,NA,NA,NA,NA,NA,0.571,0.826,0.571,70,101,101,NA,4368,14, 41,42.660, 65,31,0,20,0,18,0,13,0,74,0,79,0,0,0,0,0,14,11,8,8,NA,NA,NA,NA,NA,NA,NA,NA,NA,NA,NA,NA,NA,NA,NA,NA,NA,NA,NA,NA,NA,NA,NA,NA,NA,NA,NA,NA,NA,NA,NA,NA,NA,NA,NA,NA,NA,NA,NA,NA,NA,NA,NA,NA,NA,NA,NA,NA
ImmortalsOfAveum-Win64-Shipping.exe,NVIDIA GeForce RTX 4060 Ti,12th Gen Intel(R) Core(TM) i7-12700,3840x2160,D3D12,0,20336,0x0000000063F0AD60,0,0,Hardware Composed: Independent Flip,0,4537.489148,16.918,18.757,0.200,2.250,2.265,0.133,NA,2775,9001,71,54,NA,NA,NA,NA,NA,NA,0.583,0.843,0.583,70,101,101,NA,4368,14, 41,42.660, 65,31,0,20,0,18,0,13,0,74,0,79,0,0,0,0,0,14,11,8,8,NA,NA,NA,NA,NA,NA,NA,NA,NA,NA,NA,NA,NA,NA,NA,NA,NA,NA,NA,NA,NA,NA,NA,NA,NA,NA,NA,NA,NA,NA,NA,NA,NA,NA,NA,NA,NA,NA,NA,NA,NA,NA,NA,NA,NA,NA,NA,NA
ImmortalsOfAveum-Win64-Shipping.exe,NVIDIA GeForce RTX 4060 Ti,12th Gen Intel(R) Core(TM) i7-12700,3840x2160,D3D12,0,20336,0x0000000063F0AD60,0,0,Hardware Composed: Independent Flip,0,4537.505077,15.929,14.316,0.144,0.569,0.652,0.036,NA,2775,9001,71,54,NA,NA,NA,NA,NA,NA,0.619,0.895,0.619,70,101,101,NA,4368,14, 41,42.660, 65,31,0,20,0,18,0,13,0,74,0,79,0,0,0,0,0,14,11,8,8,NA,NA,NA,NA,NA,NA,NA,NA,NA,NA,NA,NA,NA,NA,NA,NA,NA,NA,NA,NA,NA,NA,NA,NA,NA,NA,NA,NA,NA,NA,NA,NA,NA,NA,NA,NA,NA,NA,NA,NA,NA,NA,NA,NA,NA,NA,NA,NA
ImmortalsOfAveum-Win64-Shipping.exe,NVIDIA GeForce RTX 4060 Ti,12th Gen Intel(R) Core(TM) i7-12700,3840x2160,D3D12,0,20336,0x0000000063F0AD60,0,0,Hardware Composed: Independent Flip,0,4537.521975,16.898,18.211,0.262,1.953,1.966,0.116,NA,2775,9001,71,54,NA,NA,NA,NA,NA,NA,0.584,0.844,0.584,70,101,101,NA,4368,14, 41,42.660, 65,31,0,20,0,18,0,13,0,74,0,79,0,0,0,0,0,14,11,8,8,NA,NA,NA,NA,NA,NA,NA,NA,NA,NA,NA,NA,NA,NA,NA,NA,NA,NA,NA,NA,NA,NA,NA,NA,NA,NA,NA,NA,NA,NA,NA,NA,NA,NA,NA,NA,NA,NA,NA,NA,NA,NA,NA,NA,NA,NA,NA,NA
ImmortalsOfAveum-Win64-Shipping.exe,NVIDIA GeForce RTX 4060 Ti,12th Gen Intel(R) Core(TM) i7-12700,3840x2160,D3D12,0,20336,0x0000000063F0AD60,0,0,Hardware Composed: Independent Flip,0,4537.537739,15.764,14.395,0.172,0.508,0.598,0.032,NA,2775,9001,71,54,NA,NA,NA,NA,NA,NA,0.626,0.904,0.626,70,101,101,NA,4368,14, 41,42.660, 65,31,0,20,0,18,0,13,0,74,0,79,0,0,0,0,0,14,11,8,8,NA,NA,NA,NA,NA,NA,NA,NA,NA,NA,NA,NA,NA,NA,NA,NA,NA,NA,NA,NA,NA,NA,NA,NA,NA,NA,NA,NA,NA,NA,NA,NA,NA,NA,NA,NA,NA,NA,NA,NA,NA,NA,NA,NA,NA,NA,NA,NA
ImmortalsOfAveum-Win64-Shipping.exe,NVIDIA GeForce RTX 4060 Ti,12th Gen Intel(R) Core(TM) i7-12700,3840x2160,D3D12,0,20336,0x0000000063F0AD60,0,0,Hardware Composed: Independent Flip,0,4537.554311,16.572,18.022,0.201,2.034,2.048,0.123,NA,2775,9001,71,54,NA,NA,NA,NA,NA,NA,0.595,0.860,0.595,70,101,101,NA,4368,14, 41,42.660, 65,31,0,20,0,18,0,13,0,74,0,79,0,0,0,0,0,14,11,8,8,NA,NA,NA,NA,NA,NA,NA,NA,NA,NA,NA,NA,NA,NA,NA,NA,NA,NA,NA,NA,NA,NA,NA,NA,NA,NA,NA,NA,NA,NA,NA,NA,NA,NA,NA,NA,NA,NA,NA,NA,NA,NA,NA,NA,NA,NA,NA,NA
ImmortalsOfAveum-Win64-Shipping.exe,NVIDIA GeForce RTX 4060 Ti,12th Gen Intel(R) Core(TM) i7-12700,3840x2160,D3D12,0,20336,0x0000000063F0AD60,0,0,Hardware Composed: Independent Flip,0,4537.571706,17.395,15.776,0.174,0.351,0.429,0.020,NA,2775,9001,71,54,NA,NA,NA,NA,NA,NA,0.567,0.820,0.567,70,101,101,NA,4368,14, 41,42.660, 65,31,0,20,0,18,0,13,0,74,0,79,0,0,0,0,0,14,11,8,8,NA,NA,NA,NA,NA,NA,NA,NA,NA,NA,NA,NA,NA,NA,NA,NA,NA,NA,NA,NA,NA,NA,NA,NA,NA,NA,NA,NA,NA,NA,NA,NA,NA,NA,NA,NA,NA,NA,NA,NA,NA,NA,NA,NA,NA,NA,NA,NA
ImmortalsOfAveum-Win64-Shipping.exe,NVIDIA GeForce RTX 4060 Ti,12th Gen Intel(R) Core(TM) i7-12700,3840x2160,D3D12,0,20336,0x0000000063F0AD60,0,0,Hardware Composed: Independent Flip,0,4537.588714,17.008,18.523,0.217,1.929,1.944,0.113,NA,2775,9001,71,54,NA,NA,NA,NA,NA,NA,0.580,0.838,0.580,70,101,101,NA,4368,14, 41,42.660, 65,31,0,20,0,18,0,13,0,74,0,79,0,0,0,0,0,14,11,8,8,NA,NA,NA,NA,NA,NA,NA,NA,NA,NA,NA,NA,NA,NA,NA,NA,NA,NA,NA,NA,NA,NA,NA,NA,NA,NA,NA,NA,NA,NA,NA,NA,NA,NA,NA,NA,NA,NA,NA,NA,NA,NA,NA,NA,NA,NA,NA,NA
ImmortalsOfAveum-Win64-Shipping.exe,NVIDIA GeForce RTX 4060 Ti,12th Gen Intel(R) Core(TM) i7-12700,3840x2160,D3D12,0,20336,0x0000000063F0AD60,0,0,Hardware Composed: Independent Flip,0,4537.604447,15.733,14.411,0.148,0.542,0.622,0.034,NA,2775,9001,71,54,NA,NA,NA,NA,NA,NA,0.627,0.906,0.627,70,101,101,NA,4368,14, 41,42.660, 65,31,0,20,0,18,0,13,0,74,0,79,0,0,0,0,0,14,11,8,8,NA,NA,NA,NA,NA,NA,NA,NA,NA,NA,NA,NA,NA,NA,NA,NA,NA,NA,NA,NA,NA,NA,NA,NA,NA,NA,NA,NA,NA,NA,NA,NA,NA,NA,NA,NA,NA,NA,NA,NA,NA,NA,NA,NA,NA,NA,NA,NA
ImmortalsOfAveum-Win64-Shipping.exe,NVIDIA GeForce RTX 4060 Ti,12th Gen Intel(R) Core(TM) i7-12700,3840x2160,D3D12,0,20336,0x0000000063F0AD60,0,0,Hardware Composed: Independent Flip,0,4537.621396,16.950,18.544,0.245,2.205,2.216,0.130,NA,2775,9001,71,54,NA,NA,NA,NA,NA,NA,0.582,0.841,0.582,70,101,101,NA,4368,14, 42,42.855, 65,31,0,20,0,18,0,13,0,74,0,79,0,0,0,0,0,14,11,8,8,NA,NA,NA,NA,NA,NA,NA,NA,NA,NA,NA,NA,NA,NA,NA,NA,NA,NA,NA,NA,NA,NA,NA,NA,NA,NA,NA,NA,NA,NA,NA,NA,NA,NA,NA,NA,NA,NA,NA,NA,NA,NA,NA,NA,NA,NA,NA,NA
ImmortalsOfAveum-Win64-Shipping.exe,NVIDIA GeForce RTX 4060 Ti,12th Gen Intel(R) Core(TM) i7-12700,3840x2160,D3D12,0,20336,0x0000000063F0AD60,0,0,Hardware Composed: Independent Flip,0,4537.637486,16.090,14.494,0.151,0.537,0.620,0.033,NA,2775,9001,71,54,NA,NA,NA,NA,NA,NA,0.613,0.886,0.613,70,101,101,NA,4368,14, 42,42.855, 65,31,0,20,0,18,0,13,0,74,0,79,0,0,0,0,0,14,11,8,8,NA,NA,NA,NA,NA,NA,NA,NA,NA,NA,NA,NA,NA,NA,NA,NA,NA,NA,NA,NA,NA,NA,NA,NA,NA,NA,NA,NA,NA,NA,NA,NA,NA,NA,NA,NA,NA,NA,NA,NA,NA,NA,NA,NA,NA,NA,NA,NA
ImmortalsOfAveum-Win64-Shipping.exe,NVIDIA GeForce RTX 4060 Ti,12th Gen Intel(R) Core(TM) i7-12700,3840x2160,D3D12,0,20336,0x0000000063F0AD60,0,0,Hardware Composed: Independent Flip,0,4537.654186,16.700,18.148,0.236,2.008,2.068,0.120,NA,2775,9001,71,54,NA,NA,NA,NA,NA,NA,0.591,0.854,0.591,70,101,101,NA,4368,14, 42,42.855, 65,31,0,20,0,18,0,13,0,74,0,79,0,0,0,0,0,14,11,8,8,NA,NA,NA,NA,NA,NA,NA,NA,NA,NA,NA,NA,NA,NA,NA,NA,NA,NA,NA,NA,NA,NA,NA,NA,NA,NA,NA,NA,NA,NA,NA,NA,NA,NA,NA,NA,NA,NA,NA,NA,NA,NA,NA,NA,NA,NA,NA,NA
ImmortalsOfAveum-Win64-Shipping.exe,NVIDIA GeForce RTX 4060 Ti,12th Gen Intel(R) Core(TM) i7-12700,3840x2160,D3D12,0,20336,0x0000000063F0AD60,0,0,Hardware Composed: Independent Flip,0,4537.671641,17.455,15.824,0.161,0.355,0.438,0.020,NA,2775,9001,71,54,NA,NA,NA,NA,NA,NA,0.565,0.817,0.565,70,101,101,NA,4368,14, 42,42.855, 65,31,0,20,0,18,0,13,0,74,0,79,0,0,0,0,0,14,11,8,8,NA,NA,NA,NA,NA,NA,NA,NA,NA,NA,NA,NA,NA,NA,NA,NA,NA,NA,NA,NA,NA,NA,NA,NA,NA,NA,NA,NA,NA,NA,NA,NA,NA,NA,NA,NA,NA,NA,NA,NA,NA,NA,NA,NA,NA,NA,NA,NA
ImmortalsOfAveum-Win64-Shipping.exe,NVIDIA GeForce RTX 4060 Ti,12th Gen Intel(R) Core(TM) i7-12700,3840x2160,D3D12,0,20336,0x0000000063F0AD60,0,0,Hardware Composed: Independent Flip,0,4537.688775,17.134,18.643,0.200,1.933,1.946,0.113,NA,2775,9001,71,54,NA,NA,NA,NA,NA,NA,0.576,0.832,0.576,70,101,101,NA,4368,14, 42,42.855, 65,31,0,20,0,18,0,13,0,74,0,79,0,0,0,0,0,14,11,8,8,NA,NA,NA,NA,NA,NA,NA,NA,NA,NA,NA,NA,NA,NA,NA,NA,NA,NA,NA,NA,NA,NA,NA,NA,NA,NA,NA,NA,NA,NA,NA,NA,NA,NA,NA,NA,NA,NA,NA,NA,NA,NA,NA,NA,NA,NA,NA,NA
ImmortalsOfAveum-Win64-Shipping.exe,NVIDIA GeForce RTX 4060 Ti,12th Gen Intel(R) Core(TM) i7-12700,3840x2160,D3D12,0,20336,0x0000000063F0AD60,0,0,Hardware Composed: Independent Flip,0,4537.704589,15.814,14.516,0.131,0.562,0.648,0.036,NA,2775,9001,71,54,NA,NA,NA,NA,NA,NA,0.624,0.902,0.624,70,101,101,NA,4368,14, 42,42.855, 65,31,0,20,0,18,0,13,0,74,0,79,0,0,0,0,0,14,11,8,8,NA,NA,NA,NA,NA,NA,NA,NA,NA,NA,NA,NA,NA,NA,NA,NA,NA,NA,NA,NA,NA,NA,NA,NA,NA,NA,NA,NA,NA,NA,NA,NA,NA,NA,NA,NA,NA,NA,NA,NA,NA,NA,NA,NA,NA,NA,NA,NA
ImmortalsOfAveum-Win64-Shipping.exe,NVIDIA GeForce RTX 4060 Ti,12th Gen Intel(R) Core(TM) i7-12700,3840x2160,D3D12,0,20336,0x0000000063F0AD60,0,0,Hardware Composed: Independent Flip,0,4537.721651,17.063,18.905,0.264,2.477,2.490,0.145,NA,2775,9001,71,54,NA,NA,NA,NA,NA,NA,0.578,0.836,0.578,70,101,101,NA,4368,14, 42,42.855, 65,31,0,20,0,18,0,13,0,74,0,79,0,0,0,0,0,14,11,8,8,NA,NA,NA,NA,NA,NA,NA,NA,NA,NA,NA,NA,NA,NA,NA,NA,NA,NA,NA,NA,NA,NA,NA,NA,NA,NA,NA,NA,NA,NA,NA,NA,NA,NA,NA,NA,NA,NA,NA,NA,NA,NA,NA,NA,NA,NA,NA,NA
ImmortalsOfAveum-Win64-Shipping.exe,NVIDIA GeForce RTX 4060 Ti,12th Gen Intel(R) Core(TM) i7-12700,3840x2160,D3D12,0,20336,0x0000000063F0AD60,0,0,Hardware Composed: Independent Flip,0,4537.738005,16.353,14.473,0.151,0.526,0.610,0.032,NA,2775,9001,71,54,NA,NA,NA,NA,NA,NA,0.603,0.872,0.603,70,101,101,NA,4368,14, 42,42.855, 65,31,0,20,0,18,0,13,0,74,0,79,0,0,0,0,0,14,11,8,8,NA,NA,NA,NA,NA,NA,NA,NA,NA,NA,NA,NA,NA,NA,NA,NA,NA,NA,NA,NA,NA,NA,NA,NA,NA,NA,NA,NA,NA,NA,NA,NA,NA,NA,NA,NA,NA,NA,NA,NA,NA,NA,NA,NA,NA,NA,NA,NA
ImmortalsOfAveum-Win64-Shipping.exe,NVIDIA GeForce RTX 4060 Ti,12th Gen Intel(R) Core(TM) i7-12700,3840x2160,D3D12,0,20336,0x0000000063F0AD60,0,0,Hardware Composed: Independent Flip,0,4537.754822,16.817,18.128,0.213,1.857,1.920,0.110,NA,2775,9001,71,54,NA,NA,NA,NA,NA,NA,0.586,0.848,0.586,70,101,101,NA,4368,14, 42,42.855, 65,31,0,20,0,18,0,13,0,74,0,79,0,0,0,0,0,14,11,8,8,NA,NA,NA,NA,NA,NA,NA,NA,NA,NA,NA,NA,NA,NA,NA,NA,NA,NA,NA,NA,NA,NA,NA,NA,NA,NA,NA,NA,NA,NA,NA,NA,NA,NA,NA,NA,NA,NA,NA,NA,NA,NA,NA,NA,NA,NA,NA,NA
ImmortalsOfAveum-Win64-Shipping.exe,NVIDIA GeForce RTX 4060 Ti,12th Gen Intel(R) Core(TM) i7-12700,3840x2160,D3D12,0,20336,0x0000000063F0AD60,0,0,Hardware Composed: Independent Flip,0,4537.772205,17.383,15.889,0.190,0.346,0.427,0.020,NA,2775,9001,71,54,NA,NA,NA,NA,NA,NA,0.567,0.820,0.567,70,101,101,NA,4368,14, 42,42.855, 65,31,0,20,0,18,0,13,0,74,0,79,0,0,0,0,0,14,11,8,8,NA,NA,NA,NA,NA,NA,NA,NA,NA,NA,NA,NA,NA,NA,NA,NA,NA,NA,NA,NA,NA,NA,NA,NA,NA,NA,NA,NA,NA,NA,NA,NA,NA,NA,NA,NA,NA,NA,NA,NA,NA,NA,NA,NA,NA,NA,NA,NA
ImmortalsOfAveum-Win64-Shipping.exe,NVIDIA GeForce RTX 4060 Ti,12th Gen Intel(R) Core(TM) i7-12700,3840x2160,D3D12,0,20336,0x0000000063F0AD60,0,0,Hardware Composed: Independent Flip,0,4537.789380,17.175,18.716,0.234,1.901,1.968,0.111,NA,2775,9001,71,54,NA,NA,NA,NA,NA,NA,0.574,0.830,0.574,70,101,101,NA,4368,14, 42,42.855, 65,31,0,20,0,18,0,13,0,74,0,79,0,0,0,0,0,14,11,8,8,NA,NA,NA,NA,NA,NA,NA,NA,NA,NA,NA,NA,NA,NA,NA,NA,NA,NA,NA,NA,NA,NA,NA,NA,NA,NA,NA,NA,NA,NA,NA,NA,NA,NA,NA,NA,NA,NA,NA,NA,NA,NA,NA,NA,NA,NA,NA,NA
ImmortalsOfAveum-Win64-Shipping.exe,NVIDIA GeForce RTX 4060 Ti,12th Gen Intel(R) Core(TM) i7-12700,3840x2160,D3D12,0,20336,0x0000000063F0AD60,0,0,Hardware Composed: Independent Flip,0,4537.804030,14.650,13.287,0.147,0.523,0.605,0.036,NA,2775,9001,71,54,NA,NA,NA,NA,NA,NA,0.673,0.973,0.673,70,101,101,NA,4368,14, 42,42.855, 65,31,0,20,0,18,0,13,0,74,0,79,0,0,0,0,0,14,11,8,8,NA,NA,NA,NA,NA,NA,NA,NA,NA,NA,NA,NA,NA,NA,NA,NA,NA,NA,NA,NA,NA,NA,NA,NA,NA,NA,NA,NA,NA,NA,NA,NA,NA,NA,NA,NA,NA,NA,NA,NA,NA,NA,NA,NA,NA,NA,NA,NA
ImmortalsOfAveum-Win64-Shipping.exe,NVIDIA GeForce RTX 4060 Ti,12th Gen Intel(R) Core(TM) i7-12700,3840x2160,D3D12,0,20336,0x0000000063F0AD60,0,0,Hardware Composed: Independent Flip,0,4537.820772,16.742,18.359,0.229,2.209,2.222,0.132,NA,2775,9001,71,54,NA,NA,NA,NA,NA,NA,0.589,0.852,0.589,70,101,101,NA,4368,14, 41,42.759, 65,31,0,20,0,18,0,13,0,74,0,79,0,0,0,0,0,14,11,8,8,NA,NA,NA,NA,NA,NA,NA,NA,NA,NA,NA,NA,NA,NA,NA,NA,NA,NA,NA,NA,NA,NA,NA,NA,NA,NA,NA,NA,NA,NA,NA,NA,NA,NA,NA,NA,NA,NA,NA,NA,NA,NA,NA,NA,NA,NA,NA,NA
ImmortalsOfAveum-Win64-Shipping.exe,NVIDIA GeForce RTX 4060 Ti,12th Gen Intel(R) Core(TM) i7-12700,3840x2160,D3D12,0,20336,0x0000000063F0AD60,0,0,Hardware Composed: Independent Flip,0,4537.838354,17.581,18.479,0.160,0.355,3.120,0.020,NA,2775,9001,71,54,NA,NA,NA,NA,NA,NA,0.561,0.811,0.561,70,101,101,NA,4368,14, 41,42.759, 65,31,0,20,0,18,0,13,0,74,0,79,0,0,0,0,0,14,11,8,8,NA,NA,NA,NA,NA,NA,NA,NA,NA,NA,NA,NA,NA,NA,NA,NA,NA,NA,NA,NA,NA,NA,NA,NA,NA,NA,NA,NA,NA,NA,NA,NA,NA,NA,NA,NA,NA,NA,NA,NA,NA,NA,NA,NA,NA,NA,NA,NA
ImmortalsOfAveum-Win64-Shipping.exe,NVIDIA GeForce RTX 4060 Ti,12th Gen Intel(R) Core(TM) i7-12700,3840x2160,D3D12,0,20336,0x0000000063F0AD60,0,0,Hardware Composed: Independent Flip,0,4537.855171,16.818,15.679,0.213,1.967,1.981,0.117,NA,2775,9001,62,53,NA,NA,NA,NA,NA,NA,0.586,0.848,0.586,70,101,101,NA,4367,15, 41,42.759, 65,31,1,21,1,16,1,12,1,76,1,77,1,1,1,1,1,16,13,11,11,NA,NA,NA,NA,NA,NA,NA,NA,NA,NA,NA,NA,NA,NA,NA,NA,NA,NA,NA,NA,NA,NA,NA,NA,NA,NA,NA,NA,NA,NA,NA,NA,NA,NA,NA,NA,NA,NA,NA,NA,NA,NA,NA,NA,NA,NA,NA,NA
ImmortalsOfAveum-Win64-Shipping.exe,NVIDIA GeForce RTX 4060 Ti,12th Gen Intel(R) Core(TM) i7-12700,3840x2160,D3D12,0,20336,0x0000000063F0AD60,0,0,Hardware Composed: Independent Flip,0,4537.870852,15.681,16.974,0.147,0.553,3.273,0.035,NA,2775,9001,62,53,NA,NA,NA,NA,NA,NA,0.629,0.909,0.629,70,101,101,NA,4367,15, 41,42.759, 65,31,1,21,1,16,1,12,1,76,1,77,1,1,1,1,1,16,13,11,11,NA,NA,NA,NA,NA,NA,NA,NA,NA,NA,NA,NA,NA,NA,NA,NA,NA,NA,NA,NA,NA,NA,NA,NA,NA,NA,NA,NA,NA,NA,NA,NA,NA,NA,NA,NA,NA,NA,NA,NA,NA,NA,NA,NA,NA,NA,NA,NA
ImmortalsOfAveum-Win64-Shipping.exe,NVIDIA GeForce RTX 4060 Ti,12th Gen Intel(R) Core(TM) i7-12700,3840x2160,D3D12,0,20336,0x0000000063F0AD60,0,0,Hardware Composed: Independent Flip,0,4537.887838,16.986,15.564,0.233,1.837,1.852,0.108,NA,2775,9001,62,53,NA,NA,NA,NA,NA,NA,0.581,0.839,0.581,70,101,101,NA,4367,15, 41,42.759, 65,31,1,21,1,16,1,12,1,76,1,77,1,1,1,1,1,16,13,11,11,NA,NA,NA,NA,NA,NA,NA,NA,NA,NA,NA,NA,NA,NA,NA,NA,NA,NA,NA,NA,NA,NA,NA,NA,NA,NA,NA,NA,NA,NA,NA,NA,NA,NA,NA,NA,NA,NA,NA,NA,NA,NA,NA,NA,NA,NA,NA,NA
ImmortalsOfAveum-Win64-Shipping.exe,NVIDIA GeForce RTX 4060 Ti,12th Gen Intel(R) Core(TM) i7-12700,3840x2160,D3D12,0,20336,0x0000000063F0AD60,0,0,Hardware Composed: Independent Flip,0,4537.905047,17.209,17.770,0.157,0.350,2.413,0.020,NA,2775,9001,62,53,NA,NA,NA,NA,NA,NA,0.573,0.828,0.573,70,101,101,NA,4367,15, 41,42.759, 65,31,1,21,1,16,1,12,1,76,1,77,1,1,1,1,1,16,13,11,11,NA,NA,NA,NA,NA,NA,NA,NA,NA,NA,NA,NA,NA,NA,NA,NA,NA,NA,NA,NA,NA,NA,NA,NA,NA,NA,NA,NA,NA,NA,NA,NA,NA,NA,NA,NA,NA,NA,NA,NA,NA,NA,NA,NA,NA,NA,NA,NA
ImmortalsOfAveum-Win64-Shipping.exe,NVIDIA GeForce RTX 4060 Ti,12th Gen Intel(R) Core(TM) i7-12700,3840x2160,D3D12,0,20336,0x0000000063F0AD60,0,0,Hardware Composed: Independent Flip,0,4537.921971,16.924,16.426,0.209,1.903,1.915,0.112,NA,2775,9001,62,53,NA,NA,NA,NA,NA,NA,0.583,0.842,0.583,70,101,101,NA,4367,15, 41,42.759, 65,31,1,21,1,16,1,12,1,76,1,77,1,1,1,1,1,16,13,11,11,NA,NA,NA,NA,NA,NA,NA,NA,NA,NA,NA,NA,NA,NA,NA,NA,NA,NA,NA,NA,NA,NA,NA,NA,NA,NA,NA,NA,NA,NA,NA,NA,NA,NA,NA,NA,NA,NA,NA,NA,NA,NA,NA,NA,NA,NA,NA,NA
ImmortalsOfAveum-Win64-Shipping.exe,NVIDIA GeForce RTX 4060 Ti,12th Gen Intel(R) Core(TM) i7-12700,3840x2160,D3D12,0,20336,0x0000000063F0AD60,0,0,Hardware Composed: Independent Flip,0,4537.937631,15.660,15.241,0.149,0.545,1.495,0.035,NA,2775,9001,62,53,NA,NA,NA,NA,NA,NA,0.630,0.910,0.630,70,101,101,NA,4367,15, 41,42.759, 65,31,1,21,1,16,1,12,1,76,1,77,1,1,1,1,1,16,13,11,11,NA,NA,NA,NA,NA,NA,NA,NA,NA,NA,NA,NA,NA,NA,NA,NA,NA,NA,NA,NA,NA,NA,NA,NA,NA,NA,NA,NA,NA,NA,NA,NA,NA,NA,NA,NA,NA,NA,NA,NA,NA,NA,NA,NA,NA,NA,NA,NA
ImmortalsOfAveum-Win64-Shipping.exe,NVIDIA GeForce RTX 4060 Ti,12th Gen Intel(R) Core(TM) i7-12700,3840x2160,D3D12,0,20336,0x0000000063F0AD60,0,0,Hardware Composed: Independent Flip,0,4537.954590,16.959,17.542,0.243,2.019,2.078,0.119,NA,2775,9001,62,53,NA,NA,NA,NA,NA,NA,0.582,0.841,0.582,70,101,101,NA,4367,15, 41,42.759, 65,31,1,21,1,16,1,12,1,76,1,77,1,1,1,1,1,16,13,11,11,NA,NA,NA,NA,NA,NA,NA,NA,NA,NA,NA,NA,NA,NA,NA,NA,NA,NA,NA,NA,NA,NA,NA,NA,NA,NA,NA,NA,NA,NA,NA,NA,NA,NA,NA,NA,NA,NA,NA,NA,NA,NA,NA,NA,NA,NA,NA,NA
ImmortalsOfAveum-Win64-Shipping.exe,NVIDIA GeForce RTX 4060 Ti,12th Gen Intel(R) Core(TM) i7-12700,3840x2160,D3D12,0,20336,0x0000000063F0AD60,0,0,Hardware Composed: Independent Flip,0,4537.971976,17.386,17.195,0.174,0.354,1.887,0.020,NA,2775,9001,62,53,NA,NA,NA,NA,NA,NA,0.567,0.820,0.567,70,101,101,NA,4367,15, 41,42.759, 65,31,1,21,1,16,1,12,1,76,1,77,1,1,1,1,1,16,13,11,11,NA,NA,NA,NA,NA,NA,NA,NA,NA,NA,NA,NA,NA,NA,NA,NA,NA,NA,NA,NA,NA,NA,NA,NA,NA,NA,NA,NA,NA,NA,NA,NA,NA,NA,NA,NA,NA,NA,NA,NA,NA,NA,NA,NA,NA,NA,NA,NA
ImmortalsOfAveum-Win64-Shipping.exe,NVIDIA GeForce RTX 4060 Ti,12th Gen Intel(R) Core(TM) i7-12700,3840x2160,D3D12,0,20336,0x0000000063F0AD60,0,0,Hardware Composed: Independent Flip,0,4537.988953,16.977,16.827,0.205,1.715,1.737,0.101,NA,2775,9001,62,53,NA,NA,NA,NA,NA,NA,0.581,0.840,0.581,70,101,101,NA,4367,15, 41,42.759, 65,31,1,21,1,16,1,12,1,76,1,77,1,1,1,1,1,16,13,11,11,NA,NA,NA,NA,NA,NA,NA,NA,NA,NA,NA,NA,NA,NA,NA,NA,NA,NA,NA,NA,NA,NA,NA,NA,NA,NA,NA,NA,NA,NA,NA,NA,NA,NA,NA,NA,NA,NA,NA,NA,NA,NA,NA,NA,NA,NA,NA,NA
ImmortalsOfAveum-Win64-Shipping.exe,NVIDIA GeForce RTX 4060 Ti,12th Gen Intel(R) Core(TM) i7-12700,3840x2160,D3D12,0,20336,0x0000000063F0AD60,0,0,Hardware Composed: Independent Flip,0,4538.004596,15.643,16.117,0.171,0.504,2.211,0.032,NA,2775,9001,62,53,NA,NA,NA,NA,NA,NA,0.630,0.911,0.630,70,101,101,NA,4367,15, 41,42.759, 65,31,1,21,1,16,1,12,1,76,1,77,1,1,1,1,1,16,13,11,11,NA,NA,NA,NA,NA,NA,NA,NA,NA,NA,NA,NA,NA,NA,NA,NA,NA,NA,NA,NA,NA,NA,NA,NA,NA,NA,NA,NA,NA,NA,NA,NA,NA,NA,NA,NA,NA,NA,NA,NA,NA,NA,NA,NA,NA,NA,NA,NA
ImmortalsOfAveum-Win64-Shipping.exe,NVIDIA GeForce RTX 4060 Ti,12th Gen Intel(R) Core(TM) i7-12700,3840x2160,D3D12,0,20336,0x0000000063F0AD60,0,0,Hardware Composed: Independent Flip,0,4538.021550,16.954,17.033,0.233,2.279,2.291,0.134,NA,2775,9001,62,53,NA,NA,NA,NA,NA,NA,0.582,0.841,0.582,70,101,101,NA,4367,15, 41,42.590, 65,31,1,21,1,16,1,12,1,76,1,77,1,1,1,1,1,16,13,11,11,NA,NA,NA,NA,NA,NA,NA,NA,NA,NA,NA,NA,NA,NA,NA,NA,NA,NA,NA,NA,NA,NA,NA,NA,NA,NA,NA,NA,NA,NA,NA,NA,NA,NA,NA,NA,NA,NA,NA,NA,NA,NA,NA,NA,NA,NA,NA,NA
ImmortalsOfAveum-Win64-Shipping.exe,NVIDIA GeForce RTX 4060 Ti,12th Gen Intel(R) Core(TM) i7-12700,3840x2160,D3D12,0,20336,0x0000000063F0AD60,0,0,Hardware Composed: Independent Flip,0,4538.037560,16.010,16.291,0.154,0.541,2.571,0.034,NA,2775,9001,62,53,NA,NA,NA,NA,NA,NA,0.616,0.890,0.616,70,101,101,NA,4367,15, 41,42.590, 65,31,1,21,1,16,1,12,1,76,1,77,1,1,1,1,1,16,13,11,11,NA,NA,NA,NA,NA,NA,NA,NA,NA,NA,NA,NA,NA,NA,NA,NA,NA,NA,NA,NA,NA,NA,NA,NA,NA,NA,NA,NA,NA,NA,NA,NA,NA,NA,NA,NA,NA,NA,NA,NA,NA,NA,NA,NA,NA,NA,NA,NA
ImmortalsOfAveum-Win64-Shipping.exe,NVIDIA GeForce RTX 4060 Ti,12th Gen Intel(R) Core(TM) i7-12700,3840x2160,D3D12,0,20336,0x0000000063F0AD60,0,0,Hardware Composed: Independent Flip,0,4538.054194,16.634,15.927,0.193,1.849,1.864,0.111,NA,2775,9001,62,53,NA,NA,NA,NA,NA,NA,0.593,0.857,0.593,70,101,101,NA,4367,15, 41,42.590, 65,31,1,21,1,16,1,12,1,76,1,77,1,1,1,1,1,16,13,11,11,NA,NA,NA,NA,NA,NA,NA,NA,NA,NA,NA,NA,NA,NA,NA,NA,NA,NA,NA,NA,NA,NA,NA,NA,NA,NA,NA,NA,NA,NA,NA,NA,NA,NA,NA,NA,NA,NA,NA,NA,NA,NA,NA,NA,NA,NA,NA,NA
ImmortalsOfAveum-Win64-Shipping.exe,NVIDIA GeForce RTX 4060 Ti,12th Gen Intel(R) Core(TM) i7-12700,3840x2160,D3D12,0,20336,0x0000000063F0AD60,0,0,Hardware Composed: Independent Flip,0,4538.072521,18.327,19.217,0.165,0.359,2.753,0.020,NA,2775,9001,62,53,NA,NA,NA,NA,NA,NA,0.538,0.778,0.538,70,101,101,NA,4367,15, 41,42.590, 65,31,1,21,1,16,1,12,1,76,1,77,1,1,1,1,1,16,13,11,11,NA,NA,NA,NA,NA,NA,NA,NA,NA,NA,NA,NA,NA,NA,NA,NA,NA,NA,NA,NA,NA,NA,NA,NA,NA,NA,NA,NA,NA,NA,NA,NA,NA,NA,NA,NA,NA,NA,NA,NA,NA,NA,NA,NA,NA,NA,NA,NA
ImmortalsOfAveum-Win64-Shipping.exe,NVIDIA GeForce RTX 4060 Ti,12th Gen Intel(R) Core(TM) i7-12700,3840x2160,D3D12,0,20336,0x0000000063F0AD60,0,0,Hardware Composed: Independent Flip,0,4538.089849,17.327,17.123,0.205,2.535,2.550,0.146,NA,2775,9001,62,53,NA,NA,NA,NA,NA,NA,0.569,0.823,0.569,70,101,101,NA,4367,15, 41,42.590, 65,31,1,21,1,16,1,12,1,76,1,77,1,1,1,1,1,16,13,11,11,NA,NA,NA,NA,NA,NA,NA,NA,NA,NA,NA,NA,NA,NA,NA,NA,NA,NA,NA,NA,NA,NA,NA,NA,NA,NA,NA,NA,NA,NA,NA,NA,NA,NA,NA,NA,NA,NA,NA,NA,NA,NA,NA,NA,NA,NA,NA,NA
ImmortalsOfAveum-Win64-Shipping.exe,NVIDIA GeForce RTX 4060 Ti,12th Gen Intel(R) Core(TM) i7-12700,3840x2160,D3D12,0,20336,0x0000000063F0AD60,0,0,Hardware Composed: Independent Flip,0,4538.106240,16.392,15.136,0.146,0.556,1.294,0.034,NA,2775,9001,62,53,NA,NA,NA,NA,NA,NA,0.602,0.870,0.602,70,101,101,NA,4367,15, 41,42.590, 65,31,1,21,1,16,1,12,1,76,1,77,1,1,1,1,1,16,13,11,11,NA,NA,NA,NA,NA,NA,NA,NA,NA,NA,NA,NA,NA,NA,NA,NA,NA,NA,NA,NA,NA,NA,NA,NA,NA,NA,NA,NA,NA,NA,NA,NA,NA,NA,NA,NA,NA,NA,NA,NA,NA,NA,NA,NA,NA,NA,NA,NA
ImmortalsOfAveum-Win64-Shipping.exe,NVIDIA GeForce RTX 4060 Ti,12th Gen Intel(R) Core(TM) i7-12700,3840x2160,D3D12,0,20336,0x0000000063F0AD60,0,0,Hardware Composed: Independent Flip,0,4538.123655,17.414,17.943,0.207,1.810,1.823,0.104,NA,2775,9001,62,53,NA,NA,NA,NA,NA,NA,0.566,0.819,0.566,70,101,101,NA,4367,15, 41,42.590, 65,31,1,21,1,16,1,12,1,76,1,77,1,1,1,1,1,16,13,11,11,NA,NA,NA,NA,NA,NA,NA,NA,NA,NA,NA,NA,NA,NA,NA,NA,NA,NA,NA,NA,NA,NA,NA,NA,NA,NA,NA,NA,NA,NA,NA,NA,NA,NA,NA,NA,NA,NA,NA,NA,NA,NA,NA,NA,NA,NA,NA,NA
ImmortalsOfAveum-Win64-Shipping.exe,NVIDIA GeForce RTX 4060 Ti,12th Gen Intel(R) Core(TM) i7-12700,3840x2160,D3D12,0,20336,0x0000000063F0AD60,0,0,Hardware Composed: Independent Flip,0,4538.138359,14.705,15.133,0.149,0.536,2.252,0.036,NA,2775,9001,62,53,NA,NA,NA,NA,NA,NA,0.671,0.970,0.671,70,101,101,NA,4367,15, 41,42.590, 65,31,1,21,1,16,1,12,1,76,1,77,1,1,1,1,1,16,13,11,11,NA,NA,NA,NA,NA,NA,NA,NA,NA,NA,NA,NA,NA,NA,NA,NA,NA,NA,NA,NA,NA,NA,NA,NA,NA,NA,NA,NA,NA,NA,NA,NA,NA,NA,NA,NA,NA,NA,NA,NA,NA,NA,NA,NA,NA,NA,NA,NA
ImmortalsOfAveum-Win64-Shipping.exe,NVIDIA GeForce RTX 4060 Ti,12th Gen Intel(R) Core(TM) i7-12700,3840x2160,D3D12,0,20336,0x0000000063F0AD60,0,0,Hardware Composed: Independent Flip,0,4538.155039,16.679,16.825,0.220,2.385,2.398,0.143,NA,2775,9001,62,53,NA,NA,NA,NA,NA,NA,0.591,0.855,0.591,70,101,101,NA,4367,15, 41,42.590, 65,31,1,21,1,16,1,12,1,76,1,77,1,1,1,1,1,16,13,11,11,NA,NA,NA,NA,NA,NA,NA,NA,NA,NA,NA,NA,NA,NA,NA,NA,NA,NA,NA,NA,NA,NA,NA,NA,NA,NA,NA,NA,NA,NA,NA,NA,NA,NA,NA,NA,NA,NA,NA,NA,NA,NA,NA,NA,NA,NA,NA,NA
ImmortalsOfAveum-Win64-Shipping.exe,NVIDIA GeForce RTX 4060 Ti,12th Gen Intel(R) Core(TM) i7-12700,3840x2160,D3D12,0,20336,0x0000000063F0AD60,0,0,Hardware Composed: Independent Flip,0,4538.171220,16.182,17.367,0.141,0.560,3.583,0.035,NA,2775,9001,62,53,NA,NA,NA,NA,NA,NA,0.609,0.881,0.609,70,101,101,NA,4367,15, 41,42.590, 65,31,1,21,1,16,1,12,1,76,1,77,1,1,1,1,1,16,13,11,11,NA,NA,NA,NA,NA,NA,NA,NA,NA,NA,NA,NA,NA,NA,NA,NA,NA,NA,NA,NA,NA,NA,NA,NA,NA,NA,NA,NA,NA,NA,NA,NA,NA,NA,NA,NA,NA,NA,NA,NA,NA,NA,NA,NA,NA,NA,NA,NA
ImmortalsOfAveum-Win64-Shipping.exe,NVIDIA GeForce RTX 4060 Ti,12th Gen Intel(R) Core(TM) i7-12700,3840x2160,D3D12,0,20336,0x0000000063F0AD60,0,0,Hardware Composed: Independent Flip,0,4538.187821,16.601,15.392,0.196,2.360,2.373,0.142,NA,2775,9001,62,53,NA,NA,NA,NA,NA,NA,0.594,0.859,0.594,70,101,101,NA,4367,15, 41,42.590, 65,31,1,21,1,16,1,12,1,76,1,77,1,1,1,1,1,16,13,11,11,NA,NA,NA,NA,NA,NA,NA,NA,NA,NA,NA,NA,NA,NA,NA,NA,NA,NA,NA,NA,NA,NA,NA,NA,NA,NA,NA,NA,NA,NA,NA,NA,NA,NA,NA,NA,NA,NA,NA,NA,NA,NA,NA,NA,NA,NA,NA,NA
ImmortalsOfAveum-Win64-Shipping.exe,NVIDIA GeForce RTX 4060 Ti,12th Gen Intel(R) Core(TM) i7-12700,3840x2160,D3D12,0,20336,0x0000000063F0AD60,0,0,Hardware Composed: Independent Flip,0,4538.205576,17.755,18.574,0.178,0.366,3.193,0.021,NA,2775,9001,62,53,NA,NA,NA,NA,NA,NA,0.555,0.803,0.555,70,101,101,NA,4367,15, 41,41.525, 65,31,1,21,1,16,1,12,1,76,1,77,1,1,1,1,1,16,13,11,11,NA,NA,NA,NA,NA,NA,NA,NA,NA,NA,NA,NA,NA,NA,NA,NA,NA,NA,NA,NA,NA,NA,NA,NA,NA,NA,NA,NA,NA,NA,NA,NA,NA,NA,NA,NA,NA,NA,NA,NA,NA,NA,NA,NA,NA,NA,NA,NA
ImmortalsOfAveum-Win64-Shipping.exe,NVIDIA GeForce RTX 4060 Ti,12th Gen Intel(R) Core(TM) i7-12700,3840x2160,D3D12,0,20336,0x0000000063F0AD60,0,0,Hardware Composed: Independent Flip,0,4538.222717,17.140,16.501,0.232,2.540,2.554,0.148,NA,2775,9001,62,53,NA,NA,NA,NA,NA,NA,0.575,0.832,0.575,70,101,101,NA,4367,15, 41,41.525, 65,31,1,21,1,16,1,12,1,76,1,77,1,1,1,1,1,16,13,11,11,NA,NA,NA,NA,NA,NA,NA,NA,NA,NA,NA,NA,NA,NA,NA,NA,NA,NA,NA,NA,NA,NA,NA,NA,NA,NA,NA,NA,NA,NA,NA,NA,NA,NA,NA,NA,NA,NA,NA,NA,NA,NA,NA,NA,NA,NA,NA,NA
ImmortalsOfAveum-Win64-Shipping.exe,NVIDIA GeForce RTX 4060 Ti,12th Gen Intel(R) Core(TM) i7-12700,3840x2160,D3D12,0,20336,0x0000000063F0AD60,0,0,Hardware Composed: Independent Flip,0,4538.238145,15.428,14.596,0.168,0.493,1.721,0.032,NA,2775,9001,62,53,NA,NA,NA,NA,NA,NA,0.639,0.924,0.639,70,101,101,NA,4367,15, 41,41.525, 65,31,1,21,1,16,1,12,1,76,1,77,1,1,1,1,1,16,13,11,11,NA,NA,NA,NA,NA,NA,NA,NA,NA,NA,NA,NA,NA,NA,NA,NA,NA,NA,NA,NA,NA,NA,NA,NA,NA,NA,NA,NA,NA,NA,NA,NA,NA,NA,NA,NA,NA,NA,NA,NA,NA,NA,NA,NA,NA,NA,NA,NA
ImmortalsOfAveum-Win64-Shipping.exe,NVIDIA GeForce RTX 4060 Ti,12th Gen Intel(R) Core(TM) i7-12700,3840x2160,D3D12,0,20336,0x0000000063F0AD60,0,0,Hardware Composed: Independent Flip,0,4538.255065,16.920,17.615,0.216,2.401,2.416,0.142,NA,2775,9001,62,53,NA,NA,NA,NA,NA,NA,0.583,0.843,0.583,70,101,101,NA,4367,15, 41,41.525, 65,31,1,21,1,16,1,12,1,76,1,77,1,1,1,1,1,16,13,11,11,NA,NA,NA,NA,NA,NA,NA,NA,NA,NA,NA,NA,NA,NA,NA,NA,NA,NA,NA,NA,NA,NA,NA,NA,NA,NA,NA,NA,NA,NA,NA,NA,NA,NA,NA,NA,NA,NA,NA,NA,NA,NA,NA,NA,NA,NA,NA,NA
ImmortalsOfAveum-Win64-Shipping.exe,NVIDIA GeForce RTX 4060 Ti,12th Gen Intel(R) Core(TM) i7-12700,3840x2160,D3D12,0,20336,0x0000000063F0AD60,0,0,Hardware Composed: Independent Flip,0,4538.271335,16.269,16.566,0.151,0.540,2.712,0.033,NA,2775,9001,62,53,NA,NA,NA,NA,NA,NA,0.606,0.876,0.606,70,101,101,NA,4367,15, 41,41.525, 65,31,1,21,1,16,1,12,1,76,1,77,1,1,1,1,1,16,13,11,11,NA,NA,NA,NA,NA,NA,NA,NA,NA,NA,NA,NA,NA,NA,NA,NA,NA,NA,NA,NA,NA,NA,NA,NA,NA,NA,NA,NA,NA,NA,NA,NA,NA,NA,NA,NA,NA,NA,NA,NA,NA,NA,NA,NA,NA,NA,NA,NA
ImmortalsOfAveum-Win64-Shipping.exe,NVIDIA GeForce RTX 4060 Ti,12th Gen Intel(R) Core(TM) i7-12700,3840x2160,D3D12,0,20336,0x0000000063F0AD60,0,0,Hardware Composed: Independent Flip,0,4538.288014,16.679,16.568,0.217,2.588,2.601,0.155,NA,2775,9001,62,53,NA,NA,NA,NA,NA,NA,0.591,0.855,0.591,70,101,101,NA,4367,15, 41,41.525, 65,31,1,21,1,16,1,12,1,76,1,77,1,1,1,1,1,16,13,11,11,NA,NA,NA,NA,NA,NA,NA,NA,NA,NA,NA,NA,NA,NA,NA,NA,NA,NA,NA,NA,NA,NA,NA,NA,NA,NA,NA,NA,NA,NA,NA,NA,NA,NA,NA,NA,NA,NA,NA,NA,NA,NA,NA,NA,NA,NA,NA,NA
ImmortalsOfAveum-Win64-Shipping.exe,NVIDIA GeForce RTX 4060 Ti,12th Gen Intel(R) Core(TM) i7-12700,3840x2160,D3D12,0,20336,0x0000000063F0AD60,0,0,Hardware Composed: Independent Flip,0,4538.305923,17.909,18.332,0.168,0.345,3.024,0.019,NA,2775,9001,62,53,NA,NA,NA,NA,NA,NA,0.551,0.796,0.551,70,101,101,NA,4367,15, 41,41.525, 65,31,1,21,1,16,1,12,1,76,1,77,1,1,1,1,1,16,13,11,11,NA,NA,NA,NA,NA,NA,NA,NA,NA,NA,NA,NA,NA,NA,NA,NA,NA,NA,NA,NA,NA,NA,NA,NA,NA,NA,NA,NA,NA,NA,NA,NA,NA,NA,NA,NA,NA,NA,NA,NA,NA,NA,NA,NA,NA,NA,NA,NA
ImmortalsOfAveum-Win64-Shipping.exe,NVIDIA GeForce RTX 4060 Ti,12th Gen Intel(R) Core(TM) i7-12700,3840x2160,D3D12,0,20336,0x0000000063F0AD60,0,0,Hardware Composed: Independent Flip,0,4538.323234,17.311,16.360,0.233,2.060,2.073,0.119,NA,2775,9001,62,53,NA,NA,NA,NA,NA,NA,0.570,0.824,0.570,70,101,101,NA,4367,15, 41,41.525, 65,31,1,21,1,16,1,12,1,76,1,77,1,1,1,1,1,16,13,11,11,NA,NA,NA,NA,NA,NA,NA,NA,NA,NA,NA,NA,NA,NA,NA,NA,NA,NA,NA,NA,NA,NA,NA,NA,NA,NA,NA,NA,NA,NA,NA,NA,NA,NA,NA,NA,NA,NA,NA,NA,NA,NA,NA,NA,NA,NA,NA,NA
ImmortalsOfAveum-Win64-Shipping.exe,NVIDIA GeForce RTX 4060 Ti,12th Gen Intel(R) Core(TM) i7-12700,3840x2160,D3D12,0,20336,0x0000000063F0AD60,0,0,Hardware Composed: Independent Flip,0,4538.338092,14.857,15.128,0.164,0.543,2.343,0.037,NA,2775,9001,62,53,NA,NA,NA,NA,NA,NA,0.664,0.960,0.664,70,101,101,NA,4367,15, 41,41.525, 65,31,1,21,1,16,1,12,1,76,1,77,1,1,1,1,1,16,13,11,11,NA,NA,NA,NA,NA,NA,NA,NA,NA,NA,NA,NA,NA,NA,NA,NA,NA,NA,NA,NA,NA,NA,NA,NA,NA,NA,NA,NA,NA,NA,NA,NA,NA,NA,NA,NA,NA,NA,NA,NA,NA,NA,NA,NA,NA,NA,NA,NA
ImmortalsOfAveum-Win64-Shipping.exe,NVIDIA GeForce RTX 4060 Ti,12th Gen Intel(R) Core(TM) i7-12700,3840x2160,D3D12,0,20336,0x0000000063F0AD60,0,0,Hardware Composed: Independent Flip,0,4538.355060,16.968,17.123,0.242,2.485,2.498,0.146,NA,2775,9001,62,53,NA,NA,NA,NA,NA,NA,0.581,0.840,0.581,70,101,101,NA,4367,15, 41,41.525, 65,31,1,21,1,16,1,12,1,76,1,77,1,1,1,1,1,16,13,11,11,NA,NA,NA,NA,NA,NA,NA,NA,NA,NA,NA,NA,NA,NA,NA,NA,NA,NA,NA,NA,NA,NA,NA,NA,NA,NA,NA,NA,NA,NA,NA,NA,NA,NA,NA,NA,NA,NA,NA,NA,NA,NA,NA,NA,NA,NA,NA,NA
ImmortalsOfAveum-Win64-Shipping.exe,NVIDIA GeForce RTX 4060 Ti,12th Gen Intel(R) Core(TM) i7-12700,3840x2160,D3D12,0,20336,0x0000000063F0AD60,0,0,Hardware Composed: Independent Flip,0,4538.371934,16.875,17.135,0.164,0.357,2.759,0.021,NA,2775,9001,62,53,NA,NA,NA,NA,NA,NA,0.583,0.844,0.583,70,101,101,NA,4374,13, 41,41.525, 65,26,0,17,0,14,0,12,0,74,0,76,0,0,0,0,0,13,9,8,7,NA,NA,NA,NA,NA,NA,NA,NA,NA,NA,NA,NA,NA,NA,NA,NA,NA,NA,NA,NA,NA,NA,NA,NA,NA,NA,NA,NA,NA,NA,NA,NA,NA,NA,NA,NA,NA,NA,NA,NA,NA,NA,NA,NA,NA,NA,NA,NA
ImmortalsOfAveum-Win64-Shipping.exe,NVIDIA GeForce RTX 4060 Ti,12th Gen Intel(R) Core(TM) i7-12700,3840x2160,D3D12,0,20336,0x0000000063F0AD60,0,0,Hardware Composed: Independent Flip,0,4538.388686,16.752,15.985,0.229,1.970,1.992,0.118,NA,2775,9001,62,53,NA,NA,NA,NA,NA,NA,0.587,0.850,0.587,70,101,101,NA,4374,13, 41,41.525, 65,26,0,17,0,14,0,12,0,74,0,76,0,0,0,0,0,13,9,8,7,NA,NA,NA,NA,NA,NA,NA,NA,NA,NA,NA,NA,NA,NA,NA,NA,NA,NA,NA,NA,NA,NA,NA,NA,NA,NA,NA,NA,NA,NA,NA,NA,NA,NA,NA,NA,NA,NA,NA,NA,NA,NA,NA,NA,NA,NA,NA,NA
ImmortalsOfAveum-Win64-Shipping.exe,NVIDIA GeForce RTX 4060 Ti,12th Gen Intel(R) Core(TM) i7-12700,3840x2160,D3D12,0,20336,0x0000000063F0AD60,0,0,Hardware Composed: Independent Flip,0,4538.404573,15.887,17.031,0.159,0.745,3.135,0.047,NA,2775,9001,62,53,NA,NA,NA,NA,NA,NA,0.619,0.896,0.619,70,101,101,NA,4374,13, 41,41.525, 65,26,0,17,0,14,0,12,0,74,0,76,0,0,0,0,0,13,9,8,7,NA,NA,NA,NA,NA,NA,NA,NA,NA,NA,NA,NA,NA,NA,NA,NA,NA,NA,NA,NA,NA,NA,NA,NA,NA,NA,NA,NA,NA,NA,NA,NA,NA,NA,NA,NA,NA,NA,NA,NA,NA,NA,NA,NA,NA,NA,NA,NA
ImmortalsOfAveum-Win64-Shipping.exe,NVIDIA GeForce RTX 4060 Ti,12th Gen Intel(R) Core(TM) i7-12700,3840x2160,D3D12,0,20336,0x0000000063F0AD60,0,0,Hardware Composed: Independent Flip,0,4538.421444,16.872,15.630,0.203,1.834,1.893,0.109,NA,2775,9001,62,53,NA,NA,NA,NA,NA,NA,0.583,0.844,0.583,70,101,101,NA,4374,13, 42,41.825, 65,26,0,17,0,14,0,12,0,74,0,76,0,0,0,0,0,13,9,8,7,NA,NA,NA,NA,NA,NA,NA,NA,NA,NA,NA,NA,NA,NA,NA,NA,NA,NA,NA,NA,NA,NA,NA,NA,NA,NA,NA,NA,NA,NA,NA,NA,NA,NA,NA,NA,NA,NA,NA,NA,NA,NA,NA,NA,NA,NA,NA,NA
ImmortalsOfAveum-Win64-Shipping.exe,NVIDIA GeForce RTX 4060 Ti,12th Gen Intel(R) Core(TM) i7-12700,3840x2160,D3D12,0,20336,0x0000000063F0AD60,0,0,Hardware Composed: Independent Flip,0,4538.438662,17.218,17.526,0.161,0.354,2.201,0.021,NA,2775,9001,62,53,NA,NA,NA,NA,NA,NA,0.571,0.827,0.571,70,101,101,NA,4374,13, 42,41.825, 65,26,0,17,0,14,0,12,0,74,0,76,0,0,0,0,0,13,9,8,7,NA,NA,NA,NA,NA,NA,NA,NA,NA,NA,NA,NA,NA,NA,NA,NA,NA,NA,NA,NA,NA,NA,NA,NA,NA,NA,NA,NA,NA,NA,NA,NA,NA,NA,NA,NA,NA,NA,NA,NA,NA,NA,NA,NA,NA,NA,NA,NA
ImmortalsOfAveum-Win64-Shipping.exe,NVIDIA GeForce RTX 4060 Ti,12th Gen Intel(R) Core(TM) i7-12700,3840x2160,D3D12,0,20336,0x0000000063F0AD60,0,0,Hardware Composed: Independent Flip,0,4538.455516,16.854,17.309,0.367,2.636,2.657,0.156,NA,2775,9001,62,53,NA,NA,NA,NA,NA,NA,0.584,0.845,0.584,70,101,101,NA,4374,13, 42,41.825, 65,26,0,17,0,14,0,12,0,74,0,76,0,0,0,0,0,13,9,8,7,NA,NA,NA,NA,NA,NA,NA,NA,NA,NA,NA,NA,NA,NA,NA,NA,NA,NA,NA,NA,NA,NA,NA,NA,NA,NA,NA,NA,NA,NA,NA,NA,NA,NA,NA,NA,NA,NA,NA,NA,NA,NA,NA,NA,NA,NA,NA,NA
ImmortalsOfAveum-Win64-Shipping.exe,NVIDIA GeForce RTX 4060 Ti,12th Gen Intel(R) Core(TM) i7-12700,3840x2160,D3D12,0,20336,0x0000000063F0AD60,0,0,Hardware Composed: Independent Flip,0,4538.472142,16.627,15.370,0.187,0.506,1.401,0.030,NA,2775,9001,62,53,NA,NA,NA,NA,NA,NA,0.592,0.856,0.592,70,101,101,NA,4374,13, 42,41.825, 65,26,0,17,0,14,0,12,0,74,0,76,0,0,0,0,0,13,9,8,7,NA,NA,NA,NA,NA,NA,NA,NA,NA,NA,NA,NA,NA,NA,NA,NA,NA,NA,NA,NA,NA,NA,NA,NA,NA,NA,NA,NA,NA,NA,NA,NA,NA,NA,NA,NA,NA,NA,NA,NA,NA,NA,NA,NA,NA,NA,NA,NA
ImmortalsOfAveum-Win64-Shipping.exe,NVIDIA GeForce RTX 4060 Ti,12th Gen Intel(R) Core(TM) i7-12700,3840x2160,D3D12,0,20336,0x0000000063F0AD60,0,0,Hardware Composed: Independent Flip,0,4538.489123,16.981,17.271,0.194,1.632,1.691,0.096,NA,2775,9001,62,53,NA,NA,NA,NA,NA,NA,0.579,0.838,0.579,70,101,101,NA,4374,13, 42,41.825, 65,26,0,17,0,14,0,12,0,74,0,76,0,0,0,0,0,13,9,8,7,NA,NA,NA,NA,NA,NA,NA,NA,NA,NA,NA,NA,NA,NA,NA,NA,NA,NA,NA,NA,NA,NA,NA,NA,NA,NA,NA,NA,NA,NA,NA,NA,NA,NA,NA,NA,NA,NA,NA,NA,NA,NA,NA,NA,NA,NA,NA,NA
ImmortalsOfAveum-Win64-Shipping.exe,NVIDIA GeForce RTX 4060 Ti,12th Gen Intel(R) Core(TM) i7-12700,3840x2160,D3D12,0,20336,0x0000000063F0AD60,0,0,Hardware Composed: Independent Flip,0,4538.504547,15.424,16.132,0.149,0.558,2.399,0.036,NA,2775,9001,62,53,NA,NA,NA,NA,NA,NA,0.638,0.923,0.638,70,101,101,NA,4374,13, 42,41.825, 65,26,0,17,0,14,0,12,0,74,0,76,0,0,0,0,0,13,9,8,7,NA,NA,NA,NA,NA,NA,NA,NA,NA,NA,NA,NA,NA,NA,NA,NA,NA,NA,NA,NA,NA,NA,NA,NA,NA,NA,NA,NA,NA,NA,NA,NA,NA,NA,NA,NA,NA,NA,NA,NA,NA,NA,NA,NA,NA,NA,NA,NA
ImmortalsOfAveum-Win64-Shipping.exe,NVIDIA GeForce RTX 4060 Ti,12th Gen Intel(R) Core(TM) i7-12700,3840x2160,D3D12,0,20336,0x0000000063F0AD60,0,0,Hardware Composed: Independent Flip,0,4538.521287,16.739,16.369,0.247,1.969,2.028,0.118,NA,2775,9001,62,53,NA,NA,NA,NA,NA,NA,0.588,0.851,0.588,70,101,101,NA,4374,13, 42,41.825, 65,26,0,17,0,14,0,12,0,74,0,76,0,0,0,0,0,13,9,8,7,NA,NA,NA,NA,NA,NA,NA,NA,NA,NA,NA,NA,NA,NA,NA,NA,NA,NA,NA,NA,NA,NA,NA,NA,NA,NA,NA,NA,NA,NA,NA,NA,NA,NA,NA,NA,NA,NA,NA,NA,NA,NA,NA,NA,NA,NA,NA,NA
ImmortalsOfAveum-Win64-Shipping.exe,NVIDIA GeForce RTX 4060 Ti,12th Gen Intel(R) Core(TM) i7-12700,3840x2160,D3D12,0,20336,0x0000000063F0AD60,0,0,Hardware Composed: Independent Flip,0,4538.538787,17.500,18.231,0.169,0.353,2.758,0.020,NA,2775,9001,62,53,NA,NA,NA,NA,NA,NA,0.562,0.814,0.562,70,101,101,NA,4374,13, 42,41.825, 65,26,0,17,0,14,0,12,0,74,0,76,0,0,0,0,0,13,9,8,7,NA,NA,NA,NA,NA,NA,NA,NA,NA,NA,NA,NA,NA,NA,NA,NA,NA,NA,NA,NA,NA,NA,NA,NA,NA,NA,NA,NA,NA,NA,NA,NA,NA,NA,NA,NA,NA,NA,NA,NA,NA,NA,NA,NA,NA,NA,NA,NA
ImmortalsOfAveum-Win64-Shipping.exe,NVIDIA GeForce RTX 4060 Ti,12th Gen Intel(R) Core(TM) i7-12700,3840x2160,D3D12,0,20336,0x0000000063F0AD60,0,0,Hardware Composed: Independent Flip,0,4538.555792,17.005,15.942,0.204,1.637,1.695,0.096,NA,2775,9001,62,53,NA,NA,NA,NA,NA,NA,0.578,0.837,0.578,70,101,101,NA,4374,13, 42,41.825, 65,26,0,17,0,14,0,12,0,74,0,76,0,0,0,0,0,13,9,8,7,NA,NA,NA,NA,NA,NA,NA,NA,NA,NA,NA,NA,NA,NA,NA,NA,NA,NA,NA,NA,NA,NA,NA,NA,NA,NA,NA,NA,NA,NA,NA,NA,NA,NA,NA,NA,NA,NA,NA,NA,NA,NA,NA,NA,NA,NA,NA,NA
ImmortalsOfAveum-Win64-Shipping.exe,NVIDIA GeForce RTX 4060 Ti,12th Gen Intel(R) Core(TM) i7-12700,3840x2160,D3D12,0,20336,0x0000000063F0AD60,0,0,Hardware Composed: Independent Flip,0,4538.571590,15.798,16.012,0.144,0.438,1.910,0.028,NA,2775,9001,62,53,NA,NA,NA,NA,NA,NA,0.623,0.901,0.623,70,101,101,NA,4374,13, 42,41.825, 65,26,0,17,0,14,0,12,0,74,0,76,0,0,0,0,0,13,9,8,7,NA,NA,NA,NA,NA,NA,NA,NA,NA,NA,NA,NA,NA,NA,NA,NA,NA,NA,NA,NA,NA,NA,NA,NA,NA,NA,NA,NA,NA,NA,NA,NA,NA,NA,NA,NA,NA,NA,NA,NA,NA,NA,NA,NA,NA,NA,NA,NA
ImmortalsOfAveum-Win64-Shipping.exe,NVIDIA GeForce RTX 4060 Ti,12th Gen Intel(R) Core(TM) i7-12700,3840x2160,D3D12,0,20336,0x0000000063F0AD60,0,0,Hardware Composed: Independent Flip,0,4538.588603,17.013,16.973,0.214,1.801,1.869,0.106,NA,2775,9001,62,53,NA,NA,NA,NA,NA,NA,0.578,0.837,0.578,70,101,101,NA,4374,13, 42,41.825, 65,26,0,17,0,14,0,12,0,74,0,76,0,0,0,0,0,13,9,8,7,NA,NA,NA,NA,NA,NA,NA,NA,NA,NA,NA,NA,NA,NA,NA,NA,NA,NA,NA,NA,NA,NA,NA,NA,NA,NA,NA,NA,NA,NA,NA,NA,NA,NA,NA,NA,NA,NA,NA,NA,NA,NA,NA,NA,NA,NA,NA,NA
ImmortalsOfAveum-Win64-Shipping.exe,NVIDIA GeForce RTX 4060 Ti,12th Gen Intel(R) Core(TM) i7-12700,3840x2160,D3D12,0,20336,0x0000000063F0AD60,0,0,Hardware Composed: Independent Flip,0,4538.604388,15.785,16.089,0.133,0.733,2.173,0.046,NA,2775,9001,62,53,NA,NA,NA,NA,NA,NA,0.623,0.902,0.623,70,101,101,NA,4374,13, 42,41.825, 65,26,0,17,0,14,0,12,0,74,0,76,0,0,0,0,0,13,9,8,7,NA,NA,NA,NA,NA,NA,NA,NA,NA,NA,NA,NA,NA,NA,NA,NA,NA,NA,NA,NA,NA,NA,NA,NA,NA,NA,NA,NA,NA,NA,NA,NA,NA,NA,NA,NA,NA,NA,NA,NA,NA,NA,NA,NA,NA,NA,NA,NA
ImmortalsOfAveum-Win64-Shipping.exe,NVIDIA GeForce RTX 4060 Ti,12th Gen Intel(R) Core(TM) i7-12700,3840x2160,D3D12,0,20336,0x0000000063F0AD60,0,0,Hardware Composed: Independent Flip,0,4538.620931,16.543,16.757,0.190,2.325,2.388,0.141,NA,2775,9001,62,53,NA,NA,NA,NA,NA,NA,0.595,0.861,0.595,70,101,101,NA,4374,13, 40,41.660, 65,26,0,17,0,14,0,12,0,74,0,76,0,0,0,0,0,13,9,8,7,NA,NA,NA,NA,NA,NA,NA,NA,NA,NA,NA,NA,NA,NA,NA,NA,NA,NA,NA,NA,NA,NA,NA,NA,NA,NA,NA,NA,NA,NA,NA,NA,NA,NA,NA,NA,NA,NA,NA,NA,NA,NA,NA,NA,NA,NA,NA,NA
ImmortalsOfAveum-Win64-Shipping.exe,NVIDIA GeForce RTX 4060 Ti,12th Gen Intel(R) Core(TM) i7-12700,3840x2160,D3D12,0,20336,0x0000000063F0AD60,0,0,Hardware Composed: Independent Flip,0,4538.638673,17.742,17.563,0.171,0.353,2.210,0.020,NA,2775,9001,62,53,NA,NA,NA,NA,NA,NA,0.554,0.802,0.554,70,101,101,NA,4374,13, 40,41.660, 65,26,0,17,0,14,0,12,0,74,0,76,0,0,0,0,0,13,9,8,7,NA,NA,NA,NA,NA,NA,NA,NA,NA,NA,NA,NA,NA,NA,NA,NA,NA,NA,NA,NA,NA,NA,NA,NA,NA,NA,NA,NA,NA,NA,NA,NA,NA,NA,NA,NA,NA,NA,NA,NA,NA,NA,NA,NA,NA,NA,NA,NA
ImmortalsOfAveum-Win64-Shipping.exe,NVIDIA GeForce RTX 4060 Ti,12th Gen Intel(R) Core(TM) i7-12700,3840x2160,D3D12,0,20336,0x0000000063F0AD60,0,0,Hardware Composed: Independent Flip,0,4538.655591,16.919,17.035,0.225,2.266,2.325,0.134,NA,2775,9001,62,53,NA,NA,NA,NA,NA,NA,0.581,0.842,0.581,70,101,101,NA,4374,13, 40,41.660, 65,26,0,17,0,14,0,12,0,74,0,76,0,0,0,0,0,13,9,8,7,NA,NA,NA,NA,NA,NA,NA,NA,NA,NA,NA,NA,NA,NA,NA,NA,NA,NA,NA,NA,NA,NA,NA,NA,NA,NA,NA,NA,NA,NA,NA,NA,NA,NA,NA,NA,NA,NA,NA,NA,NA,NA,NA,NA,NA,NA,NA,NA
ImmortalsOfAveum-Win64-Shipping.exe,NVIDIA GeForce RTX 4060 Ti,12th Gen Intel(R) Core(TM) i7-12700,3840x2160,D3D12,0,20336,0x0000000063F0AD60,0,0,Hardware Composed: Independent Flip,0,4538.671654,16.063,15.744,0.157,0.559,2.006,0.035,NA,2775,9001,62,53,NA,NA,NA,NA,NA,NA,0.612,0.886,0.612,70,101,101,NA,4374,13, 40,41.660, 65,26,0,17,0,14,0,12,0,74,0,76,0,0,0,0,0,13,9,8,7,NA,NA,NA,NA,NA,NA,NA,NA,NA,NA,NA,NA,NA,NA,NA,NA,NA,NA,NA,NA,NA,NA,NA,NA,NA,NA,NA,NA,NA,NA,NA,NA,NA,NA,NA,NA,NA,NA,NA,NA,NA,NA,NA,NA,NA,NA,NA,NA
ImmortalsOfAveum-Win64-Shipping.exe,NVIDIA GeForce RTX 4060 Ti,12th Gen Intel(R) Core(TM) i7-12700,3840x2160,D3D12,0,20336,0x0000000063F0AD60,0,0,Hardware Composed: Independent Flip,0,4538.688622,16.967,16.689,0.204,1.667,1.728,0.098,NA,2775,9001,62,53,NA,NA,NA,NA,NA,NA,0.580,0.839,0.580,70,101,101,NA,4374,13, 40,41.660, 65,26,0,17,0,14,0,12,0,74,0,76,0,0,0,0,0,13,9,8,7,NA,NA,NA,NA,NA,NA,NA,NA,NA,NA,NA,NA,NA,NA,NA,NA,NA,NA,NA,NA,NA,NA,NA,NA,NA,NA,NA,NA,NA,NA,NA,NA,NA,NA,NA,NA,NA,NA,NA,NA,NA,NA,NA,NA,NA,NA,NA,NA
ImmortalsOfAveum-Win64-Shipping.exe,NVIDIA GeForce RTX 4060 Ti,12th Gen Intel(R) Core(TM) i7-12700,3840x2160,D3D12,0,20336,0x0000000063F0AD60,0,0,Hardware Composed: Independent Flip,0,4538.705733,17.111,17.808,0.182,0.338,2.425,0.020,NA,2775,9001,62,53,NA,NA,NA,NA,NA,NA,0.575,0.832,0.575,70,101,101,NA,4374,13, 40,41.660, 65,26,0,17,0,14,0,12,0,74,0,76,0,0,0,0,0,13,9,8,7,NA,NA,NA,NA,NA,NA,NA,NA,NA,NA,NA,NA,NA,NA,NA,NA,NA,NA,NA,NA,NA,NA,NA,NA,NA,NA,NA,NA,NA,NA,NA,NA,NA,NA,NA,NA,NA,NA,NA,NA,NA,NA,NA,NA,NA,NA,NA,NA
ImmortalsOfAveum-Win64-Shipping.exe,NVIDIA GeForce RTX 4060 Ti,12th Gen Intel(R) Core(TM) i7-12700,3840x2160,D3D12,0,20336,0x0000000063F0AD60,0,0,Hardware Composed: Independent Flip,0,4538.722681,16.949,16.628,0.188,2.043,2.104,0.121,NA,2775,9001,62,53,NA,NA,NA,NA,NA,NA,0.580,0.840,0.580,70,101,101,NA,4374,13, 40,41.660, 65,26,0,17,0,14,0,12,0,74,0,76,0,0,0,0,0,13,9,8,7,NA,NA,NA,NA,NA,NA,NA,NA,NA,NA,NA,NA,NA,NA,NA,NA,NA,NA,NA,NA,NA,NA,NA,NA,NA,NA,NA,NA,NA,NA,NA,NA,NA,NA,NA,NA,NA,NA,NA,NA,NA,NA,NA,NA,NA,NA,NA,NA
ImmortalsOfAveum-Win64-Shipping.exe,NVIDIA GeForce RTX 4060 Ti,12th Gen Intel(R) Core(TM) i7-12700,3840x2160,D3D12,0,20336,0x0000000063F0AD60,0,0,Hardware Composed: Independent Flip,0,4538.737501,14.820,14.782,0.148,0.545,2.066,0.037,NA,2775,9001,62,53,NA,NA,NA,NA,NA,NA,0.664,0.961,0.664,70,101,101,NA,4374,13, 40,41.660, 65,26,0,17,0,14,0,12,0,74,0,76,0,0,0,0,0,13,9,8,7,NA,NA,NA,NA,NA,NA,NA,NA,NA,NA,NA,NA,NA,NA,NA,NA,NA,NA,NA,NA,NA,NA,NA,NA,NA,NA,NA,NA,NA,NA,NA,NA,NA,NA,NA,NA,NA,NA,NA,NA,NA,NA,NA,NA,NA,NA,NA,NA
ImmortalsOfAveum-Win64-Shipping.exe,NVIDIA GeForce RTX 4060 Ti,12th Gen Intel(R) Core(TM) i7-12700,3840x2160,D3D12,0,20336,0x0000000063F0AD60,0,0,Hardware Composed: Independent Flip,0,4538.754202,16.700,16.694,0.186,1.998,2.060,0.120,NA,2775,9001,62,53,NA,NA,NA,NA,NA,NA,0.589,0.853,0.589,70,101,101,NA,4374,13, 40,41.660, 65,26,0,17,0,14,0,12,0,74,0,76,0,0,0,0,0,13,9,8,7,NA,NA,NA,NA,NA,NA,NA,NA,NA,NA,NA,NA,NA,NA,NA,NA,NA,NA,NA,NA,NA,NA,NA,NA,NA,NA,NA,NA,NA,NA,NA,NA,NA,NA,NA,NA,NA,NA,NA,NA,NA,NA,NA,NA,NA,NA,NA,NA
ImmortalsOfAveum-Win64-Shipping.exe,NVIDIA GeForce RTX 4060 Ti,12th Gen Intel(R) Core(TM) i7-12700,3840x2160,D3D12,0,20336,0x0000000063F0AD60,0,0,Hardware Composed: Independent Flip,0,4538.771682,17.480,18.205,0.158,0.352,2.785,0.020,NA,2775,9001,62,53,NA,NA,NA,NA,NA,NA,0.563,0.815,0.563,70,101,101,NA,4374,13, 40,41.660, 65,26,0,17,0,14,0,12,0,74,0,76,0,0,0,0,0,13,9,8,7,NA,NA,NA,NA,NA,NA,NA,NA,NA,NA,NA,NA,NA,NA,NA,NA,NA,NA,NA,NA,NA,NA,NA,NA,NA,NA,NA,NA,NA,NA,NA,NA,NA,NA,NA,NA,NA,NA,NA,NA,NA,NA,NA,NA,NA,NA,NA,NA
ImmortalsOfAveum-Win64-Shipping.exe,NVIDIA GeForce RTX 4060 Ti,12th Gen Intel(R) Core(TM) i7-12700,3840x2160,D3D12,0,20336,0x0000000063F0AD60,0,0,Hardware Composed: Independent Flip,0,4538.788422,16.741,16.112,0.195,2.094,2.156,0.125,NA,2775,9001,62,53,NA,NA,NA,NA,NA,NA,0.587,0.850,0.587,70,101,101,NA,4374,13, 40,41.660, 65,26,0,17,0,14,0,12,0,74,0,76,0,0,0,0,0,13,9,8,7,NA,NA,NA,NA,NA,NA,NA,NA,NA,NA,NA,NA,NA,NA,NA,NA,NA,NA,NA,NA,NA,NA,NA,NA,NA,NA,NA,NA,NA,NA,NA,NA,NA,NA,NA,NA,NA,NA,NA,NA,NA,NA,NA,NA,NA,NA,NA,NA
ImmortalsOfAveum-Win64-Shipping.exe,NVIDIA GeForce RTX 4060 Ti,12th Gen Intel(R) Core(TM) i7-12700,3840x2160,D3D12,0,20336,0x0000000063F0AD60,0,0,Hardware Composed: Independent Flip,0,4538.804411,15.988,16.244,0.144,0.740,2.412,0.046,NA,2775,9001,62,53,NA,NA,NA,NA,NA,NA,0.615,0.891,0.615,70,101,101,NA,4374,13, 40,41.660, 65,26,0,17,0,14,0,12,0,74,0,76,0,0,0,0,0,13,9,8,7,NA,NA,NA,NA,NA,NA,NA,NA,NA,NA,NA,NA,NA,NA,NA,NA,NA,NA,NA,NA,NA,NA,NA,NA,NA,NA,NA,NA,NA,NA,NA,NA,NA,NA,NA,NA,NA,NA,NA,NA,NA,NA,NA,NA,NA,NA,NA,NA
ImmortalsOfAveum-Win64-Shipping.exe,NVIDIA GeForce RTX 4060 Ti,12th Gen Intel(R) Core(TM) i7-12700,3840x2160,D3D12,0,20336,0x0000000063F0AD60,0,0,Hardware Composed: Independent Flip,0,4538.821390,16.980,16.338,0.218,1.712,1.771,0.101,NA,2775,9001,62,53,NA,NA,NA,NA,NA,NA,0.579,0.839,0.579,70,101,101,NA,4374,13, 41,42.051, 65,26,0,17,0,14,0,12,0,74,0,76,0,0,0,0,0,13,9,8,7,NA,NA,NA,NA,NA,NA,NA,NA,NA,NA,NA,NA,NA,NA,NA,NA,NA,NA,NA,NA,NA,NA,NA,NA,NA,NA,NA,NA,NA,NA,NA,NA,NA,NA,NA,NA,NA,NA,NA,NA,NA,NA,NA,NA,NA,NA,NA,NA
ImmortalsOfAveum-Win64-Shipping.exe,NVIDIA GeForce RTX 4060 Ti,12th Gen Intel(R) Core(TM) i7-12700,3840x2160,D3D12,0,20336,0x0000000063F0AD60,0,0,Hardware Composed: Independent Flip,0,4538.838574,17.184,17.364,0.171,0.358,1.952,0.021,NA,2775,9001,62,53,NA,NA,NA,NA,NA,NA,0.572,0.829,0.572,70,101,101,NA,4374,13, 41,42.051, 65,26,0,17,0,14,0,12,0,74,0,76,0,0,0,0,0,13,9,8,7,NA,NA,NA,NA,NA,NA,NA,NA,NA,NA,NA,NA,NA,NA,NA,NA,NA,NA,NA,NA,NA,NA,NA,NA,NA,NA,NA,NA,NA,NA,NA,NA,NA,NA,NA,NA,NA,NA,NA,NA,NA,NA,NA,NA,NA,NA,NA,NA
ImmortalsOfAveum-Win64-Shipping.exe,NVIDIA GeForce RTX 4060 Ti,12th Gen Intel(R) Core(TM) i7-12700,3840x2160,D3D12,0,20336,0x0000000063F0AD60,0,0,Hardware Composed: Independent Flip,0,4538.855427,16.853,17.294,0.195,2.332,2.392,0.138,NA,2775,9001,62,53,NA,NA,NA,NA,NA,NA,0.584,0.845,0.584,70,101,101,NA,4374,13, 41,42.051, 65,26,0,17,0,14,0,12,0,74,0,76,0,0,0,0,0,13,9,8,7,NA,NA,NA,NA,NA,NA,NA,NA,NA,NA,NA,NA,NA,NA,NA,NA,NA,NA,NA,NA,NA,NA,NA,NA,NA,NA,NA,NA,NA,NA,NA,NA,NA,NA,NA,NA,NA,NA,NA,NA,NA,NA,NA,NA,NA,NA,NA,NA
ImmortalsOfAveum-Win64-Shipping.exe,NVIDIA GeForce RTX 4060 Ti,12th Gen Intel(R) Core(TM) i7-12700,3840x2160,D3D12,0,20336,0x0000000063F0AD60,0,0,Hardware Composed: Independent Flip,0,4538.870460,15.033,14.278,0.128,0.559,1.637,0.037,NA,2775,9001,63,52,NA,NA,NA,NA,NA,NA,0.655,0.948,0.655,70,101,101,NA,4372,15, 41,42.051, 65,32,1,24,1,18,1,3,1,75,1,80,1,1,1,1,1,18,14,13,13,NA,NA,NA,NA,NA,NA,NA,NA,NA,NA,NA,NA,NA,NA,NA,NA,NA,NA,NA,NA,NA,NA,NA,NA,NA,NA,NA,NA,NA,NA,NA,NA,NA,NA,NA,NA,NA,NA,NA,NA,NA,NA,NA,NA,NA,NA,NA,NA
ImmortalsOfAveum-Win64-Shipping.exe,NVIDIA GeForce RTX 4060 Ti,12th Gen Intel(R) Core(TM) i7-12700,3840x2160,D3D12,0,20336,0x0000000063F0AD60,0,0,Hardware Composed: Independent Flip,0,4538.887158,16.698,17.270,0.235,2.148,2.209,0.129,NA,2775,9001,63,52,NA,NA,NA,NA,NA,NA,0.590,0.853,0.590,70,101,101,NA,4372,15, 41,42.051, 65,32,1,24,1,18,1,3,1,75,1,80,1,1,1,1,1,18,14,13,13,NA,NA,NA,NA,NA,NA,NA,NA,NA,NA,NA,NA,NA,NA,NA,NA,NA,NA,NA,NA,NA,NA,NA,NA,NA,NA,NA,NA,NA,NA,NA,NA,NA,NA,NA,NA,NA,NA,NA,NA,NA,NA,NA,NA,NA,NA,NA,NA
ImmortalsOfAveum-Win64-Shipping.exe,NVIDIA GeForce RTX 4060 Ti,12th Gen Intel(R) Core(TM) i7-12700,3840x2160,D3D12,0,20336,0x0000000063F0AD60,0,0,Hardware Composed: Independent Flip,0,4538.905779,18.621,19.337,0.178,0.344,2.925,0.018,NA,2775,9001,63,52,NA,NA,NA,NA,NA,NA,0.529,0.765,0.529,70,101,101,NA,4372,15, 41,42.051, 65,32,1,24,1,18,1,3,1,75,1,80,1,1,1,1,1,18,14,13,13,NA,NA,NA,NA,NA,NA,NA,NA,NA,NA,NA,NA,NA,NA,NA,NA,NA,NA,NA,NA,NA,NA,NA,NA,NA,NA,NA,NA,NA,NA,NA,NA,NA,NA,NA,NA,NA,NA,NA,NA,NA,NA,NA,NA,NA,NA,NA,NA
ImmortalsOfAveum-Win64-Shipping.exe,NVIDIA GeForce RTX 4060 Ti,12th Gen Intel(R) Core(TM) i7-12700,3840x2160,D3D12,0,20336,0x0000000063F0AD60,0,0,Hardware Composed: Independent Flip,0,4538.922848,17.069,16.542,0.246,2.338,2.398,0.137,NA,2775,9001,63,52,NA,NA,NA,NA,NA,NA,0.577,0.835,0.577,70,101,101,NA,4372,15, 41,42.051, 65,32,1,24,1,18,1,3,1,75,1,80,1,1,1,1,1,18,14,13,13,NA,NA,NA,NA,NA,NA,NA,NA,NA,NA,NA,NA,NA,NA,NA,NA,NA,NA,NA,NA,NA,NA,NA,NA,NA,NA,NA,NA,NA,NA,NA,NA,NA,NA,NA,NA,NA,NA,NA,NA,NA,NA,NA,NA,NA,NA,NA,NA
ImmortalsOfAveum-Win64-Shipping.exe,NVIDIA GeForce RTX 4060 Ti,12th Gen Intel(R) Core(TM) i7-12700,3840x2160,D3D12,0,20336,0x0000000063F0AD60,0,0,Hardware Composed: Independent Flip,0,4538.938058,15.210,14.868,0.162,0.519,2.056,0.034,NA,2775,9001,63,52,NA,NA,NA,NA,NA,NA,0.648,0.937,0.648,70,101,101,NA,4372,15, 41,42.051, 65,32,1,24,1,18,1,3,1,75,1,80,1,1,1,1,1,18,14,13,13,NA,NA,NA,NA,NA,NA,NA,NA,NA,NA,NA,NA,NA,NA,NA,NA,NA,NA,NA,NA,NA,NA,NA,NA,NA,NA,NA,NA,NA,NA,NA,NA,NA,NA,NA,NA,NA,NA,NA,NA,NA,NA,NA,NA,NA,NA,NA,NA
ImmortalsOfAveum-Win64-Shipping.exe,NVIDIA GeForce RTX 4060 Ti,12th Gen Intel(R) Core(TM) i7-12700,3840x2160,D3D12,0,20336,0x0000000063F0AD60,0,0,Hardware Composed: Independent Flip,0,4538.955186,17.128,17.657,0.273,2.524,2.585,0.147,NA,2775,9001,63,52,NA,NA,NA,NA,NA,NA,0.575,0.832,0.575,70,101,101,NA,4372,15, 41,42.051, 65,32,1,24,1,18,1,3,1,75,1,80,1,1,1,1,1,18,14,13,13,NA,NA,NA,NA,NA,NA,NA,NA,NA,NA,NA,NA,NA,NA,NA,NA,NA,NA,NA,NA,NA,NA,NA,NA,NA,NA,NA,NA,NA,NA,NA,NA,NA,NA,NA,NA,NA,NA,NA,NA,NA,NA,NA,NA,NA,NA,NA,NA
ImmortalsOfAveum-Win64-Shipping.exe,NVIDIA GeForce RTX 4060 Ti,12th Gen Intel(R) Core(TM) i7-12700,3840x2160,D3D12,0,20336,0x0000000063F0AD60,0,0,Hardware Composed: Independent Flip,0,4538.971535,16.349,16.674,0.170,0.542,2.911,0.033,NA,2775,9001,63,52,NA,NA,NA,NA,NA,NA,0.603,0.872,0.603,70,101,101,NA,4372,15, 41,42.051, 65,32,1,24,1,18,1,3,1,75,1,80,1,1,1,1,1,18,14,13,13,NA,NA,NA,NA,NA,NA,NA,NA,NA,NA,NA,NA,NA,NA,NA,NA,NA,NA,NA,NA,NA,NA,NA,NA,NA,NA,NA,NA,NA,NA,NA,NA,NA,NA,NA,NA,NA,NA,NA,NA,NA,NA,NA,NA,NA,NA,NA,NA
ImmortalsOfAveum-Win64-Shipping.exe,NVIDIA GeForce RTX 4060 Ti,12th Gen Intel(R) Core(TM) i7-12700,3840x2160,D3D12,0,20336,0x0000000063F0AD60,0,0,Hardware Composed: Independent Flip,0,4538.988208,16.673,16.328,0.188,2.506,2.566,0.150,NA,2775,9001,63,52,NA,NA,NA,NA,NA,NA,0.591,0.855,0.591,70,101,101,NA,4372,15, 41,42.051, 65,32,1,24,1,18,1,3,1,75,1,80,1,1,1,1,1,18,14,13,13,NA,NA,NA,NA,NA,NA,NA,NA,NA,NA,NA,NA,NA,NA,NA,NA,NA,NA,NA,NA,NA,NA,NA,NA,NA,NA,NA,NA,NA,NA,NA,NA,NA,NA,NA,NA,NA,NA,NA,NA,NA,NA,NA,NA,NA,NA,NA,NA
ImmortalsOfAveum-Win64-Shipping.exe,NVIDIA GeForce RTX 4060 Ti,12th Gen Intel(R) Core(TM) i7-12700,3840x2160,D3D12,0,20336,0x0000000063F0AD60,0,0,Hardware Composed: Independent Flip,0,4539.004517,16.309,17.347,0.141,0.745,3.605,0.046,NA,2775,9001,63,52,NA,NA,NA,NA,NA,NA,0.604,0.874,0.604,70,101,101,NA,4372,15, 41,42.051, 65,32,1,24,1,18,1,3,1,75,1,80,1,1,1,1,1,18,14,13,13,NA,NA,NA,NA,NA,NA,NA,NA,NA,NA,NA,NA,NA,NA,NA,NA,NA,NA,NA,NA,NA,NA,NA,NA,NA,NA,NA,NA,NA,NA,NA,NA,NA,NA,NA,NA,NA,NA,NA,NA,NA,NA,NA,NA,NA,NA,NA,NA
ImmortalsOfAveum-Win64-Shipping.exe,NVIDIA GeForce RTX 4060 Ti,12th Gen Intel(R) Core(TM) i7-12700,3840x2160,D3D12,0,20336,0x0000000063F0AD60,0,0,Hardware Composed: Independent Flip,0,4539.021518,17.001,15.149,0.244,1.693,1.753,0.100,NA,2775,9001,63,52,NA,NA,NA,NA,NA,NA,0.580,0.838,0.580,70,101,101,NA,4372,15, 40,41.965, 65,32,1,24,1,18,1,3,1,75,1,80,1,1,1,1,1,18,14,13,13,NA,NA,NA,NA,NA,NA,NA,NA,NA,NA,NA,NA,NA,NA,NA,NA,NA,NA,NA,NA,NA,NA,NA,NA,NA,NA,NA,NA,NA,NA,NA,NA,NA,NA,NA,NA,NA,NA,NA,NA,NA,NA,NA,NA,NA,NA,NA,NA
ImmortalsOfAveum-Win64-Shipping.exe,NVIDIA GeForce RTX 4060 Ti,12th Gen Intel(R) Core(TM) i7-12700,3840x2160,D3D12,0,20336,0x0000000063F0AD60,0,0,Hardware Composed: Independent Flip,0,4539.038617,17.099,18.028,0.186,0.345,2.682,0.020,NA,2775,9001,63,52,NA,NA,NA,NA,NA,NA,0.576,0.833,0.576,70,101,101,NA,4372,15, 40,41.965, 65,32,1,24,1,18,1,3,1,75,1,80,1,1,1,1,1,18,14,13,13,NA,NA,NA,NA,NA,NA,NA,NA,NA,NA,NA,NA,NA,NA,NA,NA,NA,NA,NA,NA,NA,NA,NA,NA,NA,NA,NA,NA,NA,NA,NA,NA,NA,NA,NA,NA,NA,NA,NA,NA,NA,NA,NA,NA,NA,NA,NA,NA
ImmortalsOfAveum-Win64-Shipping.exe,NVIDIA GeForce RTX 4060 Ti,12th Gen Intel(R) Core(TM) i7-12700,3840x2160,D3D12,0,20336,0x0000000063F0AD60,0,0,Hardware Composed: Independent Flip,0,4539.055596,16.979,16.058,0.200,1.750,1.761,0.103,NA,2775,9001,63,52,NA,NA,NA,NA,NA,NA,0.580,0.839,0.580,70,101,101,NA,4372,15, 40,41.965, 65,32,1,24,1,18,1,3,1,75,1,80,1,1,1,1,1,18,14,13,13,NA,NA,NA,NA,NA,NA,NA,NA,NA,NA,NA,NA,NA,NA,NA,NA,NA,NA,NA,NA,NA,NA,NA,NA,NA,NA,NA,NA,NA,NA,NA,NA,NA,NA,NA,NA,NA,NA,NA,NA,NA,NA,NA,NA,NA,NA,NA,NA
ImmortalsOfAveum-Win64-Shipping.exe,NVIDIA GeForce RTX 4060 Ti,12th Gen Intel(R) Core(TM) i7-12700,3840x2160,D3D12,0,20336,0x0000000063F0AD60,0,0,Hardware Composed: Independent Flip,0,4539.071191,15.595,15.286,0.133,0.558,1.453,0.036,NA,2775,9001,63,52,NA,NA,NA,NA,NA,NA,0.632,0.914,0.632,70,101,101,NA,4372,15, 40,41.965, 65,32,1,24,1,18,1,3,1,75,1,80,1,1,1,1,1,18,14,13,13,NA,NA,NA,NA,NA,NA,NA,NA,NA,NA,NA,NA,NA,NA,NA,NA,NA,NA,NA,NA,NA,NA,NA,NA,NA,NA,NA,NA,NA,NA,NA,NA,NA,NA,NA,NA,NA,NA,NA,NA,NA,NA,NA,NA,NA,NA,NA,NA
ImmortalsOfAveum-Win64-Shipping.exe,NVIDIA GeForce RTX 4060 Ti,12th Gen Intel(R) Core(TM) i7-12700,3840x2160,D3D12,0,20336,0x0000000063F0AD60,0,0,Hardware Composed: Independent Flip,0,4539.088009,16.819,17.483,0.186,2.057,2.118,0.122,NA,2775,9001,63,52,NA,NA,NA,NA,NA,NA,0.586,0.847,0.586,70,101,101,NA,4372,15, 40,41.965, 65,32,1,24,1,18,1,3,1,75,1,80,1,1,1,1,1,18,14,13,13,NA,NA,NA,NA,NA,NA,NA,NA,NA,NA,NA,NA,NA,NA,NA,NA,NA,NA,NA,NA,NA,NA,NA,NA,NA,NA,NA,NA,NA,NA,NA,NA,NA,NA,NA,NA,NA,NA,NA,NA,NA,NA,NA,NA,NA,NA,NA,NA
ImmortalsOfAveum-Win64-Shipping.exe,NVIDIA GeForce RTX 4060 Ti,12th Gen Intel(R) Core(TM) i7-12700,3840x2160,D3D12,0,20336,0x0000000063F0AD60,0,0,Hardware Composed: Independent Flip,0,4539.105419,17.410,16.920,0.148,0.361,1.628,0.021,NA,2775,9001,63,52,NA,NA,NA,NA,NA,NA,0.566,0.819,0.566,70,101,101,NA,4372,15, 40,41.965, 65,32,1,24,1,18,1,3,1,75,1,80,1,1,1,1,1,18,14,13,13,NA,NA,NA,NA,NA,NA,NA,NA,NA,NA,NA,NA,NA,NA,NA,NA,NA,NA,NA,NA,NA,NA,NA,NA,NA,NA,NA,NA,NA,NA,NA,NA,NA,NA,NA,NA,NA,NA,NA,NA,NA,NA,NA,NA,NA,NA,NA,NA
ImmortalsOfAveum-Win64-Shipping.exe,NVIDIA GeForce RTX 4060 Ti,12th Gen Intel(R) Core(TM) i7-12700,3840x2160,D3D12,0,20336,0x0000000063F0AD60,0,0,Hardware Composed: Independent Flip,0,4539.122377,16.958,17.532,0.195,2.142,2.203,0.126,NA,2775,9001,63,52,NA,NA,NA,NA,NA,NA,0.581,0.840,0.581,70,101,101,NA,4372,15, 40,41.965, 65,32,1,24,1,18,1,3,1,75,1,80,1,1,1,1,1,18,14,13,13,NA,NA,NA,NA,NA,NA,NA,NA,NA,NA,NA,NA,NA,NA,NA,NA,NA,NA,NA,NA,NA,NA,NA,NA,NA,NA,NA,NA,NA,NA,NA,NA,NA,NA,NA,NA,NA,NA,NA,NA,NA,NA,NA,NA,NA,NA,NA,NA
ImmortalsOfAveum-Win64-Shipping.exe,NVIDIA GeForce RTX 4060 Ti,12th Gen Intel(R) Core(TM) i7-12700,3840x2160,D3D12,0,20336,0x0000000063F0AD60,0,0,Hardware Composed: Independent Flip,0,4539.138991,16.614,16.312,0.149,0.357,1.900,0.021,NA,2775,9001,63,52,NA,NA,NA,NA,NA,NA,0.593,0.858,0.593,70,101,101,NA,4372,15, 40,41.965, 65,32,1,24,1,18,1,3,1,75,1,80,1,1,1,1,1,18,14,13,13,NA,NA,NA,NA,NA,NA,NA,NA,NA,NA,NA,NA,NA,NA,NA,NA,NA,NA,NA,NA,NA,NA,NA,NA,NA,NA,NA,NA,NA,NA,NA,NA,NA,NA,NA,NA,NA,NA,NA,NA,NA,NA,NA,NA,NA,NA,NA,NA
ImmortalsOfAveum-Win64-Shipping.exe,NVIDIA GeForce RTX 4060 Ti,12th Gen Intel(R) Core(TM) i7-12700,3840x2160,D3D12,0,20336,0x0000000063F0AD60,0,0,Hardware Composed: Independent Flip,0,4539.156191,17.200,17.753,0.266,2.387,2.452,0.139,NA,2775,9001,63,52,NA,NA,NA,NA,NA,NA,0.573,0.829,0.573,70,101,101,NA,4372,15, 40,41.965, 65,32,1,24,1,18,1,3,1,75,1,80,1,1,1,1,1,18,14,13,13,NA,NA,NA,NA,NA,NA,NA,NA,NA,NA,NA,NA,NA,NA,NA,NA,NA,NA,NA,NA,NA,NA,NA,NA,NA,NA,NA,NA,NA,NA,NA,NA,NA,NA,NA,NA,NA,NA,NA,NA,NA,NA,NA,NA,NA,NA,NA,NA
ImmortalsOfAveum-Win64-Shipping.exe,NVIDIA GeForce RTX 4060 Ti,12th Gen Intel(R) Core(TM) i7-12700,3840x2160,D3D12,0,20336,0x0000000063F0AD60,0,0,Hardware Composed: Independent Flip,0,4539.171332,15.140,15.367,0.149,0.532,2.679,0.035,NA,2775,9001,63,52,NA,NA,NA,NA,NA,NA,0.651,0.941,0.651,70,101,101,NA,4372,15, 40,41.965, 65,32,1,24,1,18,1,3,1,75,1,80,1,1,1,1,1,18,14,13,13,NA,NA,NA,NA,NA,NA,NA,NA,NA,NA,NA,NA,NA,NA,NA,NA,NA,NA,NA,NA,NA,NA,NA,NA,NA,NA,NA,NA,NA,NA,NA,NA,NA,NA,NA,NA,NA,NA,NA,NA,NA,NA,NA,NA,NA,NA,NA,NA
ImmortalsOfAveum-Win64-Shipping.exe,NVIDIA GeForce RTX 4060 Ti,12th Gen Intel(R) Core(TM) i7-12700,3840x2160,D3D12,0,20336,0x0000000063F0AD60,0,0,Hardware Composed: Independent Flip,0,4539.187921,16.589,16.241,0.187,2.271,2.331,0.137,NA,2775,9001,63,52,NA,NA,NA,NA,NA,NA,0.594,0.859,0.594,70,101,101,NA,4372,15, 40,41.965, 65,32,1,24,1,18,1,3,1,75,1,80,1,1,1,1,1,18,14,13,13,NA,NA,NA,NA,NA,NA,NA,NA,NA,NA,NA,NA,NA,NA,NA,NA,NA,NA,NA,NA,NA,NA,NA,NA,NA,NA,NA,NA,NA,NA,NA,NA,NA,NA,NA,NA,NA,NA,NA,NA,NA,NA,NA,NA,NA,NA,NA,NA
ImmortalsOfAveum-Win64-Shipping.exe,NVIDIA GeForce RTX 4060 Ti,12th Gen Intel(R) Core(TM) i7-12700,3840x2160,D3D12,0,20336,0x0000000063F0AD60,0,0,Hardware Composed: Independent Flip,0,4539.205579,17.658,18.705,0.171,0.353,3.379,0.020,NA,2775,9001,63,52,NA,NA,NA,NA,NA,NA,0.558,0.807,0.558,70,101,101,NA,4372,15, 40,41.965, 65,32,1,24,1,18,1,3,1,75,1,80,1,1,1,1,1,18,14,13,13,NA,NA,NA,NA,NA,NA,NA,NA,NA,NA,NA,NA,NA,NA,NA,NA,NA,NA,NA,NA,NA,NA,NA,NA,NA,NA,NA,NA,NA,NA,NA,NA,NA,NA,NA,NA,NA,NA,NA,NA,NA,NA,NA,NA,NA,NA,NA,NA
ImmortalsOfAveum-Win64-Shipping.exe,NVIDIA GeForce RTX 4060 Ti,12th Gen Intel(R) Core(TM) i7-12700,3840x2160,D3D12,0,20336,0x0000000063F0AD60,0,0,Hardware Composed: Independent Flip,0,4539.222453,16.874,15.328,0.201,1.773,1.833,0.105,NA,2775,9001,63,52,NA,NA,NA,NA,NA,NA,0.584,0.845,0.584,70,101,101,NA,4372,15, 42,41.415, 65,32,1,24,1,18,1,3,1,75,1,80,1,1,1,1,1,18,14,13,13,NA,NA,NA,NA,NA,NA,NA,NA,NA,NA,NA,NA,NA,NA,NA,NA,NA,NA,NA,NA,NA,NA,NA,NA,NA,NA,NA,NA,NA,NA,NA,NA,NA,NA,NA,NA,NA,NA,NA,NA,NA,NA,NA,NA,NA,NA,NA,NA
ImmortalsOfAveum-Win64-Shipping.exe,NVIDIA GeForce RTX 4060 Ti,12th Gen Intel(R) Core(TM) i7-12700,3840x2160,D3D12,0,20336,0x0000000063F0AD60,0,0,Hardware Composed: Independent Flip,0,4539.237975,15.523,16.328,0.140,0.543,2.638,0.035,NA,2775,9001,63,52,NA,NA,NA,NA,NA,NA,0.635,0.918,0.635,70,101,101,NA,4372,15, 42,41.415, 65,32,1,24,1,18,1,3,1,75,1,80,1,1,1,1,1,18,14,13,13,NA,NA,NA,NA,NA,NA,NA,NA,NA,NA,NA,NA,NA,NA,NA,NA,NA,NA,NA,NA,NA,NA,NA,NA,NA,NA,NA,NA,NA,NA,NA,NA,NA,NA,NA,NA,NA,NA,NA,NA,NA,NA,NA,NA,NA,NA,NA,NA
ImmortalsOfAveum-Win64-Shipping.exe,NVIDIA GeForce RTX 4060 Ti,12th Gen Intel(R) Core(TM) i7-12700,3840x2160,D3D12,0,20336,0x0000000063F0AD60,0,0,Hardware Composed: Independent Flip,0,4539.255004,17.029,16.945,0.197,2.495,2.554,0.147,NA,2775,9001,63,52,NA,NA,NA,NA,NA,NA,0.579,0.837,0.579,70,101,101,NA,4372,15, 42,41.415, 65,32,1,24,1,18,1,3,1,75,1,80,1,1,1,1,1,18,14,13,13,NA,NA,NA,NA,NA,NA,NA,NA,NA,NA,NA,NA,NA,NA,NA,NA,NA,NA,NA,NA,NA,NA,NA,NA,NA,NA,NA,NA,NA,NA,NA,NA,NA,NA,NA,NA,NA,NA,NA,NA,NA,NA,NA,NA,NA,NA,NA,NA
ImmortalsOfAveum-Win64-Shipping.exe,NVIDIA GeForce RTX 4060 Ti,12th Gen Intel(R) Core(TM) i7-12700,3840x2160,D3D12,0,20336,0x0000000063F0AD60,0,0,Hardware Composed: Independent Flip,0,4539.271315,16.311,15.885,0.153,0.539,2.128,0.033,NA,2775,9001,63,52,NA,NA,NA,NA,NA,NA,0.604,0.874,0.604,70,101,101,NA,4372,15, 42,41.415, 65,32,1,24,1,18,1,3,1,75,1,80,1,1,1,1,1,18,14,13,13,NA,NA,NA,NA,NA,NA,NA,NA,NA,NA,NA,NA,NA,NA,NA,NA,NA,NA,NA,NA,NA,NA,NA,NA,NA,NA,NA,NA,NA,NA,NA,NA,NA,NA,NA,NA,NA,NA,NA,NA,NA,NA,NA,NA,NA,NA,NA,NA
ImmortalsOfAveum-Win64-Shipping.exe,NVIDIA GeForce RTX 4060 Ti,12th Gen Intel(R) Core(TM) i7-12700,3840x2160,D3D12,0,20336,0x0000000063F0AD60,0,0,Hardware Composed: Independent Flip,0,4539.288101,16.785,17.228,0.200,2.511,2.570,0.150,NA,2775,9001,63,52,NA,NA,NA,NA,NA,NA,0.587,0.849,0.587,70,101,101,NA,4372,15, 42,41.415, 65,32,1,24,1,18,1,3,1,75,1,80,1,1,1,1,1,18,14,13,13,NA,NA,NA,NA,NA,NA,NA,NA,NA,NA,NA,NA,NA,NA,NA,NA,NA,NA,NA,NA,NA,NA,NA,NA,NA,NA,NA,NA,NA,NA,NA,NA,NA,NA,NA,NA,NA,NA,NA,NA,NA,NA,NA,NA,NA,NA,NA,NA
ImmortalsOfAveum-Win64-Shipping.exe,NVIDIA GeForce RTX 4060 Ti,12th Gen Intel(R) Core(TM) i7-12700,3840x2160,D3D12,0,20336,0x0000000063F0AD60,0,0,Hardware Composed: Independent Flip,0,4539.306126,18.025,17.923,0.191,0.357,2.469,0.020,NA,2775,9001,63,52,NA,NA,NA,NA,NA,NA,0.547,0.791,0.547,70,101,101,NA,4372,15, 42,41.415, 65,32,1,24,1,18,1,3,1,75,1,80,1,1,1,1,1,18,14,13,13,NA,NA,NA,NA,NA,NA,NA,NA,NA,NA,NA,NA,NA,NA,NA,NA,NA,NA,NA,NA,NA,NA,NA,NA,NA,NA,NA,NA,NA,NA,NA,NA,NA,NA,NA,NA,NA,NA,NA,NA,NA,NA,NA,NA,NA,NA,NA,NA
ImmortalsOfAveum-Win64-Shipping.exe,NVIDIA GeForce RTX 4060 Ti,12th Gen Intel(R) Core(TM) i7-12700,3840x2160,D3D12,0,20336,0x0000000063F0AD60,0,0,Hardware Composed: Independent Flip,0,4539.323458,17.332,17.516,0.246,2.593,2.653,0.150,NA,2775,9001,63,52,NA,NA,NA,NA,NA,NA,0.568,0.822,0.568,70,101,101,NA,4372,15, 42,41.415, 65,32,1,24,1,18,1,3,1,75,1,80,1,1,1,1,1,18,14,13,13,NA,NA,NA,NA,NA,NA,NA,NA,NA,NA,NA,NA,NA,NA,NA,NA,NA,NA,NA,NA,NA,NA,NA,NA,NA,NA,NA,NA,NA,NA,NA,NA,NA,NA,NA,NA,NA,NA,NA,NA,NA,NA,NA,NA,NA,NA,NA,NA
ImmortalsOfAveum-Win64-Shipping.exe,NVIDIA GeForce RTX 4060 Ti,12th Gen Intel(R) Core(TM) i7-12700,3840x2160,D3D12,0,20336,0x0000000063F0AD60,0,0,Hardware Composed: Independent Flip,0,4539.337759,14.301,13.948,0.156,0.542,2.300,0.038,NA,2775,9001,63,52,NA,NA,NA,NA,NA,NA,0.689,0.997,0.689,70,101,101,NA,4372,15, 42,41.415, 65,32,1,24,1,18,1,3,1,75,1,80,1,1,1,1,1,18,14,13,13,NA,NA,NA,NA,NA,NA,NA,NA,NA,NA,NA,NA,NA,NA,NA,NA,NA,NA,NA,NA,NA,NA,NA,NA,NA,NA,NA,NA,NA,NA,NA,NA,NA,NA,NA,NA,NA,NA,NA,NA,NA,NA,NA,NA,NA,NA,NA,NA
ImmortalsOfAveum-Win64-Shipping.exe,NVIDIA GeForce RTX 4060 Ti,12th Gen Intel(R) Core(TM) i7-12700,3840x2160,D3D12,0,20336,0x0000000063F0AD60,0,0,Hardware Composed: Independent Flip,0,4539.354658,16.899,16.942,0.234,2.281,2.342,0.135,NA,2775,9001,63,52,NA,NA,NA,NA,NA,NA,0.583,0.843,0.583,70,101,101,NA,4372,15, 42,41.415, 65,32,1,24,1,18,1,3,1,75,1,80,1,1,1,1,1,18,14,13,13,NA,NA,NA,NA,NA,NA,NA,NA,NA,NA,NA,NA,NA,NA,NA,NA,NA,NA,NA,NA,NA,NA,NA,NA,NA,NA,NA,NA,NA,NA,NA,NA,NA,NA,NA,NA,NA,NA,NA,NA,NA,NA,NA,NA,NA,NA,NA,NA
ImmortalsOfAveum-Win64-Shipping.exe,NVIDIA GeForce RTX 4060 Ti,12th Gen Intel(R) Core(TM) i7-12700,3840x2160,D3D12,0,20336,0x0000000063F0AD60,0,0,Hardware Composed: Independent Flip,0,4539.372283,17.625,18.664,0.162,0.361,3.381,0.020,NA,2775,9001,63,52,NA,NA,NA,NA,NA,NA,0.559,0.809,0.559,70,101,101,NA,4372,15, 42,41.415, 65,32,1,24,1,18,1,3,1,75,1,80,1,1,1,1,1,18,14,13,13,NA,NA,NA,NA,NA,NA,NA,NA,NA,NA,NA,NA,NA,NA,NA,NA,NA,NA,NA,NA,NA,NA,NA,NA,NA,NA,NA,NA,NA,NA,NA,NA,NA,NA,NA,NA,NA,NA,NA,NA,NA,NA,NA,NA,NA,NA,NA,NA
ImmortalsOfAveum-Win64-Shipping.exe,NVIDIA GeForce RTX 4060 Ti,12th Gen Intel(R) Core(TM) i7-12700,3840x2160,D3D12,0,20336,0x0000000063F0AD60,0,0,Hardware Composed: Independent Flip,0,4539.389088,16.805,15.471,0.240,1.985,2.046,0.118,NA,2775,9001,62,52,NA,NA,NA,NA,NA,NA,0.587,0.850,0.587,70,101,101,NA,4376,13, 42,41.415, 65,27,0,19,0,14,0,4,0,74,0,77,0,0,0,0,0,14,11,9,9,NA,NA,NA,NA,NA,NA,NA,NA,NA,NA,NA,NA,NA,NA,NA,NA,NA,NA,NA,NA,NA,NA,NA,NA,NA,NA,NA,NA,NA,NA,NA,NA,NA,NA,NA,NA,NA,NA,NA,NA,NA,NA,NA,NA,NA,NA,NA,NA
ImmortalsOfAveum-Win64-Shipping.exe,NVIDIA GeForce RTX 4060 Ti,12th Gen Intel(R) Core(TM) i7-12700,3840x2160,D3D12,0,20336,0x0000000063F0AD60,0,0,Hardware Composed: Independent Flip,0,4539.404967,15.879,17.015,0.195,0.519,3.183,0.033,NA,2775,9001,62,52,NA,NA,NA,NA,NA,NA,0.621,0.899,0.621,70,101,101,NA,4376,13, 42,41.415, 65,27,0,19,0,14,0,4,0,74,0,77,0,0,0,0,0,14,11,9,9,NA,NA,NA,NA,NA,NA,NA,NA,NA,NA,NA,NA,NA,NA,NA,NA,NA,NA,NA,NA,NA,NA,NA,NA,NA,NA,NA,NA,NA,NA,NA,NA,NA,NA,NA,NA,NA,NA,NA,NA,NA,NA,NA,NA,NA,NA,NA,NA
ImmortalsOfAveum-Win64-Shipping.exe,NVIDIA GeForce RTX 4060 Ti,12th Gen Intel(R) Core(TM) i7-12700,3840x2160,D3D12,0,20336,0x0000000063F0AD60,0,0,Hardware Composed: Independent Flip,0,4539.421956,16.989,16.072,0.196,2.208,2.266,0.130,NA,2775,9001,62,52,NA,NA,NA,NA,NA,NA,0.581,0.841,0.581,70,101,101,NA,4376,13, 40,41.784, 65,27,0,19,0,14,0,4,0,74,0,77,0,0,0,0,0,14,11,9,9,NA,NA,NA,NA,NA,NA,NA,NA,NA,NA,NA,NA,NA,NA,NA,NA,NA,NA,NA,NA,NA,NA,NA,NA,NA,NA,NA,NA,NA,NA,NA,NA,NA,NA,NA,NA,NA,NA,NA,NA,NA,NA,NA,NA,NA,NA,NA,NA
ImmortalsOfAveum-Win64-Shipping.exe,NVIDIA GeForce RTX 4060 Ti,12th Gen Intel(R) Core(TM) i7-12700,3840x2160,D3D12,0,20336,0x0000000063F0AD60,0,0,Hardware Composed: Independent Flip,0,4539.438635,16.679,16.664,0.139,0.356,2.251,0.021,NA,2775,9001,62,52,NA,NA,NA,NA,NA,NA,0.592,0.856,0.592,70,101,101,NA,4376,13, 40,41.784, 65,27,0,19,0,14,0,4,0,74,0,77,0,0,0,0,0,14,11,9,9,NA,NA,NA,NA,NA,NA,NA,NA,NA,NA,NA,NA,NA,NA,NA,NA,NA,NA,NA,NA,NA,NA,NA,NA,NA,NA,NA,NA,NA,NA,NA,NA,NA,NA,NA,NA,NA,NA,NA,NA,NA,NA,NA,NA,NA,NA,NA,NA
ImmortalsOfAveum-Win64-Shipping.exe,NVIDIA GeForce RTX 4060 Ti,12th Gen Intel(R) Core(TM) i7-12700,3840x2160,D3D12,0,20336,0x0000000063F0AD60,0,0,Hardware Composed: Independent Flip,0,4539.455501,16.867,16.426,0.267,1.746,1.810,0.104,NA,2775,9001,62,52,NA,NA,NA,NA,NA,NA,0.585,0.847,0.585,70,101,101,NA,4376,13, 40,41.784, 65,27,0,19,0,14,0,4,0,74,0,77,0,0,0,0,0,14,11,9,9,NA,NA,NA,NA,NA,NA,NA,NA,NA,NA,NA,NA,NA,NA,NA,NA,NA,NA,NA,NA,NA,NA,NA,NA,NA,NA,NA,NA,NA,NA,NA,NA,NA,NA,NA,NA,NA,NA,NA,NA,NA,NA,NA,NA,NA,NA,NA,NA
ImmortalsOfAveum-Win64-Shipping.exe,NVIDIA GeForce RTX 4060 Ti,12th Gen Intel(R) Core(TM) i7-12700,3840x2160,D3D12,0,20336,0x0000000063F0AD60,0,0,Hardware Composed: Independent Flip,0,4539.472792,17.290,17.421,0.158,0.355,1.942,0.021,NA,2775,9001,62,52,NA,NA,NA,NA,NA,NA,0.571,0.826,0.571,70,101,101,NA,4376,13, 40,41.784, 65,27,0,19,0,14,0,4,0,74,0,77,0,0,0,0,0,14,11,9,9,NA,NA,NA,NA,NA,NA,NA,NA,NA,NA,NA,NA,NA,NA,NA,NA,NA,NA,NA,NA,NA,NA,NA,NA,NA,NA,NA,NA,NA,NA,NA,NA,NA,NA,NA,NA,NA,NA,NA,NA,NA,NA,NA,NA,NA,NA,NA,NA
ImmortalsOfAveum-Win64-Shipping.exe,NVIDIA GeForce RTX 4060 Ti,12th Gen Intel(R) Core(TM) i7-12700,3840x2160,D3D12,0,20336,0x0000000063F0AD60,0,0,Hardware Composed: Independent Flip,0,4539.490002,17.211,17.382,0.170,2.053,2.113,0.119,NA,2775,9001,62,52,NA,NA,NA,NA,NA,NA,0.573,0.830,0.573,70,101,101,NA,4376,13, 40,41.784, 65,27,0,19,0,14,0,4,0,74,0,77,0,0,0,0,0,14,11,9,9,NA,NA,NA,NA,NA,NA,NA,NA,NA,NA,NA,NA,NA,NA,NA,NA,NA,NA,NA,NA,NA,NA,NA,NA,NA,NA,NA,NA,NA,NA,NA,NA,NA,NA,NA,NA,NA,NA,NA,NA,NA,NA,NA,NA,NA,NA,NA,NA
ImmortalsOfAveum-Win64-Shipping.exe,NVIDIA GeForce RTX 4060 Ti,12th Gen Intel(R) Core(TM) i7-12700,3840x2160,D3D12,0,20336,0x0000000063F0AD60,0,0,Hardware Composed: Independent Flip,0,4539.503744,13.742,13.271,0.141,0.561,1.643,0.041,NA,2775,9001,62,52,NA,NA,NA,NA,NA,NA,0.718,1.039,0.718,70,101,101,NA,4376,13, 40,41.784, 65,27,0,19,0,14,0,4,0,74,0,77,0,0,0,0,0,14,11,9,9,NA,NA,NA,NA,NA,NA,NA,NA,NA,NA,NA,NA,NA,NA,NA,NA,NA,NA,NA,NA,NA,NA,NA,NA,NA,NA,NA,NA,NA,NA,NA,NA,NA,NA,NA,NA,NA,NA,NA,NA,NA,NA,NA,NA,NA,NA,NA,NA
ImmortalsOfAveum-Win64-Shipping.exe,NVIDIA GeForce RTX 4060 Ti,12th Gen Intel(R) Core(TM) i7-12700,3840x2160,D3D12,0,20336,0x0000000063F0AD60,0,0,Hardware Composed: Independent Flip,0,4539.520201,16.457,17.051,0.241,2.222,2.236,0.135,NA,2775,9001,62,52,NA,NA,NA,NA,NA,NA,0.600,0.868,0.600,70,101,101,NA,4376,13, 40,41.784, 65,27,0,19,0,14,0,4,0,74,0,77,0,0,0,0,0,14,11,9,9,NA,NA,NA,NA,NA,NA,NA,NA,NA,NA,NA,NA,NA,NA,NA,NA,NA,NA,NA,NA,NA,NA,NA,NA,NA,NA,NA,NA,NA,NA,NA,NA,NA,NA,NA,NA,NA,NA,NA,NA,NA,NA,NA,NA,NA,NA,NA,NA
ImmortalsOfAveum-Win64-Shipping.exe,NVIDIA GeForce RTX 4060 Ti,12th Gen Intel(R) Core(TM) i7-12700,3840x2160,D3D12,0,20336,0x0000000063F0AD60,0,0,Hardware Composed: Independent Flip,0,4539.537953,17.751,18.891,0.167,0.352,3.376,0.020,NA,2775,9001,62,52,NA,NA,NA,NA,NA,NA,0.556,0.805,0.556,70,101,101,NA,4376,13, 40,41.784, 65,27,0,19,0,14,0,4,0,74,0,77,0,0,0,0,0,14,11,9,9,NA,NA,NA,NA,NA,NA,NA,NA,NA,NA,NA,NA,NA,NA,NA,NA,NA,NA,NA,NA,NA,NA,NA,NA,NA,NA,NA,NA,NA,NA,NA,NA,NA,NA,NA,NA,NA,NA,NA,NA,NA,NA,NA,NA,NA,NA,NA,NA
ImmortalsOfAveum-Win64-Shipping.exe,NVIDIA GeForce RTX 4060 Ti,12th Gen Intel(R) Core(TM) i7-12700,3840x2160,D3D12,0,20336,0x0000000063F0AD60,0,0,Hardware Composed: Independent Flip,0,4539.554494,16.541,15.098,0.248,1.873,1.933,0.113,NA,2775,9001,62,52,NA,NA,NA,NA,NA,NA,0.597,0.863,0.597,70,101,101,NA,4376,13, 40,41.784, 65,27,0,19,0,14,0,4,0,74,0,77,0,0,0,0,0,14,11,9,9,NA,NA,NA,NA,NA,NA,NA,NA,NA,NA,NA,NA,NA,NA,NA,NA,NA,NA,NA,NA,NA,NA,NA,NA,NA,NA,NA,NA,NA,NA,NA,NA,NA,NA,NA,NA,NA,NA,NA,NA,NA,NA,NA,NA,NA,NA,NA,NA
ImmortalsOfAveum-Win64-Shipping.exe,NVIDIA GeForce RTX 4060 Ti,12th Gen Intel(R) Core(TM) i7-12700,3840x2160,D3D12,0,20336,0x0000000063F0AD60,0,0,Hardware Composed: Independent Flip,0,4539.571808,17.314,17.941,0.162,0.358,2.560,0.021,NA,2775,9001,62,52,NA,NA,NA,NA,NA,NA,0.570,0.825,0.570,70,101,101,NA,4376,13, 40,41.784, 65,27,0,19,0,14,0,4,0,74,0,77,0,0,0,0,0,14,11,9,9,NA,NA,NA,NA,NA,NA,NA,NA,NA,NA,NA,NA,NA,NA,NA,NA,NA,NA,NA,NA,NA,NA,NA,NA,NA,NA,NA,NA,NA,NA,NA,NA,NA,NA,NA,NA,NA,NA,NA,NA,NA,NA,NA,NA,NA,NA,NA,NA
ImmortalsOfAveum-Win64-Shipping.exe,NVIDIA GeForce RTX 4060 Ti,12th Gen Intel(R) Core(TM) i7-12700,3840x2160,D3D12,0,20336,0x0000000063F0AD60,0,0,Hardware Composed: Independent Flip,0,4539.589101,17.293,17.174,0.240,2.427,2.441,0.140,NA,2775,9001,62,52,NA,NA,NA,NA,NA,NA,0.571,0.826,0.571,70,101,101,NA,4376,13, 40,41.784, 65,27,0,19,0,14,0,4,0,74,0,77,0,0,0,0,0,14,11,9,9,NA,NA,NA,NA,NA,NA,NA,NA,NA,NA,NA,NA,NA,NA,NA,NA,NA,NA,NA,NA,NA,NA,NA,NA,NA,NA,NA,NA,NA,NA,NA,NA,NA,NA,NA,NA,NA,NA,NA,NA,NA,NA,NA,NA,NA,NA,NA,NA
ImmortalsOfAveum-Win64-Shipping.exe,NVIDIA GeForce RTX 4060 Ti,12th Gen Intel(R) Core(TM) i7-12700,3840x2160,D3D12,0,20336,0x0000000063F0AD60,0,0,Hardware Composed: Independent Flip,0,4539.605358,16.257,15.136,0.146,0.548,1.321,0.034,NA,2775,9001,62,52,NA,NA,NA,NA,NA,NA,0.607,0.879,0.607,70,101,101,NA,4376,13, 40,41.784, 65,27,0,19,0,14,0,4,0,74,0,77,0,0,0,0,0,14,11,9,9,NA,NA,NA,NA,NA,NA,NA,NA,NA,NA,NA,NA,NA,NA,NA,NA,NA,NA,NA,NA,NA,NA,NA,NA,NA,NA,NA,NA,NA,NA,NA,NA,NA,NA,NA,NA,NA,NA,NA,NA,NA,NA,NA,NA,NA,NA,NA,NA
ImmortalsOfAveum-Win64-Shipping.exe,NVIDIA GeForce RTX 4060 Ti,12th Gen Intel(R) Core(TM) i7-12700,3840x2160,D3D12,0,20336,0x0000000063F0AD60,0,0,Hardware Composed: Independent Flip,0,4539.622364,17.007,17.396,0.222,1.649,1.710,0.097,NA,2775,9001,62,52,NA,NA,NA,NA,NA,NA,0.580,0.840,0.580,70,101,101,NA,4376,13, 39,40.957, 65,27,0,19,0,14,0,4,0,74,0,77,0,0,0,0,0,14,11,9,9,NA,NA,NA,NA,NA,NA,NA,NA,NA,NA,NA,NA,NA,NA,NA,NA,NA,NA,NA,NA,NA,NA,NA,NA,NA,NA,NA,NA,NA,NA,NA,NA,NA,NA,NA,NA,NA,NA,NA,NA,NA,NA,NA,NA,NA,NA,NA,NA
ImmortalsOfAveum-Win64-Shipping.exe,NVIDIA GeForce RTX 4060 Ti,12th Gen Intel(R) Core(TM) i7-12700,3840x2160,D3D12,0,20336,0x0000000063F0AD60,0,0,Hardware Composed: Independent Flip,0,4539.637845,15.481,16.235,0.202,0.684,2.464,0.044,NA,2775,9001,62,52,NA,NA,NA,NA,NA,NA,0.637,0.923,0.637,70,101,101,NA,4376,13, 39,40.957, 65,27,0,19,0,14,0,4,0,74,0,77,0,0,0,0,0,14,11,9,9,NA,NA,NA,NA,NA,NA,NA,NA,NA,NA,NA,NA,NA,NA,NA,NA,NA,NA,NA,NA,NA,NA,NA,NA,NA,NA,NA,NA,NA,NA,NA,NA,NA,NA,NA,NA,NA,NA,NA,NA,NA,NA,NA,NA,NA,NA,NA,NA
ImmortalsOfAveum-Win64-Shipping.exe,NVIDIA GeForce RTX 4060 Ti,12th Gen Intel(R) Core(TM) i7-12700,3840x2160,D3D12,0,20336,0x0000000063F0AD60,0,0,Hardware Composed: Independent Flip,0,4539.654528,16.683,16.029,0.203,1.751,1.810,0.105,NA,2775,9001,62,52,NA,NA,NA,NA,NA,NA,0.592,0.856,0.592,70,101,101,NA,4376,13, 39,40.957, 65,27,0,19,0,14,0,4,0,74,0,77,0,0,0,0,0,14,11,9,9,NA,NA,NA,NA,NA,NA,NA,NA,NA,NA,NA,NA,NA,NA,NA,NA,NA,NA,NA,NA,NA,NA,NA,NA,NA,NA,NA,NA,NA,NA,NA,NA,NA,NA,NA,NA,NA,NA,NA,NA,NA,NA,NA,NA,NA,NA,NA,NA
ImmortalsOfAveum-Win64-Shipping.exe,NVIDIA GeForce RTX 4060 Ti,12th Gen Intel(R) Core(TM) i7-12700,3840x2160,D3D12,0,20336,0x0000000063F0AD60,0,0,Hardware Composed: Independent Flip,0,4539.671747,17.218,18.116,0.153,0.360,2.708,0.021,NA,2775,9001,62,52,NA,NA,NA,NA,NA,NA,0.573,0.829,0.573,70,101,101,NA,4376,13, 39,40.957, 65,27,0,19,0,14,0,4,0,74,0,77,0,0,0,0,0,14,11,9,9,NA,NA,NA,NA,NA,NA,NA,NA,NA,NA,NA,NA,NA,NA,NA,NA,NA,NA,NA,NA,NA,NA,NA,NA,NA,NA,NA,NA,NA,NA,NA,NA,NA,NA,NA,NA,NA,NA,NA,NA,NA,NA,NA,NA,NA,NA,NA,NA
ImmortalsOfAveum-Win64-Shipping.exe,NVIDIA GeForce RTX 4060 Ti,12th Gen Intel(R) Core(TM) i7-12700,3840x2160,D3D12,0,20336,0x0000000063F0AD60,0,0,Hardware Composed: Independent Flip,0,4539.688589,16.842,16.158,0.190,1.964,2.023,0.117,NA,2775,9001,62,52,NA,NA,NA,NA,NA,NA,0.586,0.848,0.586,70,101,101,NA,4376,13, 39,40.957, 65,27,0,19,0,14,0,4,0,74,0,77,0,0,0,0,0,14,11,9,9,NA,NA,NA,NA,NA,NA,NA,NA,NA,NA,NA,NA,NA,NA,NA,NA,NA,NA,NA,NA,NA,NA,NA,NA,NA,NA,NA,NA,NA,NA,NA,NA,NA,NA,NA,NA,NA,NA,NA,NA,NA,NA,NA,NA,NA,NA,NA,NA
ImmortalsOfAveum-Win64-Shipping.exe,NVIDIA GeForce RTX 4060 Ti,12th Gen Intel(R) Core(TM) i7-12700,3840x2160,D3D12,0,20336,0x0000000063F0AD60,0,0,Hardware Composed: Independent Flip,0,4539.704309,15.720,15.557,0.130,0.558,1.860,0.036,NA,2775,9001,62,52,NA,NA,NA,NA,NA,NA,0.628,0.909,0.628,70,101,101,NA,4376,13, 39,40.957, 65,27,0,19,0,14,0,4,0,74,0,77,0,0,0,0,0,14,11,9,9,NA,NA,NA,NA,NA,NA,NA,NA,NA,NA,NA,NA,NA,NA,NA,NA,NA,NA,NA,NA,NA,NA,NA,NA,NA,NA,NA,NA,NA,NA,NA,NA,NA,NA,NA,NA,NA,NA,NA,NA,NA,NA,NA,NA,NA,NA,NA,NA
ImmortalsOfAveum-Win64-Shipping.exe,NVIDIA GeForce RTX 4060 Ti,12th Gen Intel(R) Core(TM) i7-12700,3840x2160,D3D12,0,20336,0x0000000063F0AD60,0,0,Hardware Composed: Independent Flip,0,4539.721098,16.789,16.992,0.232,2.002,2.063,0.119,NA,2775,9001,62,52,NA,NA,NA,NA,NA,NA,0.588,0.851,0.588,70,101,101,NA,4376,13, 39,40.957, 65,27,0,19,0,14,0,4,0,74,0,77,0,0,0,0,0,14,11,9,9,NA,NA,NA,NA,NA,NA,NA,NA,NA,NA,NA,NA,NA,NA,NA,NA,NA,NA,NA,NA,NA,NA,NA,NA,NA,NA,NA,NA,NA,NA,NA,NA,NA,NA,NA,NA,NA,NA,NA,NA,NA,NA,NA,NA,NA,NA,NA,NA
ImmortalsOfAveum-Win64-Shipping.exe,NVIDIA GeForce RTX 4060 Ti,12th Gen Intel(R) Core(TM) i7-12700,3840x2160,D3D12,0,20336,0x0000000063F0AD60,0,0,Hardware Composed: Independent Flip,0,4539.738529,17.431,17.311,0.162,0.350,1.942,0.020,NA,2775,9001,62,52,NA,NA,NA,NA,NA,NA,0.566,0.819,0.566,70,101,101,NA,4376,13, 39,40.957, 65,27,0,19,0,14,0,4,0,74,0,77,0,0,0,0,0,14,11,9,9,NA,NA,NA,NA,NA,NA,NA,NA,NA,NA,NA,NA,NA,NA,NA,NA,NA,NA,NA,NA,NA,NA,NA,NA,NA,NA,NA,NA,NA,NA,NA,NA,NA,NA,NA,NA,NA,NA,NA,NA,NA,NA,NA,NA,NA,NA,NA,NA
ImmortalsOfAveum-Win64-Shipping.exe,NVIDIA GeForce RTX 4060 Ti,12th Gen Intel(R) Core(TM) i7-12700,3840x2160,D3D12,0,20336,0x0000000063F0AD60,0,0,Hardware Composed: Independent Flip,0,4539.755446,16.917,16.970,0.202,1.935,1.996,0.114,NA,2775,9001,62,52,NA,NA,NA,NA,NA,NA,0.583,0.844,0.583,70,101,101,NA,4376,13, 39,40.957, 65,27,0,19,0,14,0,4,0,74,0,77,0,0,0,0,0,14,11,9,9,NA,NA,NA,NA,NA,NA,NA,NA,NA,NA,NA,NA,NA,NA,NA,NA,NA,NA,NA,NA,NA,NA,NA,NA,NA,NA,NA,NA,NA,NA,NA,NA,NA,NA,NA,NA,NA,NA,NA,NA,NA,NA,NA,NA,NA,NA,NA,NA
ImmortalsOfAveum-Win64-Shipping.exe,NVIDIA GeForce RTX 4060 Ti,12th Gen Intel(R) Core(TM) i7-12700,3840x2160,D3D12,0,20336,0x0000000063F0AD60,0,0,Hardware Composed: Independent Flip,0,4539.770237,14.790,14.773,0.144,0.552,1.978,0.037,NA,2775,9001,62,52,NA,NA,NA,NA,NA,NA,0.667,0.966,0.667,70,101,101,NA,4376,13, 39,40.957, 65,27,0,19,0,14,0,4,0,74,0,77,0,0,0,0,0,14,11,9,9,NA,NA,NA,NA,NA,NA,NA,NA,NA,NA,NA,NA,NA,NA,NA,NA,NA,NA,NA,NA,NA,NA,NA,NA,NA,NA,NA,NA,NA,NA,NA,NA,NA,NA,NA,NA,NA,NA,NA,NA,NA,NA,NA,NA,NA,NA,NA,NA
ImmortalsOfAveum-Win64-Shipping.exe,NVIDIA GeForce RTX 4060 Ti,12th Gen Intel(R) Core(TM) i7-12700,3840x2160,D3D12,0,20336,0x0000000063F0AD60,0,0,Hardware Composed: Independent Flip,0,4539.786980,16.743,16.677,0.230,1.852,1.912,0.111,NA,2775,9001,62,52,NA,NA,NA,NA,NA,NA,0.589,0.853,0.589,70,101,101,NA,4376,13, 39,40.957, 65,27,0,19,0,14,0,4,0,74,0,77,0,0,0,0,0,14,11,9,9,NA,NA,NA,NA,NA,NA,NA,NA,NA,NA,NA,NA,NA,NA,NA,NA,NA,NA,NA,NA,NA,NA,NA,NA,NA,NA,NA,NA,NA,NA,NA,NA,NA,NA,NA,NA,NA,NA,NA,NA,NA,NA,NA,NA,NA,NA,NA,NA
ImmortalsOfAveum-Win64-Shipping.exe,NVIDIA GeForce RTX 4060 Ti,12th Gen Intel(R) Core(TM) i7-12700,3840x2160,D3D12,0,20336,0x0000000063F0AD60,0,0,Hardware Composed: Independent Flip,0,4539.804343,17.364,18.320,0.175,0.354,2.869,0.020,NA,2775,9001,62,52,NA,NA,NA,NA,NA,NA,0.568,0.822,0.568,70,101,101,NA,4376,13, 39,40.957, 65,27,0,19,0,14,0,4,0,74,0,77,0,0,0,0,0,14,11,9,9,NA,NA,NA,NA,NA,NA,NA,NA,NA,NA,NA,NA,NA,NA,NA,NA,NA,NA,NA,NA,NA,NA,NA,NA,NA,NA,NA,NA,NA,NA,NA,NA,NA,NA,NA,NA,NA,NA,NA,NA,NA,NA,NA,NA,NA,NA,NA,NA
ImmortalsOfAveum-Win64-Shipping.exe,NVIDIA GeForce RTX 4060 Ti,12th Gen Intel(R) Core(TM) i7-12700,3840x2160,D3D12,0,20336,0x0000000063F0AD60,0,0,Hardware Composed: Independent Flip,0,4539.820998,16.655,16.202,0.189,2.403,2.416,0.144,NA,2775,9001,62,52,NA,NA,NA,NA,NA,NA,0.593,0.857,0.593,70,101,101,NA,4376,13, 39,42.333, 65,27,0,19,0,14,0,4,0,74,0,77,0,0,0,0,0,14,11,9,9,NA,NA,NA,NA,NA,NA,NA,NA,NA,NA,NA,NA,NA,NA,NA,NA,NA,NA,NA,NA,NA,NA,NA,NA,NA,NA,NA,NA,NA,NA,NA,NA,NA,NA,NA,NA,NA,NA,NA,NA,NA,NA,NA,NA,NA,NA,NA,NA
ImmortalsOfAveum-Win64-Shipping.exe,NVIDIA GeForce RTX 4060 Ti,12th Gen Intel(R) Core(TM) i7-12700,3840x2160,D3D12,0,20336,0x0000000063F0AD60,0,0,Hardware Composed: Independent Flip,0,4539.838802,17.803,17.595,0.184,0.515,2.207,0.029,NA,2775,9001,62,52,NA,NA,NA,NA,NA,NA,0.554,0.802,0.554,70,101,101,NA,4376,13, 39,42.333, 65,27,0,19,0,14,0,4,0,74,0,77,0,0,0,0,0,14,11,9,9,NA,NA,NA,NA,NA,NA,NA,NA,NA,NA,NA,NA,NA,NA,NA,NA,NA,NA,NA,NA,NA,NA,NA,NA,NA,NA,NA,NA,NA,NA,NA,NA,NA,NA,NA,NA,NA,NA,NA,NA,NA,NA,NA,NA,NA,NA,NA,NA
ImmortalsOfAveum-Win64-Shipping.exe,NVIDIA GeForce RTX 4060 Ti,12th Gen Intel(R) Core(TM) i7-12700,3840x2160,D3D12,0,20336,0x0000000063F0AD60,0,0,Hardware Composed: Independent Flip,0,4539.856133,17.332,17.453,0.209,2.268,2.329,0.131,NA,2775,9001,62,52,NA,NA,NA,NA,NA,NA,0.569,0.824,0.569,70,101,101,NA,4376,13, 39,42.333, 65,27,0,19,0,14,0,4,0,74,0,77,0,0,0,0,0,14,11,9,9,NA,NA,NA,NA,NA,NA,NA,NA,NA,NA,NA,NA,NA,NA,NA,NA,NA,NA,NA,NA,NA,NA,NA,NA,NA,NA,NA,NA,NA,NA,NA,NA,NA,NA,NA,NA,NA,NA,NA,NA,NA,NA,NA,NA,NA,NA,NA,NA
ImmortalsOfAveum-Win64-Shipping.exe,NVIDIA GeForce RTX 4060 Ti,12th Gen Intel(R) Core(TM) i7-12700,3840x2160,D3D12,0,20336,0x0000000063F0AD60,0,0,Hardware Composed: Independent Flip,0,4539.872400,16.266,15.447,0.170,0.523,1.509,0.032,NA,2775,9001,62,52,NA,NA,NA,NA,NA,NA,0.607,0.878,0.607,70,101,101,NA,4376,13, 39,42.333, 65,27,0,19,0,14,0,4,0,74,0,77,0,0,0,0,0,14,11,9,9,NA,NA,NA,NA,NA,NA,NA,NA,NA,NA,NA,NA,NA,NA,NA,NA,NA,NA,NA,NA,NA,NA,NA,NA,NA,NA,NA,NA,NA,NA,NA,NA,NA,NA,NA,NA,NA,NA,NA,NA,NA,NA,NA,NA,NA,NA,NA,NA
ImmortalsOfAveum-Win64-Shipping.exe,NVIDIA GeForce RTX 4060 Ti,12th Gen Intel(R) Core(TM) i7-12700,3840x2160,D3D12,0,20336,0x0000000063F0AD60,0,0,Hardware Composed: Independent Flip,0,4539.889568,17.169,18.005,0.188,2.283,2.345,0.133,NA,2775,9001,63,52,NA,NA,NA,NA,NA,NA,0.575,0.831,0.575,70,101,101,NA,4384,15, 39,42.333, 65,31,1,22,1,19,1,2,1,74,1,78,1,1,1,1,1,17,13,12,12,NA,NA,NA,NA,NA,NA,NA,NA,NA,NA,NA,NA,NA,NA,NA,NA,NA,NA,NA,NA,NA,NA,NA,NA,NA,NA,NA,NA,NA,NA,NA,NA,NA,NA,NA,NA,NA,NA,NA,NA,NA,NA,NA,NA,NA,NA,NA,NA
ImmortalsOfAveum-Win64-Shipping.exe,NVIDIA GeForce RTX 4060 Ti,12th Gen Intel(R) Core(TM) i7-12700,3840x2160,D3D12,0,20336,0x0000000063F0AD60,0,0,Hardware Composed: Independent Flip,0,4539.904729,15.161,15.354,0.156,0.558,2.538,0.037,NA,2775,9001,63,52,NA,NA,NA,NA,NA,NA,0.651,0.941,0.651,70,101,101,NA,4384,15, 39,42.333, 65,31,1,22,1,19,1,2,1,74,1,78,1,1,1,1,1,17,13,12,12,NA,NA,NA,NA,NA,NA,NA,NA,NA,NA,NA,NA,NA,NA,NA,NA,NA,NA,NA,NA,NA,NA,NA,NA,NA,NA,NA,NA,NA,NA,NA,NA,NA,NA,NA,NA,NA,NA,NA,NA,NA,NA,NA,NA,NA,NA,NA,NA
ImmortalsOfAveum-Win64-Shipping.exe,NVIDIA GeForce RTX 4060 Ti,12th Gen Intel(R) Core(TM) i7-12700,3840x2160,D3D12,0,20336,0x0000000063F0AD60,0,0,Hardware Composed: Independent Flip,0,4539.921518,16.788,15.989,0.209,1.681,1.739,0.100,NA,2775,9001,63,52,NA,NA,NA,NA,NA,NA,0.588,0.850,0.588,70,101,101,NA,4384,15, 39,42.333, 65,31,1,22,1,19,1,2,1,74,1,78,1,1,1,1,1,17,13,12,12,NA,NA,NA,NA,NA,NA,NA,NA,NA,NA,NA,NA,NA,NA,NA,NA,NA,NA,NA,NA,NA,NA,NA,NA,NA,NA,NA,NA,NA,NA,NA,NA,NA,NA,NA,NA,NA,NA,NA,NA,NA,NA,NA,NA,NA,NA,NA,NA
ImmortalsOfAveum-Win64-Shipping.exe,NVIDIA GeForce RTX 4060 Ti,12th Gen Intel(R) Core(TM) i7-12700,3840x2160,D3D12,0,20336,0x0000000063F0AD60,0,0,Hardware Composed: Independent Flip,0,4539.938607,17.089,18.721,0.160,0.348,3.371,0.020,NA,2775,9001,63,52,NA,NA,NA,NA,NA,NA,0.577,0.835,0.577,70,101,101,NA,4384,15, 39,42.333, 65,31,1,22,1,19,1,2,1,74,1,78,1,1,1,1,1,17,13,12,12,NA,NA,NA,NA,NA,NA,NA,NA,NA,NA,NA,NA,NA,NA,NA,NA,NA,NA,NA,NA,NA,NA,NA,NA,NA,NA,NA,NA,NA,NA,NA,NA,NA,NA,NA,NA,NA,NA,NA,NA,NA,NA,NA,NA,NA,NA,NA,NA
ImmortalsOfAveum-Win64-Shipping.exe,NVIDIA GeForce RTX 4060 Ti,12th Gen Intel(R) Core(TM) i7-12700,3840x2160,D3D12,0,20336,0x0000000063F0AD60,0,0,Hardware Composed: Independent Flip,0,4539.955528,16.921,15.458,0.255,1.849,1.908,0.109,NA,2775,9001,63,52,NA,NA,NA,NA,NA,NA,0.583,0.843,0.583,70,101,101,NA,4384,15, 39,42.333, 65,31,1,22,1,19,1,2,1,74,1,78,1,1,1,1,1,17,13,12,12,NA,NA,NA,NA,NA,NA,NA,NA,NA,NA,NA,NA,NA,NA,NA,NA,NA,NA,NA,NA,NA,NA,NA,NA,NA,NA,NA,NA,NA,NA,NA,NA,NA,NA,NA,NA,NA,NA,NA,NA,NA,NA,NA,NA,NA,NA,NA,NA
ImmortalsOfAveum-Win64-Shipping.exe,NVIDIA GeForce RTX 4060 Ti,12th Gen Intel(R) Core(TM) i7-12700,3840x2160,D3D12,0,20336,0x0000000063F0AD60,0,0,Hardware Composed: Independent Flip,0,4539.971197,15.669,16.222,0.166,0.537,2.461,0.034,NA,2775,9001,63,52,NA,NA,NA,NA,NA,NA,0.630,0.911,0.630,70,101,101,NA,4384,15, 39,42.333, 65,31,1,22,1,19,1,2,1,74,1,78,1,1,1,1,1,17,13,12,12,NA,NA,NA,NA,NA,NA,NA,NA,NA,NA,NA,NA,NA,NA,NA,NA,NA,NA,NA,NA,NA,NA,NA,NA,NA,NA,NA,NA,NA,NA,NA,NA,NA,NA,NA,NA,NA,NA,NA,NA,NA,NA,NA,NA,NA,NA,NA,NA
ImmortalsOfAveum-Win64-Shipping.exe,NVIDIA GeForce RTX 4060 Ti,12th Gen Intel(R) Core(TM) i7-12700,3840x2160,D3D12,0,20336,0x0000000063F0AD60,0,0,Hardware Composed: Independent Flip,0,4539.988067,16.871,16.222,0.244,1.754,1.812,0.104,NA,2775,9001,63,52,NA,NA,NA,NA,NA,NA,0.585,0.846,0.585,70,101,101,NA,4384,15, 39,42.333, 65,31,1,22,1,19,1,2,1,74,1,78,1,1,1,1,1,17,13,12,12,NA,NA,NA,NA,NA,NA,NA,NA,NA,NA,NA,NA,NA,NA,NA,NA,NA,NA,NA,NA,NA,NA,NA,NA,NA,NA,NA,NA,NA,NA,NA,NA,NA,NA,NA,NA,NA,NA,NA,NA,NA,NA,NA,NA,NA,NA,NA,NA
ImmortalsOfAveum-Win64-Shipping.exe,NVIDIA GeForce RTX 4060 Ti,12th Gen Intel(R) Core(TM) i7-12700,3840x2160,D3D12,0,20336,0x0000000063F0AD60,0,0,Hardware Composed: Independent Flip,0,4540.005273,17.205,17.289,0.150,0.360,1.896,0.021,NA,2775,9001,63,52,NA,NA,NA,NA,NA,NA,0.574,0.830,0.574,70,101,101,NA,4384,15, 39,42.333, 65,31,1,22,1,19,1,2,1,74,1,78,1,1,1,1,1,17,13,12,12,NA,NA,NA,NA,NA,NA,NA,NA,NA,NA,NA,NA,NA,NA,NA,NA,NA,NA,NA,NA,NA,NA,NA,NA,NA,NA,NA,NA,NA,NA,NA,NA,NA,NA,NA,NA,NA,NA,NA,NA,NA,NA,NA,NA,NA,NA,NA,NA
ImmortalsOfAveum-Win64-Shipping.exe,NVIDIA GeForce RTX 4060 Ti,12th Gen Intel(R) Core(TM) i7-12700,3840x2160,D3D12,0,20336,0x0000000063F0AD60,0,0,Hardware Composed: Independent Flip,0,4540.022201,16.929,17.602,0.228,2.510,2.570,0.148,NA,2775,9001,63,52,NA,NA,NA,NA,NA,NA,0.583,0.843,0.583,70,101,101,NA,4384,15, 39,42.549, 65,31,1,22,1,19,1,2,1,74,1,78,1,1,1,1,1,17,13,12,12,NA,NA,NA,NA,NA,NA,NA,NA,NA,NA,NA,NA,NA,NA,NA,NA,NA,NA,NA,NA,NA,NA,NA,NA,NA,NA,NA,NA,NA,NA,NA,NA,NA,NA,NA,NA,NA,NA,NA,NA,NA,NA,NA,NA,NA,NA,NA,NA
ImmortalsOfAveum-Win64-Shipping.exe,NVIDIA GeForce RTX 4060 Ti,12th Gen Intel(R) Core(TM) i7-12700,3840x2160,D3D12,0,20336,0x0000000063F0AD60,0,0,Hardware Composed: Independent Flip,0,4540.037511,15.310,14.470,0.150,0.734,1.730,0.048,NA,2775,9001,63,52,NA,NA,NA,NA,NA,NA,0.645,0.932,0.645,70,101,101,NA,4384,15, 39,42.549, 65,31,1,22,1,19,1,2,1,74,1,78,1,1,1,1,1,17,13,12,12,NA,NA,NA,NA,NA,NA,NA,NA,NA,NA,NA,NA,NA,NA,NA,NA,NA,NA,NA,NA,NA,NA,NA,NA,NA,NA,NA,NA,NA,NA,NA,NA,NA,NA,NA,NA,NA,NA,NA,NA,NA,NA,NA,NA,NA,NA,NA,NA
ImmortalsOfAveum-Win64-Shipping.exe,NVIDIA GeForce RTX 4060 Ti,12th Gen Intel(R) Core(TM) i7-12700,3840x2160,D3D12,0,20336,0x0000000063F0AD60,0,0,Hardware Composed: Independent Flip,0,4540.054345,16.834,17.358,0.226,2.241,2.254,0.133,NA,2775,9001,63,52,NA,NA,NA,NA,NA,NA,0.586,0.848,0.586,70,101,101,NA,4384,15, 39,42.549, 65,31,1,22,1,19,1,2,1,74,1,78,1,1,1,1,1,17,13,12,12,NA,NA,NA,NA,NA,NA,NA,NA,NA,NA,NA,NA,NA,NA,NA,NA,NA,NA,NA,NA,NA,NA,NA,NA,NA,NA,NA,NA,NA,NA,NA,NA,NA,NA,NA,NA,NA,NA,NA,NA,NA,NA,NA,NA,NA,NA,NA,NA
ImmortalsOfAveum-Win64-Shipping.exe,NVIDIA GeForce RTX 4060 Ti,12th Gen Intel(R) Core(TM) i7-12700,3840x2160,D3D12,0,20336,0x0000000063F0AD60,0,0,Hardware Composed: Independent Flip,0,4540.072041,17.696,18.352,0.155,0.357,2.911,0.020,NA,2775,9001,63,52,NA,NA,NA,NA,NA,NA,0.558,0.807,0.558,70,101,101,NA,4384,15, 39,42.549, 65,31,1,22,1,19,1,2,1,74,1,78,1,1,1,1,1,17,13,12,12,NA,NA,NA,NA,NA,NA,NA,NA,NA,NA,NA,NA,NA,NA,NA,NA,NA,NA,NA,NA,NA,NA,NA,NA,NA,NA,NA,NA,NA,NA,NA,NA,NA,NA,NA,NA,NA,NA,NA,NA,NA,NA,NA,NA,NA,NA,NA,NA
ImmortalsOfAveum-Win64-Shipping.exe,NVIDIA GeForce RTX 4060 Ti,12th Gen Intel(R) Core(TM) i7-12700,3840x2160,D3D12,0,20336,0x0000000063F0AD60,0,0,Hardware Composed: Independent Flip,0,4540.088900,16.859,15.981,0.248,1.970,2.032,0.117,NA,2775,9001,63,52,NA,NA,NA,NA,NA,NA,0.585,0.847,0.585,70,101,101,NA,4384,15, 39,42.549, 65,31,1,22,1,19,1,2,1,74,1,78,1,1,1,1,1,17,13,12,12,NA,NA,NA,NA,NA,NA,NA,NA,NA,NA,NA,NA,NA,NA,NA,NA,NA,NA,NA,NA,NA,NA,NA,NA,NA,NA,NA,NA,NA,NA,NA,NA,NA,NA,NA,NA,NA,NA,NA,NA,NA,NA,NA,NA,NA,NA,NA,NA
ImmortalsOfAveum-Win64-Shipping.exe,NVIDIA GeForce RTX 4060 Ti,12th Gen Intel(R) Core(TM) i7-12700,3840x2160,D3D12,0,20336,0x0000000063F0AD60,0,0,Hardware Composed: Independent Flip,0,4540.104631,15.731,16.245,0.177,0.499,2.546,0.032,NA,2775,9001,63,52,NA,NA,NA,NA,NA,NA,0.627,0.907,0.627,70,101,101,NA,4384,15, 39,42.549, 65,31,1,22,1,19,1,2,1,74,1,78,1,1,1,1,1,17,13,12,12,NA,NA,NA,NA,NA,NA,NA,NA,NA,NA,NA,NA,NA,NA,NA,NA,NA,NA,NA,NA,NA,NA,NA,NA,NA,NA,NA,NA,NA,NA,NA,NA,NA,NA,NA,NA,NA,NA,NA,NA,NA,NA,NA,NA,NA,NA,NA,NA
ImmortalsOfAveum-Win64-Shipping.exe,NVIDIA GeForce RTX 4060 Ti,12th Gen Intel(R) Core(TM) i7-12700,3840x2160,D3D12,0,20336,0x0000000063F0AD60,0,0,Hardware Composed: Independent Flip,0,4540.121495,16.863,16.685,0.192,2.355,2.368,0.140,NA,2775,9001,63,52,NA,NA,NA,NA,NA,NA,0.585,0.846,0.585,70,101,101,NA,4384,15, 39,42.549, 65,31,1,22,1,19,1,2,1,74,1,78,1,1,1,1,1,17,13,12,12,NA,NA,NA,NA,NA,NA,NA,NA,NA,NA,NA,NA,NA,NA,NA,NA,NA,NA,NA,NA,NA,NA,NA,NA,NA,NA,NA,NA,NA,NA,NA,NA,NA,NA,NA,NA,NA,NA,NA,NA,NA,NA,NA,NA,NA,NA,NA,NA
ImmortalsOfAveum-Win64-Shipping.exe,NVIDIA GeForce RTX 4060 Ti,12th Gen Intel(R) Core(TM) i7-12700,3840x2160,D3D12,0,20336,0x0000000063F0AD60,0,0,Hardware Composed: Independent Flip,0,4540.137614,16.120,16.205,0.154,0.551,2.453,0.034,NA,2775,9001,63,52,NA,NA,NA,NA,NA,NA,0.612,0.885,0.612,70,101,101,NA,4384,15, 39,42.549, 65,31,1,22,1,19,1,2,1,74,1,78,1,1,1,1,1,17,13,12,12,NA,NA,NA,NA,NA,NA,NA,NA,NA,NA,NA,NA,NA,NA,NA,NA,NA,NA,NA,NA,NA,NA,NA,NA,NA,NA,NA,NA,NA,NA,NA,NA,NA,NA,NA,NA,NA,NA,NA,NA,NA,NA,NA,NA,NA,NA,NA,NA
ImmortalsOfAveum-Win64-Shipping.exe,NVIDIA GeForce RTX 4060 Ti,12th Gen Intel(R) Core(TM) i7-12700,3840x2160,D3D12,0,20336,0x0000000063F0AD60,0,0,Hardware Composed: Independent Flip,0,4540.154241,16.627,16.021,0.217,1.787,1.847,0.107,NA,2775,9001,63,52,NA,NA,NA,NA,NA,NA,0.593,0.858,0.593,70,101,101,NA,4384,15, 39,42.549, 65,31,1,22,1,19,1,2,1,74,1,78,1,1,1,1,1,17,13,12,12,NA,NA,NA,NA,NA,NA,NA,NA,NA,NA,NA,NA,NA,NA,NA,NA,NA,NA,NA,NA,NA,NA,NA,NA,NA,NA,NA,NA,NA,NA,NA,NA,NA,NA,NA,NA,NA,NA,NA,NA,NA,NA,NA,NA,NA,NA,NA,NA
ImmortalsOfAveum-Win64-Shipping.exe,NVIDIA GeForce RTX 4060 Ti,12th Gen Intel(R) Core(TM) i7-12700,3840x2160,D3D12,0,20336,0x0000000063F0AD60,0,0,Hardware Composed: Independent Flip,0,4540.171410,17.168,17.805,0.165,0.348,2.483,0.020,NA,2775,9001,63,52,NA,NA,NA,NA,NA,NA,0.575,0.831,0.575,70,101,101,NA,4384,15, 39,42.549, 65,31,1,22,1,19,1,2,1,74,1,78,1,1,1,1,1,17,13,12,12,NA,NA,NA,NA,NA,NA,NA,NA,NA,NA,NA,NA,NA,NA,NA,NA,NA,NA,NA,NA,NA,NA,NA,NA,NA,NA,NA,NA,NA,NA,NA,NA,NA,NA,NA,NA,NA,NA,NA,NA,NA,NA,NA,NA,NA,NA,NA,NA
ImmortalsOfAveum-Win64-Shipping.exe,NVIDIA GeForce RTX 4060 Ti,12th Gen Intel(R) Core(TM) i7-12700,3840x2160,D3D12,0,20336,0x0000000063F0AD60,0,0,Hardware Composed: Independent Flip,0,4540.188444,17.034,17.049,0.182,2.485,2.498,0.146,NA,2775,9001,63,52,NA,NA,NA,NA,NA,NA,0.579,0.838,0.579,70,101,101,NA,4384,15, 39,42.549, 65,31,1,22,1,19,1,2,1,74,1,78,1,1,1,1,1,17,13,12,12,NA,NA,NA,NA,NA,NA,NA,NA,NA,NA,NA,NA,NA,NA,NA,NA,NA,NA,NA,NA,NA,NA,NA,NA,NA,NA,NA,NA,NA,NA,NA,NA,NA,NA,NA,NA,NA,NA,NA,NA,NA,NA,NA,NA,NA,NA,NA,NA
ImmortalsOfAveum-Win64-Shipping.exe,NVIDIA GeForce RTX 4060 Ti,12th Gen Intel(R) Core(TM) i7-12700,3840x2160,D3D12,0,20336,0x0000000063F0AD60,0,0,Hardware Composed: Independent Flip,0,4540.205317,16.873,15.972,0.147,0.365,1.597,0.022,NA,2775,9001,63,52,NA,NA,NA,NA,NA,NA,0.585,0.846,0.585,70,101,101,NA,4384,15, 39,42.549, 65,31,1,22,1,19,1,2,1,74,1,78,1,1,1,1,1,17,13,12,12,NA,NA,NA,NA,NA,NA,NA,NA,NA,NA,NA,NA,NA,NA,NA,NA,NA,NA,NA,NA,NA,NA,NA,NA,NA,NA,NA,NA,NA,NA,NA,NA,NA,NA,NA,NA,NA,NA,NA,NA,NA,NA,NA,NA,NA,NA,NA,NA
ImmortalsOfAveum-Win64-Shipping.exe,NVIDIA GeForce RTX 4060 Ti,12th Gen Intel(R) Core(TM) i7-12700,3840x2160,D3D12,0,20336,0x0000000063F0AD60,0,0,Hardware Composed: Independent Flip,0,4540.222501,17.184,18.069,0.218,2.422,2.483,0.141,NA,2775,9001,63,52,NA,NA,NA,NA,NA,NA,0.574,0.831,0.574,70,101,101,NA,4384,15, 39,42.535, 65,31,1,22,1,19,1,2,1,74,1,78,1,1,1,1,1,17,13,12,12,NA,NA,NA,NA,NA,NA,NA,NA,NA,NA,NA,NA,NA,NA,NA,NA,NA,NA,NA,NA,NA,NA,NA,NA,NA,NA,NA,NA,NA,NA,NA,NA,NA,NA,NA,NA,NA,NA,NA,NA,NA,NA,NA,NA,NA,NA,NA,NA
ImmortalsOfAveum-Win64-Shipping.exe,NVIDIA GeForce RTX 4060 Ti,12th Gen Intel(R) Core(TM) i7-12700,3840x2160,D3D12,0,20336,0x0000000063F0AD60,0,0,Hardware Composed: Independent Flip,0,4540.237620,15.119,15.147,0.151,0.746,2.510,0.049,NA,2775,9001,63,52,NA,NA,NA,NA,NA,NA,0.653,0.944,0.653,70,101,101,NA,4384,15, 39,42.535, 65,31,1,22,1,19,1,2,1,74,1,78,1,1,1,1,1,17,13,12,12,NA,NA,NA,NA,NA,NA,NA,NA,NA,NA,NA,NA,NA,NA,NA,NA,NA,NA,NA,NA,NA,NA,NA,NA,NA,NA,NA,NA,NA,NA,NA,NA,NA,NA,NA,NA,NA,NA,NA,NA,NA,NA,NA,NA,NA,NA,NA,NA
ImmortalsOfAveum-Win64-Shipping.exe,NVIDIA GeForce RTX 4060 Ti,12th Gen Intel(R) Core(TM) i7-12700,3840x2160,D3D12,0,20336,0x0000000063F0AD60,0,0,Hardware Composed: Independent Flip,0,4540.254327,16.708,16.234,0.197,1.978,2.037,0.118,NA,2775,9001,63,52,NA,NA,NA,NA,NA,NA,0.591,0.854,0.591,70,101,101,NA,4384,15, 39,42.535, 65,31,1,22,1,19,1,2,1,74,1,78,1,1,1,1,1,17,13,12,12,NA,NA,NA,NA,NA,NA,NA,NA,NA,NA,NA,NA,NA,NA,NA,NA,NA,NA,NA,NA,NA,NA,NA,NA,NA,NA,NA,NA,NA,NA,NA,NA,NA,NA,NA,NA,NA,NA,NA,NA,NA,NA,NA,NA,NA,NA,NA,NA
ImmortalsOfAveum-Win64-Shipping.exe,NVIDIA GeForce RTX 4060 Ti,12th Gen Intel(R) Core(TM) i7-12700,3840x2160,D3D12,0,20336,0x0000000063F0AD60,0,0,Hardware Composed: Independent Flip,0,4540.271741,17.414,18.748,0.156,0.349,3.371,0.020,NA,2775,9001,63,52,NA,NA,NA,NA,NA,NA,0.567,0.820,0.567,70,101,101,NA,4384,15, 39,42.535, 65,31,1,22,1,19,1,2,1,74,1,78,1,1,1,1,1,17,13,12,12,NA,NA,NA,NA,NA,NA,NA,NA,NA,NA,NA,NA,NA,NA,NA,NA,NA,NA,NA,NA,NA,NA,NA,NA,NA,NA,NA,NA,NA,NA,NA,NA,NA,NA,NA,NA,NA,NA,NA,NA,NA,NA,NA,NA,NA,NA,NA,NA
ImmortalsOfAveum-Win64-Shipping.exe,NVIDIA GeForce RTX 4060 Ti,12th Gen Intel(R) Core(TM) i7-12700,3840x2160,D3D12,0,20336,0x0000000063F0AD60,0,0,Hardware Composed: Independent Flip,0,4540.288510,16.768,16.029,0.233,2.571,2.632,0.153,NA,2775,9001,63,52,NA,NA,NA,NA,NA,NA,0.588,0.851,0.588,70,101,101,NA,4384,15, 39,42.535, 65,31,1,22,1,19,1,2,1,74,1,78,1,1,1,1,1,17,13,12,12,NA,NA,NA,NA,NA,NA,NA,NA,NA,NA,NA,NA,NA,NA,NA,NA,NA,NA,NA,NA,NA,NA,NA,NA,NA,NA,NA,NA,NA,NA,NA,NA,NA,NA,NA,NA,NA,NA,NA,NA,NA,NA,NA,NA,NA,NA,NA,NA
ImmortalsOfAveum-Win64-Shipping.exe,NVIDIA GeForce RTX 4060 Ti,12th Gen Intel(R) Core(TM) i7-12700,3840x2160,D3D12,0,20336,0x0000000063F0AD60,0,0,Hardware Composed: Independent Flip,0,4540.304809,16.300,16.168,0.147,0.547,2.500,0.034,NA,2775,9001,63,52,NA,NA,NA,NA,NA,NA,0.605,0.876,0.605,70,101,101,NA,4384,15, 39,42.535, 65,31,1,22,1,19,1,2,1,74,1,78,1,1,1,1,1,17,13,12,12,NA,NA,NA,NA,NA,NA,NA,NA,NA,NA,NA,NA,NA,NA,NA,NA,NA,NA,NA,NA,NA,NA,NA,NA,NA,NA,NA,NA,NA,NA,NA,NA,NA,NA,NA,NA,NA,NA,NA,NA,NA,NA,NA,NA,NA,NA,NA,NA
ImmortalsOfAveum-Win64-Shipping.exe,NVIDIA GeForce RTX 4060 Ti,12th Gen Intel(R) Core(TM) i7-12700,3840x2160,D3D12,0,20336,0x0000000063F0AD60,0,0,Hardware Composed: Independent Flip,0,4540.321761,16.952,16.352,0.211,1.840,1.901,0.109,NA,2775,9001,63,52,NA,NA,NA,NA,NA,NA,0.582,0.842,0.582,70,101,101,NA,4384,15, 39,42.535, 65,31,1,22,1,19,1,2,1,74,1,78,1,1,1,1,1,17,13,12,12,NA,NA,NA,NA,NA,NA,NA,NA,NA,NA,NA,NA,NA,NA,NA,NA,NA,NA,NA,NA,NA,NA,NA,NA,NA,NA,NA,NA,NA,NA,NA,NA,NA,NA,NA,NA,NA,NA,NA,NA,NA,NA,NA,NA,NA,NA,NA,NA
ImmortalsOfAveum-Win64-Shipping.exe,NVIDIA GeForce RTX 4060 Ti,12th Gen Intel(R) Core(TM) i7-12700,3840x2160,D3D12,0,20336,0x0000000063F0AD60,0,0,Hardware Composed: Independent Flip,0,4540.339068,17.307,17.628,0.193,0.351,2.223,0.020,NA,2775,9001,63,52,NA,NA,NA,NA,NA,NA,0.570,0.825,0.570,70,101,101,NA,4384,15, 39,42.535, 65,31,1,22,1,19,1,2,1,74,1,78,1,1,1,1,1,17,13,12,12,NA,NA,NA,NA,NA,NA,NA,NA,NA,NA,NA,NA,NA,NA,NA,NA,NA,NA,NA,NA,NA,NA,NA,NA,NA,NA,NA,NA,NA,NA,NA,NA,NA,NA,NA,NA,NA,NA,NA,NA,NA,NA,NA,NA,NA,NA,NA,NA
ImmortalsOfAveum-Win64-Shipping.exe,NVIDIA GeForce RTX 4060 Ti,12th Gen Intel(R) Core(TM) i7-12700,3840x2160,D3D12,0,20336,0x0000000063F0AD60,0,0,Hardware Composed: Independent Flip,0,4540.356089,17.021,17.306,0.184,2.493,2.508,0.146,NA,2775,9001,63,52,NA,NA,NA,NA,NA,NA,0.580,0.839,0.580,70,101,101,NA,4384,15, 39,42.535, 65,31,1,22,1,19,1,2,1,74,1,78,1,1,1,1,1,17,13,12,12,NA,NA,NA,NA,NA,NA,NA,NA,NA,NA,NA,NA,NA,NA,NA,NA,NA,NA,NA,NA,NA,NA,NA,NA,NA,NA,NA,NA,NA,NA,NA,NA,NA,NA,NA,NA,NA,NA,NA,NA,NA,NA,NA,NA,NA,NA,NA,NA
ImmortalsOfAveum-Win64-Shipping.exe,NVIDIA GeForce RTX 4060 Ti,12th Gen Intel(R) Core(TM) i7-12700,3840x2160,D3D12,0,20336,0x0000000063F0AD60,0,0,Hardware Composed: Independent Flip,0,4540.371677,15.588,14.755,0.139,0.448,1.675,0.029,NA,2775,9001,63,52,NA,NA,NA,NA,NA,NA,0.633,0.916,0.633,70,101,101,NA,4384,15, 39,42.535, 65,31,1,22,1,19,1,2,1,74,1,78,1,1,1,1,1,17,13,12,12,NA,NA,NA,NA,NA,NA,NA,NA,NA,NA,NA,NA,NA,NA,NA,NA,NA,NA,NA,NA,NA,NA,NA,NA,NA,NA,NA,NA,NA,NA,NA,NA,NA,NA,NA,NA,NA,NA,NA,NA,NA,NA,NA,NA,NA,NA,NA,NA
ImmortalsOfAveum-Win64-Shipping.exe,NVIDIA GeForce RTX 4060 Ti,12th Gen Intel(R) Core(TM) i7-12700,3840x2160,D3D12,0,20336,0x0000000063F0AD60,0,0,Hardware Composed: Independent Flip,0,4540.388654,16.978,16.985,0.212,1.610,1.682,0.095,NA,2775,9001,63,52,NA,NA,NA,NA,NA,NA,0.581,0.841,0.581,70,101,101,NA,4384,15, 39,42.535, 65,31,1,22,1,19,1,2,1,74,1,78,1,1,1,1,1,17,13,12,12,NA,NA,NA,NA,NA,NA,NA,NA,NA,NA,NA,NA,NA,NA,NA,NA,NA,NA,NA,NA,NA,NA,NA,NA,NA,NA,NA,NA,NA,NA,NA,NA,NA,NA,NA,NA,NA,NA,NA,NA,NA,NA,NA,NA,NA,NA,NA,NA
ImmortalsOfAveum-Win64-Shipping.exe,NVIDIA GeForce RTX 4060 Ti,12th Gen Intel(R) Core(TM) i7-12700,3840x2160,D3D12,0,20336,0x0000000063F0AD60,0,0,Hardware Composed: Independent Flip,0,4540.404161,15.507,16.867,0.151,0.554,3.042,0.036,NA,2775,9001,63,52,NA,NA,NA,NA,NA,NA,0.635,0.918,0.635,70,101,101,NA,4371,12, 39,42.535, 65,26,0,17,0,11,0,10,0,74,0,75,0,0,0,0,0,14,10,8,8,NA,NA,NA,NA,NA,NA,NA,NA,NA,NA,NA,NA,NA,NA,NA,NA,NA,NA,NA,NA,NA,NA,NA,NA,NA,NA,NA,NA,NA,NA,NA,NA,NA,NA,NA,NA,NA,NA,NA,NA,NA,NA,NA,NA,NA,NA,NA,NA
ImmortalsOfAveum-Win64-Shipping.exe,NVIDIA GeForce RTX 4060 Ti,12th Gen Intel(R) Core(TM) i7-12700,3840x2160,D3D12,0,20336,0x0000000063F0AD60,0,0,Hardware Composed: Independent Flip,0,4540.420600,16.438,15.599,0.203,2.189,2.202,0.133,NA,2775,9001,63,52,NA,NA,NA,NA,NA,NA,0.599,0.866,0.599,70,101,101,NA,4371,12, 42,42.561, 65,26,0,17,0,11,0,10,0,74,0,75,0,0,0,0,0,14,10,8,8,NA,NA,NA,NA,NA,NA,NA,NA,NA,NA,NA,NA,NA,NA,NA,NA,NA,NA,NA,NA,NA,NA,NA,NA,NA,NA,NA,NA,NA,NA,NA,NA,NA,NA,NA,NA,NA,NA,NA,NA,NA,NA,NA,NA,NA,NA,NA,NA
ImmortalsOfAveum-Win64-Shipping.exe,NVIDIA GeForce RTX 4060 Ti,12th Gen Intel(R) Core(TM) i7-12700,3840x2160,D3D12,0,20336,0x0000000063F0AD60,0,0,Hardware Composed: Independent Flip,0,4540.438026,17.427,18.117,0.156,0.366,2.893,0.021,NA,2775,9001,63,52,NA,NA,NA,NA,NA,NA,0.565,0.817,0.565,70,101,101,NA,4371,12, 42,42.561, 65,26,0,17,0,11,0,10,0,74,0,75,0,0,0,0,0,14,10,8,8,NA,NA,NA,NA,NA,NA,NA,NA,NA,NA,NA,NA,NA,NA,NA,NA,NA,NA,NA,NA,NA,NA,NA,NA,NA,NA,NA,NA,NA,NA,NA,NA,NA,NA,NA,NA,NA,NA,NA,NA,NA,NA,NA,NA,NA,NA,NA,NA
ImmortalsOfAveum-Win64-Shipping.exe,NVIDIA GeForce RTX 4060 Ti,12th Gen Intel(R) Core(TM) i7-12700,3840x2160,D3D12,0,20336,0x0000000063F0AD60,0,0,Hardware Composed: Independent Flip,0,4540.454881,16.855,16.077,0.208,2.054,2.115,0.122,NA,2775,9001,63,52,NA,NA,NA,NA,NA,NA,0.584,0.844,0.584,70,101,101,NA,4371,12, 42,42.561, 65,26,0,17,0,11,0,10,0,74,0,75,0,0,0,0,0,14,10,8,8,NA,NA,NA,NA,NA,NA,NA,NA,NA,NA,NA,NA,NA,NA,NA,NA,NA,NA,NA,NA,NA,NA,NA,NA,NA,NA,NA,NA,NA,NA,NA,NA,NA,NA,NA,NA,NA,NA,NA,NA,NA,NA,NA,NA,NA,NA,NA,NA
ImmortalsOfAveum-Win64-Shipping.exe,NVIDIA GeForce RTX 4060 Ti,12th Gen Intel(R) Core(TM) i7-12700,3840x2160,D3D12,0,20336,0x0000000063F0AD60,0,0,Hardware Composed: Independent Flip,0,4540.472365,17.484,16.979,0.159,0.351,1.609,0.020,NA,2775,9001,63,52,NA,NA,NA,NA,NA,NA,0.563,0.814,0.563,70,101,101,NA,4371,12, 42,42.561, 65,26,0,17,0,11,0,10,0,74,0,75,0,0,0,0,0,14,10,8,8,NA,NA,NA,NA,NA,NA,NA,NA,NA,NA,NA,NA,NA,NA,NA,NA,NA,NA,NA,NA,NA,NA,NA,NA,NA,NA,NA,NA,NA,NA,NA,NA,NA,NA,NA,NA,NA,NA,NA,NA,NA,NA,NA,NA,NA,NA,NA,NA
ImmortalsOfAveum-Win64-Shipping.exe,NVIDIA GeForce RTX 4060 Ti,12th Gen Intel(R) Core(TM) i7-12700,3840x2160,D3D12,0,20336,0x0000000063F0AD60,0,0,Hardware Composed: Independent Flip,0,4540.489775,17.411,17.932,0.221,2.071,2.131,0.119,NA,2775,9001,63,52,NA,NA,NA,NA,NA,NA,0.565,0.817,0.565,70,101,101,NA,4371,12, 42,42.561, 65,26,0,17,0,11,0,10,0,74,0,75,0,0,0,0,0,14,10,8,8,NA,NA,NA,NA,NA,NA,NA,NA,NA,NA,NA,NA,NA,NA,NA,NA,NA,NA,NA,NA,NA,NA,NA,NA,NA,NA,NA,NA,NA,NA,NA,NA,NA,NA,NA,NA,NA,NA,NA,NA,NA,NA,NA,NA,NA,NA,NA,NA
ImmortalsOfAveum-Win64-Shipping.exe,NVIDIA GeForce RTX 4060 Ti,12th Gen Intel(R) Core(TM) i7-12700,3840x2160,D3D12,0,20336,0x0000000063F0AD60,0,0,Hardware Composed: Independent Flip,0,4540.504618,14.842,14.068,0.144,0.562,1.357,0.038,NA,2775,9001,63,52,NA,NA,NA,NA,NA,NA,0.663,0.959,0.663,70,101,101,NA,4371,12, 42,42.561, 65,26,0,17,0,11,0,10,0,74,0,75,0,0,0,0,0,14,10,8,8,NA,NA,NA,NA,NA,NA,NA,NA,NA,NA,NA,NA,NA,NA,NA,NA,NA,NA,NA,NA,NA,NA,NA,NA,NA,NA,NA,NA,NA,NA,NA,NA,NA,NA,NA,NA,NA,NA,NA,NA,NA,NA,NA,NA,NA,NA,NA,NA
ImmortalsOfAveum-Win64-Shipping.exe,NVIDIA GeForce RTX 4060 Ti,12th Gen Intel(R) Core(TM) i7-12700,3840x2160,D3D12,0,20336,0x0000000063F0AD60,0,0,Hardware Composed: Independent Flip,0,4540.521522,16.904,17.491,0.193,1.929,1.943,0.114,NA,2775,9001,63,52,NA,NA,NA,NA,NA,NA,0.582,0.842,0.582,70,101,101,NA,4371,12, 42,42.561, 65,26,0,17,0,11,0,10,0,74,0,75,0,0,0,0,0,14,10,8,8,NA,NA,NA,NA,NA,NA,NA,NA,NA,NA,NA,NA,NA,NA,NA,NA,NA,NA,NA,NA,NA,NA,NA,NA,NA,NA,NA,NA,NA,NA,NA,NA,NA,NA,NA,NA,NA,NA,NA,NA,NA,NA,NA,NA,NA,NA,NA,NA
ImmortalsOfAveum-Win64-Shipping.exe,NVIDIA GeForce RTX 4060 Ti,12th Gen Intel(R) Core(TM) i7-12700,3840x2160,D3D12,0,20336,0x0000000063F0AD60,0,0,Hardware Composed: Independent Flip,0,4540.538886,17.365,18.489,0.159,0.350,3.067,0.020,NA,2775,9001,63,52,NA,NA,NA,NA,NA,NA,0.567,0.819,0.567,70,101,101,NA,4371,12, 42,42.561, 65,26,0,17,0,11,0,10,0,74,0,75,0,0,0,0,0,14,10,8,8,NA,NA,NA,NA,NA,NA,NA,NA,NA,NA,NA,NA,NA,NA,NA,NA,NA,NA,NA,NA,NA,NA,NA,NA,NA,NA,NA,NA,NA,NA,NA,NA,NA,NA,NA,NA,NA,NA,NA,NA,NA,NA,NA,NA,NA,NA,NA,NA
ImmortalsOfAveum-Win64-Shipping.exe,NVIDIA GeForce RTX 4060 Ti,12th Gen Intel(R) Core(TM) i7-12700,3840x2160,D3D12,0,20336,0x0000000063F0AD60,0,0,Hardware Composed: Independent Flip,0,4540.555765,16.879,15.596,0.207,1.771,1.785,0.105,NA,2775,9001,63,52,NA,NA,NA,NA,NA,NA,0.583,0.843,0.583,70,101,101,NA,4371,12, 42,42.561, 65,26,0,17,0,11,0,10,0,74,0,75,0,0,0,0,0,14,10,8,8,NA,NA,NA,NA,NA,NA,NA,NA,NA,NA,NA,NA,NA,NA,NA,NA,NA,NA,NA,NA,NA,NA,NA,NA,NA,NA,NA,NA,NA,NA,NA,NA,NA,NA,NA,NA,NA,NA,NA,NA,NA,NA,NA,NA,NA,NA,NA,NA
ImmortalsOfAveum-Win64-Shipping.exe,NVIDIA GeForce RTX 4060 Ti,12th Gen Intel(R) Core(TM) i7-12700,3840x2160,D3D12,0,20336,0x0000000063F0AD60,0,0,Hardware Composed: Independent Flip,0,4540.571268,15.502,16.449,0.221,0.519,2.732,0.033,NA,2775,9001,63,52,NA,NA,NA,NA,NA,NA,0.635,0.918,0.635,70,101,101,NA,4371,12, 42,42.561, 65,26,0,17,0,11,0,10,0,74,0,75,0,0,0,0,0,14,10,8,8,NA,NA,NA,NA,NA,NA,NA,NA,NA,NA,NA,NA,NA,NA,NA,NA,NA,NA,NA,NA,NA,NA,NA,NA,NA,NA,NA,NA,NA,NA,NA,NA,NA,NA,NA,NA,NA,NA,NA,NA,NA,NA,NA,NA,NA,NA,NA,NA
ImmortalsOfAveum-Win64-Shipping.exe,NVIDIA GeForce RTX 4060 Ti,12th Gen Intel(R) Core(TM) i7-12700,3840x2160,D3D12,0,20336,0x0000000063F0AD60,0,0,Hardware Composed: Independent Flip,0,4540.588143,16.875,16.201,0.216,2.037,2.057,0.121,NA,2775,9001,63,52,NA,NA,NA,NA,NA,NA,0.583,0.843,0.583,70,101,101,NA,4371,12, 42,42.561, 65,26,0,17,0,11,0,10,0,74,0,75,0,0,0,0,0,14,10,8,8,NA,NA,NA,NA,NA,NA,NA,NA,NA,NA,NA,NA,NA,NA,NA,NA,NA,NA,NA,NA,NA,NA,NA,NA,NA,NA,NA,NA,NA,NA,NA,NA,NA,NA,NA,NA,NA,NA,NA,NA,NA,NA,NA,NA,NA,NA,NA,NA
ImmortalsOfAveum-Win64-Shipping.exe,NVIDIA GeForce RTX 4060 Ti,12th Gen Intel(R) Core(TM) i7-12700,3840x2160,D3D12,0,20336,0x0000000063F0AD60,0,0,Hardware Composed: Independent Flip,0,4540.604090,15.947,16.233,0.138,0.571,2.343,0.036,NA,2775,9001,63,52,NA,NA,NA,NA,NA,NA,0.617,0.892,0.617,70,101,101,NA,4371,12, 42,42.561, 65,26,0,17,0,11,0,10,0,74,0,75,0,0,0,0,0,14,10,8,8,NA,NA,NA,NA,NA,NA,NA,NA,NA,NA,NA,NA,NA,NA,NA,NA,NA,NA,NA,NA,NA,NA,NA,NA,NA,NA,NA,NA,NA,NA,NA,NA,NA,NA,NA,NA,NA,NA,NA,NA,NA,NA,NA,NA,NA,NA,NA,NA
ImmortalsOfAveum-Win64-Shipping.exe,NVIDIA GeForce RTX 4060 Ti,12th Gen Intel(R) Core(TM) i7-12700,3840x2160,D3D12,0,20336,0x0000000063F0AD60,0,0,Hardware Composed: Independent Flip,0,4540.620653,16.563,16.760,0.200,2.480,2.541,0.150,NA,2775,9001,63,52,NA,NA,NA,NA,NA,NA,0.594,0.859,0.594,70,101,101,NA,4371,12, 42,43.000, 65,26,0,17,0,11,0,10,0,74,0,75,0,0,0,0,0,14,10,8,8,NA,NA,NA,NA,NA,NA,NA,NA,NA,NA,NA,NA,NA,NA,NA,NA,NA,NA,NA,NA,NA,NA,NA,NA,NA,NA,NA,NA,NA,NA,NA,NA,NA,NA,NA,NA,NA,NA,NA,NA,NA,NA,NA,NA,NA,NA,NA,NA
ImmortalsOfAveum-Win64-Shipping.exe,NVIDIA GeForce RTX 4060 Ti,12th Gen Intel(R) Core(TM) i7-12700,3840x2160,D3D12,0,20336,0x0000000063F0AD60,0,0,Hardware Composed: Independent Flip,0,4540.638582,17.929,17.478,0.158,0.352,2.090,0.020,NA,2775,9001,63,52,NA,NA,NA,NA,NA,NA,0.549,0.794,0.549,70,101,101,NA,4371,12, 42,43.000, 65,26,0,17,0,11,0,10,0,74,0,75,0,0,0,0,0,14,10,8,8,NA,NA,NA,NA,NA,NA,NA,NA,NA,NA,NA,NA,NA,NA,NA,NA,NA,NA,NA,NA,NA,NA,NA,NA,NA,NA,NA,NA,NA,NA,NA,NA,NA,NA,NA,NA,NA,NA,NA,NA,NA,NA,NA,NA,NA,NA,NA,NA
ImmortalsOfAveum-Win64-Shipping.exe,NVIDIA GeForce RTX 4060 Ti,12th Gen Intel(R) Core(TM) i7-12700,3840x2160,D3D12,0,20336,0x0000000063F0AD60,0,0,Hardware Composed: Independent Flip,0,4540.655761,17.179,17.406,0.230,2.260,2.317,0.132,NA,2775,9001,63,52,NA,NA,NA,NA,NA,NA,0.573,0.828,0.573,70,101,101,NA,4371,12, 42,43.000, 65,26,0,17,0,11,0,10,0,74,0,75,0,0,0,0,0,14,10,8,8,NA,NA,NA,NA,NA,NA,NA,NA,NA,NA,NA,NA,NA,NA,NA,NA,NA,NA,NA,NA,NA,NA,NA,NA,NA,NA,NA,NA,NA,NA,NA,NA,NA,NA,NA,NA,NA,NA,NA,NA,NA,NA,NA,NA,NA,NA,NA,NA
ImmortalsOfAveum-Win64-Shipping.exe,NVIDIA GeForce RTX 4060 Ti,12th Gen Intel(R) Core(TM) i7-12700,3840x2160,D3D12,0,20336,0x0000000063F0AD60,0,0,Hardware Composed: Independent Flip,0,4540.670960,15.200,14.775,0.143,0.523,1.892,0.034,NA,2775,9001,63,52,NA,NA,NA,NA,NA,NA,0.648,0.936,0.648,70,101,101,NA,4371,12, 42,43.000, 65,26,0,17,0,11,0,10,0,74,0,75,0,0,0,0,0,14,10,8,8,NA,NA,NA,NA,NA,NA,NA,NA,NA,NA,NA,NA,NA,NA,NA,NA,NA,NA,NA,NA,NA,NA,NA,NA,NA,NA,NA,NA,NA,NA,NA,NA,NA,NA,NA,NA,NA,NA,NA,NA,NA,NA,NA,NA,NA,NA,NA,NA
ImmortalsOfAveum-Win64-Shipping.exe,NVIDIA GeForce RTX 4060 Ti,12th Gen Intel(R) Core(TM) i7-12700,3840x2160,D3D12,0,20336,0x0000000063F0AD60,0,0,Hardware Composed: Independent Flip,0,4540.687926,16.966,16.884,0.239,1.796,1.810,0.106,NA,2775,9001,63,52,NA,NA,NA,NA,NA,NA,0.580,0.839,0.580,70,101,101,NA,4371,12, 42,43.000, 65,26,0,17,0,11,0,10,0,74,0,75,0,0,0,0,0,14,10,8,8,NA,NA,NA,NA,NA,NA,NA,NA,NA,NA,NA,NA,NA,NA,NA,NA,NA,NA,NA,NA,NA,NA,NA,NA,NA,NA,NA,NA,NA,NA,NA,NA,NA,NA,NA,NA,NA,NA,NA,NA,NA,NA,NA,NA,NA,NA,NA,NA
ImmortalsOfAveum-Win64-Shipping.exe,NVIDIA GeForce RTX 4060 Ti,12th Gen Intel(R) Core(TM) i7-12700,3840x2160,D3D12,0,20336,0x0000000063F0AD60,0,0,Hardware Composed: Independent Flip,0,4540.705109,17.184,18.400,0.158,0.349,3.027,0.020,NA,2775,9001,63,52,NA,NA,NA,NA,NA,NA,0.573,0.828,0.573,70,101,101,NA,4371,12, 42,43.000, 65,26,0,17,0,11,0,10,0,74,0,75,0,0,0,0,0,14,10,8,8,NA,NA,NA,NA,NA,NA,NA,NA,NA,NA,NA,NA,NA,NA,NA,NA,NA,NA,NA,NA,NA,NA,NA,NA,NA,NA,NA,NA,NA,NA,NA,NA,NA,NA,NA,NA,NA,NA,NA,NA,NA,NA,NA,NA,NA,NA,NA,NA
ImmortalsOfAveum-Win64-Shipping.exe,NVIDIA GeForce RTX 4060 Ti,12th Gen Intel(R) Core(TM) i7-12700,3840x2160,D3D12,0,20336,0x0000000063F0AD60,0,0,Hardware Composed: Independent Flip,0,4540.721989,16.879,15.739,0.253,1.873,1.887,0.111,NA,2775,9001,63,52,NA,NA,NA,NA,NA,NA,0.583,0.843,0.583,70,101,101,NA,4371,12, 42,43.000, 65,26,0,17,0,11,0,10,0,74,0,75,0,0,0,0,0,14,10,8,8,NA,NA,NA,NA,NA,NA,NA,NA,NA,NA,NA,NA,NA,NA,NA,NA,NA,NA,NA,NA,NA,NA,NA,NA,NA,NA,NA,NA,NA,NA,NA,NA,NA,NA,NA,NA,NA,NA,NA,NA,NA,NA,NA,NA,NA,NA,NA,NA
ImmortalsOfAveum-Win64-Shipping.exe,NVIDIA GeForce RTX 4060 Ti,12th Gen Intel(R) Core(TM) i7-12700,3840x2160,D3D12,0,20336,0x0000000063F0AD60,0,0,Hardware Composed: Independent Flip,0,4540.737580,15.591,16.158,0.148,0.549,2.454,0.035,NA,2775,9001,63,52,NA,NA,NA,NA,NA,NA,0.631,0.913,0.631,70,101,101,NA,4371,12, 42,43.000, 65,26,0,17,0,11,0,10,0,74,0,75,0,0,0,0,0,14,10,8,8,NA,NA,NA,NA,NA,NA,NA,NA,NA,NA,NA,NA,NA,NA,NA,NA,NA,NA,NA,NA,NA,NA,NA,NA,NA,NA,NA,NA,NA,NA,NA,NA,NA,NA,NA,NA,NA,NA,NA,NA,NA,NA,NA,NA,NA,NA,NA,NA
ImmortalsOfAveum-Win64-Shipping.exe,NVIDIA GeForce RTX 4060 Ti,12th Gen Intel(R) Core(TM) i7-12700,3840x2160,D3D12,0,20336,0x0000000063F0AD60,0,0,Hardware Composed: Independent Flip,0,4540.754490,16.911,16.686,0.247,2.216,2.230,0.131,NA,2775,9001,63,52,NA,NA,NA,NA,NA,NA,0.582,0.841,0.582,70,101,101,NA,4371,12, 42,43.000, 65,26,0,17,0,11,0,10,0,74,0,75,0,0,0,0,0,14,10,8,8,NA,NA,NA,NA,NA,NA,NA,NA,NA,NA,NA,NA,NA,NA,NA,NA,NA,NA,NA,NA,NA,NA,NA,NA,NA,NA,NA,NA,NA,NA,NA,NA,NA,NA,NA,NA,NA,NA,NA,NA,NA,NA,NA,NA,NA,NA,NA,NA
ImmortalsOfAveum-Win64-Shipping.exe,NVIDIA GeForce RTX 4060 Ti,12th Gen Intel(R) Core(TM) i7-12700,3840x2160,D3D12,0,20336,0x0000000063F0AD60,0,0,Hardware Composed: Independent Flip,0,4540.772072,17.582,17.390,0.161,0.348,2.037,0.020,NA,2775,9001,63,52,NA,NA,NA,NA,NA,NA,0.560,0.809,0.560,70,101,101,NA,4371,12, 42,43.000, 65,26,0,17,0,11,0,10,0,74,0,75,0,0,0,0,0,14,10,8,8,NA,NA,NA,NA,NA,NA,NA,NA,NA,NA,NA,NA,NA,NA,NA,NA,NA,NA,NA,NA,NA,NA,NA,NA,NA,NA,NA,NA,NA,NA,NA,NA,NA,NA,NA,NA,NA,NA,NA,NA,NA,NA,NA,NA,NA,NA,NA,NA
ImmortalsOfAveum-Win64-Shipping.exe,NVIDIA GeForce RTX 4060 Ti,12th Gen Intel(R) Core(TM) i7-12700,3840x2160,D3D12,0,20336,0x0000000063F0AD60,0,0,Hardware Composed: Independent Flip,0,4540.789066,16.994,16.708,0.248,1.692,1.751,0.100,NA,2775,9001,63,52,NA,NA,NA,NA,NA,NA,0.579,0.837,0.579,70,101,101,NA,4371,12, 42,43.000, 65,26,0,17,0,11,0,10,0,74,0,75,0,0,0,0,0,14,10,8,8,NA,NA,NA,NA,NA,NA,NA,NA,NA,NA,NA,NA,NA,NA,NA,NA,NA,NA,NA,NA,NA,NA,NA,NA,NA,NA,NA,NA,NA,NA,NA,NA,NA,NA,NA,NA,NA,NA,NA,NA,NA,NA,NA,NA,NA,NA,NA,NA
ImmortalsOfAveum-Win64-Shipping.exe,NVIDIA GeForce RTX 4060 Ti,12th Gen Intel(R) Core(TM) i7-12700,3840x2160,D3D12,0,20336,0x0000000063F0AD60,0,0,Hardware Composed: Independent Flip,0,4540.804586,15.520,15.606,0.175,0.512,1.838,0.033,NA,2775,9001,63,52,NA,NA,NA,NA,NA,NA,0.634,0.917,0.634,70,101,101,NA,4371,12, 42,43.000, 65,26,0,17,0,11,0,10,0,74,0,75,0,0,0,0,0,14,10,8,8,NA,NA,NA,NA,NA,NA,NA,NA,NA,NA,NA,NA,NA,NA,NA,NA,NA,NA,NA,NA,NA,NA,NA,NA,NA,NA,NA,NA,NA,NA,NA,NA,NA,NA,NA,NA,NA,NA,NA,NA,NA,NA,NA,NA,NA,NA,NA,NA
ImmortalsOfAveum-Win64-Shipping.exe,NVIDIA GeForce RTX 4060 Ti,12th Gen Intel(R) Core(TM) i7-12700,3840x2160,D3D12,0,20336,0x0000000063F0AD60,0,0,Hardware Composed: Independent Flip,0,4540.821533,16.947,16.820,0.191,1.697,1.711,0.100,NA,2775,9001,63,52,NA,NA,NA,NA,NA,NA,0.581,0.840,0.581,70,101,101,NA,4371,12, 42,42.502, 65,26,0,17,0,11,0,10,0,74,0,75,0,0,0,0,0,14,10,8,8,NA,NA,NA,NA,NA,NA,NA,NA,NA,NA,NA,NA,NA,NA,NA,NA,NA,NA,NA,NA,NA,NA,NA,NA,NA,NA,NA,NA,NA,NA,NA,NA,NA,NA,NA,NA,NA,NA,NA,NA,NA,NA,NA,NA,NA,NA,NA,NA
ImmortalsOfAveum-Win64-Shipping.exe,NVIDIA GeForce RTX 4060 Ti,12th Gen Intel(R) Core(TM) i7-12700,3840x2160,D3D12,0,20336,0x0000000063F0AD60,0,0,Hardware Composed: Independent Flip,0,4540.838617,17.084,17.561,0.167,0.319,2.187,0.019,NA,2775,9001,63,52,NA,NA,NA,NA,NA,NA,0.576,0.833,0.576,70,101,101,NA,4371,12, 42,42.502, 65,26,0,17,0,11,0,10,0,74,0,75,0,0,0,0,0,14,10,8,8,NA,NA,NA,NA,NA,NA,NA,NA,NA,NA,NA,NA,NA,NA,NA,NA,NA,NA,NA,NA,NA,NA,NA,NA,NA,NA,NA,NA,NA,NA,NA,NA,NA,NA,NA,NA,NA,NA,NA,NA,NA,NA,NA,NA,NA,NA,NA,NA
ImmortalsOfAveum-Win64-Shipping.exe,NVIDIA GeForce RTX 4060 Ti,12th Gen Intel(R) Core(TM) i7-12700,3840x2160,D3D12,0,20336,0x0000000063F0AD60,0,0,Hardware Composed: Independent Flip,0,4540.855507,16.890,17.246,0.219,2.530,2.543,0.150,NA,2775,9001,63,52,NA,NA,NA,NA,NA,NA,0.583,0.842,0.583,70,101,101,NA,4371,12, 42,42.502, 65,26,0,17,0,11,0,10,0,74,0,75,0,0,0,0,0,14,10,8,8,NA,NA,NA,NA,NA,NA,NA,NA,NA,NA,NA,NA,NA,NA,NA,NA,NA,NA,NA,NA,NA,NA,NA,NA,NA,NA,NA,NA,NA,NA,NA,NA,NA,NA,NA,NA,NA,NA,NA,NA,NA,NA,NA,NA,NA,NA,NA,NA
ImmortalsOfAveum-Win64-Shipping.exe,NVIDIA GeForce RTX 4060 Ti,12th Gen Intel(R) Core(TM) i7-12700,3840x2160,D3D12,0,20336,0x0000000063F0AD60,0,0,Hardware Composed: Independent Flip,0,4540.870905,15.398,14.884,0.142,0.540,2.029,0.035,NA,2775,9001,63,52,NA,NA,NA,NA,NA,NA,0.639,0.924,0.639,70,101,101,NA,4371,12, 42,42.502, 65,26,0,17,0,11,0,10,0,74,0,75,0,0,0,0,0,14,10,8,8,NA,NA,NA,NA,NA,NA,NA,NA,NA,NA,NA,NA,NA,NA,NA,NA,NA,NA,NA,NA,NA,NA,NA,NA,NA,NA,NA,NA,NA,NA,NA,NA,NA,NA,NA,NA,NA,NA,NA,NA,NA,NA,NA,NA,NA,NA,NA,NA
ImmortalsOfAveum-Win64-Shipping.exe,NVIDIA GeForce RTX 4060 Ti,12th Gen Intel(R) Core(TM) i7-12700,3840x2160,D3D12,0,20336,0x0000000063F0AD60,0,0,Hardware Composed: Independent Flip,0,4540.887755,16.850,17.199,0.229,2.320,2.378,0.138,NA,2775,9001,63,52,NA,NA,NA,NA,NA,NA,0.584,0.844,0.584,70,101,101,NA,4371,12, 42,42.502, 65,26,0,17,0,11,0,10,0,74,0,75,0,0,0,0,0,14,10,8,8,NA,NA,NA,NA,NA,NA,NA,NA,NA,NA,NA,NA,NA,NA,NA,NA,NA,NA,NA,NA,NA,NA,NA,NA,NA,NA,NA,NA,NA,NA,NA,NA,NA,NA,NA,NA,NA,NA,NA,NA,NA,NA,NA,NA,NA,NA,NA,NA
ImmortalsOfAveum-Win64-Shipping.exe,NVIDIA GeForce RTX 4060 Ti,12th Gen Intel(R) Core(TM) i7-12700,3840x2160,D3D12,0,20336,0x0000000063F0AD60,0,0,Hardware Composed: Independent Flip,0,4540.905597,17.842,18.471,0.164,0.349,3.008,0.020,NA,2775,9001,62,53,NA,NA,NA,NA,NA,NA,0.554,0.802,0.554,69,101,101,NA,4370,15, 42,42.502, 65,30,1,22,1,18,1,15,1,77,1,74,1,1,1,1,1,16,13,11,10,NA,NA,NA,NA,NA,NA,NA,NA,NA,NA,NA,NA,NA,NA,NA,NA,NA,NA,NA,NA,NA,NA,NA,NA,NA,NA,NA,NA,NA,NA,NA,NA,NA,NA,NA,NA,NA,NA,NA,NA,NA,NA,NA,NA,NA,NA,NA,NA
ImmortalsOfAveum-Win64-Shipping.exe,NVIDIA GeForce RTX 4060 Ti,12th Gen Intel(R) Core(TM) i7-12700,3840x2160,D3D12,0,20336,0x0000000063F0AD60,0,0,Hardware Composed: Independent Flip,0,4540.922621,17.024,16.337,0.236,2.308,2.321,0.136,NA,2775,9001,62,53,NA,NA,NA,NA,NA,NA,0.581,0.840,0.581,69,101,101,NA,4370,15, 42,42.502, 65,30,1,22,1,18,1,15,1,77,1,74,1,1,1,1,1,16,13,11,10,NA,NA,NA,NA,NA,NA,NA,NA,NA,NA,NA,NA,NA,NA,NA,NA,NA,NA,NA,NA,NA,NA,NA,NA,NA,NA,NA,NA,NA,NA,NA,NA,NA,NA,NA,NA,NA,NA,NA,NA,NA,NA,NA,NA,NA,NA,NA,NA
ImmortalsOfAveum-Win64-Shipping.exe,NVIDIA GeForce RTX 4060 Ti,12th Gen Intel(R) Core(TM) i7-12700,3840x2160,D3D12,0,20336,0x0000000063F0AD60,0,0,Hardware Composed: Independent Flip,0,4540.937726,15.105,15.327,0.156,0.527,2.543,0.035,NA,2775,9001,62,53,NA,NA,NA,NA,NA,NA,0.654,0.947,0.654,69,101,101,NA,4370,15, 42,42.502, 65,30,1,22,1,18,1,15,1,77,1,74,1,1,1,1,1,16,13,11,10,NA,NA,NA,NA,NA,NA,NA,NA,NA,NA,NA,NA,NA,NA,NA,NA,NA,NA,NA,NA,NA,NA,NA,NA,NA,NA,NA,NA,NA,NA,NA,NA,NA,NA,NA,NA,NA,NA,NA,NA,NA,NA,NA,NA,NA,NA,NA,NA
ImmortalsOfAveum-Win64-Shipping.exe,NVIDIA GeForce RTX 4060 Ti,12th Gen Intel(R) Core(TM) i7-12700,3840x2160,D3D12,0,20336,0x0000000063F0AD60,0,0,Hardware Composed: Independent Flip,0,4540.954687,16.961,16.914,0.238,2.475,2.495,0.146,NA,2775,9001,62,53,NA,NA,NA,NA,NA,NA,0.583,0.843,0.583,69,101,101,NA,4370,15, 42,42.502, 65,30,1,22,1,18,1,15,1,77,1,74,1,1,1,1,1,16,13,11,10,NA,NA,NA,NA,NA,NA,NA,NA,NA,NA,NA,NA,NA,NA,NA,NA,NA,NA,NA,NA,NA,NA,NA,NA,NA,NA,NA,NA,NA,NA,NA,NA,NA,NA,NA,NA,NA,NA,NA,NA,NA,NA,NA,NA,NA,NA,NA,NA
ImmortalsOfAveum-Win64-Shipping.exe,NVIDIA GeForce RTX 4060 Ti,12th Gen Intel(R) Core(TM) i7-12700,3840x2160,D3D12,0,20336,0x0000000063F0AD60,0,0,Hardware Composed: Independent Flip,0,4540.971721,17.034,17.397,0.181,0.346,2.858,0.020,NA,2775,9001,62,53,NA,NA,NA,NA,NA,NA,0.580,0.840,0.580,69,101,101,NA,4370,15, 42,42.502, 65,30,1,22,1,18,1,15,1,77,1,74,1,1,1,1,1,16,13,11,10,NA,NA,NA,NA,NA,NA,NA,NA,NA,NA,NA,NA,NA,NA,NA,NA,NA,NA,NA,NA,NA,NA,NA,NA,NA,NA,NA,NA,NA,NA,NA,NA,NA,NA,NA,NA,NA,NA,NA,NA,NA,NA,NA,NA,NA,NA,NA,NA
ImmortalsOfAveum-Win64-Shipping.exe,NVIDIA GeForce RTX 4060 Ti,12th Gen Intel(R) Core(TM) i7-12700,3840x2160,D3D12,0,20336,0x0000000063F0AD60,0,0,Hardware Composed: Independent Flip,0,4540.988509,16.788,16.555,0.236,2.611,2.625,0.156,NA,2775,9001,62,53,NA,NA,NA,NA,NA,NA,0.589,0.852,0.589,69,101,101,NA,4370,15, 42,42.502, 65,30,1,22,1,18,1,15,1,77,1,74,1,1,1,1,1,16,13,11,10,NA,NA,NA,NA,NA,NA,NA,NA,NA,NA,NA,NA,NA,NA,NA,NA,NA,NA,NA,NA,NA,NA,NA,NA,NA,NA,NA,NA,NA,NA,NA,NA,NA,NA,NA,NA,NA,NA,NA,NA,NA,NA,NA,NA,NA,NA,NA,NA
ImmortalsOfAveum-Win64-Shipping.exe,NVIDIA GeForce RTX 4060 Ti,12th Gen Intel(R) Core(TM) i7-12700,3840x2160,D3D12,0,20336,0x0000000063F0AD60,0,0,Hardware Composed: Independent Flip,0,4541.005464,16.954,16.945,0.152,0.355,2.616,0.021,NA,2775,9001,62,53,NA,NA,NA,NA,NA,NA,0.583,0.844,0.583,69,101,101,NA,4370,15, 42,42.502, 65,30,1,22,1,18,1,15,1,77,1,74,1,1,1,1,1,16,13,11,10,NA,NA,NA,NA,NA,NA,NA,NA,NA,NA,NA,NA,NA,NA,NA,NA,NA,NA,NA,NA,NA,NA,NA,NA,NA,NA,NA,NA,NA,NA,NA,NA,NA,NA,NA,NA,NA,NA,NA,NA,NA,NA,NA,NA,NA,NA,NA,NA
ImmortalsOfAveum-Win64-Shipping.exe,NVIDIA GeForce RTX 4060 Ti,12th Gen Intel(R) Core(TM) i7-12700,3840x2160,D3D12,0,20336,0x0000000063F0AD60,0,0,Hardware Composed: Independent Flip,0,4541.022655,17.192,16.109,0.226,1.520,1.532,0.088,NA,2775,9001,62,53,NA,NA,NA,NA,NA,NA,0.575,0.832,0.575,69,101,101,NA,4370,15, 41,42.498, 65,30,1,22,1,18,1,15,1,77,1,74,1,1,1,1,1,16,13,11,10,NA,NA,NA,NA,NA,NA,NA,NA,NA,NA,NA,NA,NA,NA,NA,NA,NA,NA,NA,NA,NA,NA,NA,NA,NA,NA,NA,NA,NA,NA,NA,NA,NA,NA,NA,NA,NA,NA,NA,NA,NA,NA,NA,NA,NA,NA,NA,NA
ImmortalsOfAveum-Win64-Shipping.exe,NVIDIA GeForce RTX 4060 Ti,12th Gen Intel(R) Core(TM) i7-12700,3840x2160,D3D12,0,20336,0x0000000063F0AD60,0,0,Hardware Composed: Independent Flip,0,4541.038086,15.430,16.453,0.172,0.511,2.555,0.033,NA,2775,9001,62,53,NA,NA,NA,NA,NA,NA,0.641,0.927,0.641,69,101,101,NA,4370,15, 41,42.498, 65,30,1,22,1,18,1,15,1,77,1,74,1,1,1,1,1,16,13,11,10,NA,NA,NA,NA,NA,NA,NA,NA,NA,NA,NA,NA,NA,NA,NA,NA,NA,NA,NA,NA,NA,NA,NA,NA,NA,NA,NA,NA,NA,NA,NA,NA,NA,NA,NA,NA,NA,NA,NA,NA,NA,NA,NA,NA,NA,NA,NA,NA
ImmortalsOfAveum-Win64-Shipping.exe,NVIDIA GeForce RTX 4060 Ti,12th Gen Intel(R) Core(TM) i7-12700,3840x2160,D3D12,0,20336,0x0000000063F0AD60,0,0,Hardware Composed: Independent Flip,0,4541.054772,16.687,16.421,0.193,2.227,2.289,0.133,NA,2775,9001,62,53,NA,NA,NA,NA,NA,NA,0.592,0.857,0.592,69,101,101,NA,4370,15, 41,42.498, 65,30,1,22,1,18,1,15,1,77,1,74,1,1,1,1,1,16,13,11,10,NA,NA,NA,NA,NA,NA,NA,NA,NA,NA,NA,NA,NA,NA,NA,NA,NA,NA,NA,NA,NA,NA,NA,NA,NA,NA,NA,NA,NA,NA,NA,NA,NA,NA,NA,NA,NA,NA,NA,NA,NA,NA,NA,NA,NA,NA,NA,NA
ImmortalsOfAveum-Win64-Shipping.exe,NVIDIA GeForce RTX 4060 Ti,12th Gen Intel(R) Core(TM) i7-12700,3840x2160,D3D12,0,20336,0x0000000063F0AD60,0,0,Hardware Composed: Independent Flip,0,4541.070938,16.165,16.277,0.151,0.541,2.401,0.033,NA,2775,9001,62,53,NA,NA,NA,NA,NA,NA,0.612,0.885,0.612,69,101,101,NA,4370,15, 41,42.498, 65,30,1,22,1,18,1,15,1,77,1,74,1,1,1,1,1,16,13,11,10,NA,NA,NA,NA,NA,NA,NA,NA,NA,NA,NA,NA,NA,NA,NA,NA,NA,NA,NA,NA,NA,NA,NA,NA,NA,NA,NA,NA,NA,NA,NA,NA,NA,NA,NA,NA,NA,NA,NA,NA,NA,NA,NA,NA,NA,NA,NA,NA
ImmortalsOfAveum-Win64-Shipping.exe,NVIDIA GeForce RTX 4060 Ti,12th Gen Intel(R) Core(TM) i7-12700,3840x2160,D3D12,0,20336,0x0000000063F0AD60,0,0,Hardware Composed: Independent Flip,0,4541.087551,16.613,16.511,0.186,2.236,2.298,0.135,NA,2775,9001,62,53,NA,NA,NA,NA,NA,NA,0.595,0.861,0.595,69,101,101,NA,4370,15, 41,42.498, 65,30,1,22,1,18,1,15,1,77,1,74,1,1,1,1,1,16,13,11,10,NA,NA,NA,NA,NA,NA,NA,NA,NA,NA,NA,NA,NA,NA,NA,NA,NA,NA,NA,NA,NA,NA,NA,NA,NA,NA,NA,NA,NA,NA,NA,NA,NA,NA,NA,NA,NA,NA,NA,NA,NA,NA,NA,NA,NA,NA,NA,NA
ImmortalsOfAveum-Win64-Shipping.exe,NVIDIA GeForce RTX 4060 Ti,12th Gen Intel(R) Core(TM) i7-12700,3840x2160,D3D12,0,20336,0x0000000063F0AD60,0,0,Hardware Composed: Independent Flip,0,4541.105202,17.651,17.632,0.166,0.358,2.279,0.020,NA,2775,9001,62,53,NA,NA,NA,NA,NA,NA,0.560,0.810,0.560,69,101,101,NA,4370,15, 41,42.498, 65,30,1,22,1,18,1,15,1,77,1,74,1,1,1,1,1,16,13,11,10,NA,NA,NA,NA,NA,NA,NA,NA,NA,NA,NA,NA,NA,NA,NA,NA,NA,NA,NA,NA,NA,NA,NA,NA,NA,NA,NA,NA,NA,NA,NA,NA,NA,NA,NA,NA,NA,NA,NA,NA,NA,NA,NA,NA,NA,NA,NA,NA
ImmortalsOfAveum-Win64-Shipping.exe,NVIDIA GeForce RTX 4060 Ti,12th Gen Intel(R) Core(TM) i7-12700,3840x2160,D3D12,0,20336,0x0000000063F0AD60,0,0,Hardware Composed: Independent Flip,0,4541.122352,17.150,17.377,0.182,2.446,2.505,0.143,NA,2775,9001,62,53,NA,NA,NA,NA,NA,NA,0.576,0.834,0.576,69,101,101,NA,4370,15, 41,42.498, 65,30,1,22,1,18,1,15,1,77,1,74,1,1,1,1,1,16,13,11,10,NA,NA,NA,NA,NA,NA,NA,NA,NA,NA,NA,NA,NA,NA,NA,NA,NA,NA,NA,NA,NA,NA,NA,NA,NA,NA,NA,NA,NA,NA,NA,NA,NA,NA,NA,NA,NA,NA,NA,NA,NA,NA,NA,NA,NA,NA,NA,NA
ImmortalsOfAveum-Win64-Shipping.exe,NVIDIA GeForce RTX 4060 Ti,12th Gen Intel(R) Core(TM) i7-12700,3840x2160,D3D12,0,20336,0x0000000063F0AD60,0,0,Hardware Composed: Independent Flip,0,4541.137649,15.296,14.679,0.139,0.532,1.888,0.035,NA,2775,9001,62,53,NA,NA,NA,NA,NA,NA,0.646,0.935,0.646,69,101,101,NA,4370,15, 41,42.498, 65,30,1,22,1,18,1,15,1,77,1,74,1,1,1,1,1,16,13,11,10,NA,NA,NA,NA,NA,NA,NA,NA,NA,NA,NA,NA,NA,NA,NA,NA,NA,NA,NA,NA,NA,NA,NA,NA,NA,NA,NA,NA,NA,NA,NA,NA,NA,NA,NA,NA,NA,NA,NA,NA,NA,NA,NA,NA,NA,NA,NA,NA
ImmortalsOfAveum-Win64-Shipping.exe,NVIDIA GeForce RTX 4060 Ti,12th Gen Intel(R) Core(TM) i7-12700,3840x2160,D3D12,0,20336,0x0000000063F0AD60,0,0,Hardware Composed: Independent Flip,0,4541.154562,16.914,16.853,0.197,1.767,1.827,0.104,NA,2775,9001,62,53,NA,NA,NA,NA,NA,NA,0.584,0.846,0.584,69,101,101,NA,4370,15, 41,42.498, 65,30,1,22,1,18,1,15,1,77,1,74,1,1,1,1,1,16,13,11,10,NA,NA,NA,NA,NA,NA,NA,NA,NA,NA,NA,NA,NA,NA,NA,NA,NA,NA,NA,NA,NA,NA,NA,NA,NA,NA,NA,NA,NA,NA,NA,NA,NA,NA,NA,NA,NA,NA,NA,NA,NA,NA,NA,NA,NA,NA,NA,NA
ImmortalsOfAveum-Win64-Shipping.exe,NVIDIA GeForce RTX 4060 Ti,12th Gen Intel(R) Core(TM) i7-12700,3840x2160,D3D12,0,20336,0x0000000063F0AD60,0,0,Hardware Composed: Independent Flip,0,4541.171804,17.242,18.476,0.217,0.359,3.061,0.021,NA,2775,9001,62,53,NA,NA,NA,NA,NA,NA,0.573,0.829,0.573,69,101,101,NA,4370,15, 41,42.498, 65,30,1,22,1,18,1,15,1,77,1,74,1,1,1,1,1,16,13,11,10,NA,NA,NA,NA,NA,NA,NA,NA,NA,NA,NA,NA,NA,NA,NA,NA,NA,NA,NA,NA,NA,NA,NA,NA,NA,NA,NA,NA,NA,NA,NA,NA,NA,NA,NA,NA,NA,NA,NA,NA,NA,NA,NA,NA,NA,NA,NA,NA
ImmortalsOfAveum-Win64-Shipping.exe,NVIDIA GeForce RTX 4060 Ti,12th Gen Intel(R) Core(TM) i7-12700,3840x2160,D3D12,0,20336,0x0000000063F0AD60,0,0,Hardware Composed: Independent Flip,0,4541.188630,16.825,16.295,0.234,2.510,2.531,0.149,NA,2775,9001,62,53,NA,NA,NA,NA,NA,NA,0.588,0.850,0.588,69,101,101,NA,4370,15, 41,42.498, 65,30,1,22,1,18,1,15,1,77,1,74,1,1,1,1,1,16,13,11,10,NA,NA,NA,NA,NA,NA,NA,NA,NA,NA,NA,NA,NA,NA,NA,NA,NA,NA,NA,NA,NA,NA,NA,NA,NA,NA,NA,NA,NA,NA,NA,NA,NA,NA,NA,NA,NA,NA,NA,NA,NA,NA,NA,NA,NA,NA,NA,NA
ImmortalsOfAveum-Win64-Shipping.exe,NVIDIA GeForce RTX 4060 Ti,12th Gen Intel(R) Core(TM) i7-12700,3840x2160,D3D12,0,20336,0x0000000063F0AD60,0,0,Hardware Composed: Independent Flip,0,4541.204996,16.366,16.265,0.155,0.550,2.430,0.034,NA,2775,9001,62,53,NA,NA,NA,NA,NA,NA,0.604,0.874,0.604,69,101,101,NA,4370,15, 41,42.498, 65,30,1,22,1,18,1,15,1,77,1,74,1,1,1,1,1,16,13,11,10,NA,NA,NA,NA,NA,NA,NA,NA,NA,NA,NA,NA,NA,NA,NA,NA,NA,NA,NA,NA,NA,NA,NA,NA,NA,NA,NA,NA,NA,NA,NA,NA,NA,NA,NA,NA,NA,NA,NA,NA,NA,NA,NA,NA,NA,NA,NA,NA
ImmortalsOfAveum-Win64-Shipping.exe,NVIDIA GeForce RTX 4060 Ti,12th Gen Intel(R) Core(TM) i7-12700,3840x2160,D3D12,0,20336,0x0000000063F0AD60,0,0,Hardware Composed: Independent Flip,0,4541.222091,17.095,16.911,0.185,2.187,2.247,0.128,NA,2775,9001,62,53,NA,NA,NA,NA,NA,NA,0.578,0.837,0.578,69,101,101,NA,4370,15, 42,43.966, 65,30,1,22,1,18,1,15,1,77,1,74,1,1,1,1,1,16,13,11,10,NA,NA,NA,NA,NA,NA,NA,NA,NA,NA,NA,NA,NA,NA,NA,NA,NA,NA,NA,NA,NA,NA,NA,NA,NA,NA,NA,NA,NA,NA,NA,NA,NA,NA,NA,NA,NA,NA,NA,NA,NA,NA,NA,NA,NA,NA,NA,NA
ImmortalsOfAveum-Win64-Shipping.exe,NVIDIA GeForce RTX 4060 Ti,12th Gen Intel(R) Core(TM) i7-12700,3840x2160,D3D12,0,20336,0x0000000063F0AD60,0,0,Hardware Composed: Independent Flip,0,4541.238407,16.317,16.382,0.151,0.436,2.312,0.027,NA,2775,9001,62,53,NA,NA,NA,NA,NA,NA,0.606,0.877,0.606,69,101,101,NA,4370,15, 42,43.966, 65,30,1,22,1,18,1,15,1,77,1,74,1,1,1,1,1,16,13,11,10,NA,NA,NA,NA,NA,NA,NA,NA,NA,NA,NA,NA,NA,NA,NA,NA,NA,NA,NA,NA,NA,NA,NA,NA,NA,NA,NA,NA,NA,NA,NA,NA,NA,NA,NA,NA,NA,NA,NA,NA,NA,NA,NA,NA,NA,NA,NA,NA
ImmortalsOfAveum-Win64-Shipping.exe,NVIDIA GeForce RTX 4060 Ti,12th Gen Intel(R) Core(TM) i7-12700,3840x2160,D3D12,0,20336,0x0000000063F0AD60,0,0,Hardware Composed: Independent Flip,0,4541.255358,16.951,16.652,0.256,2.000,2.014,0.118,NA,2775,9001,62,53,NA,NA,NA,NA,NA,NA,0.583,0.844,0.583,69,101,101,NA,4370,15, 42,43.966, 65,30,1,22,1,18,1,15,1,77,1,74,1,1,1,1,1,16,13,11,10,NA,NA,NA,NA,NA,NA,NA,NA,NA,NA,NA,NA,NA,NA,NA,NA,NA,NA,NA,NA,NA,NA,NA,NA,NA,NA,NA,NA,NA,NA,NA,NA,NA,NA,NA,NA,NA,NA,NA,NA,NA,NA,NA,NA,NA,NA,NA,NA
ImmortalsOfAveum-Win64-Shipping.exe,NVIDIA GeForce RTX 4060 Ti,12th Gen Intel(R) Core(TM) i7-12700,3840x2160,D3D12,0,20336,0x0000000063F0AD60,0,0,Hardware Composed: Independent Flip,0,4541.271977,16.619,17.077,0.178,0.343,2.471,0.021,NA,2775,9001,62,53,NA,NA,NA,NA,NA,NA,0.595,0.861,0.595,69,101,101,NA,4370,15, 42,43.966, 65,30,1,22,1,18,1,15,1,77,1,74,1,1,1,1,1,16,13,11,10,NA,NA,NA,NA,NA,NA,NA,NA,NA,NA,NA,NA,NA,NA,NA,NA,NA,NA,NA,NA,NA,NA,NA,NA,NA,NA,NA,NA,NA,NA,NA,NA,NA,NA,NA,NA,NA,NA,NA,NA,NA,NA,NA,NA,NA,NA,NA,NA
ImmortalsOfAveum-Win64-Shipping.exe,NVIDIA GeForce RTX 4060 Ti,12th Gen Intel(R) Core(TM) i7-12700,3840x2160,D3D12,0,20336,0x0000000063F0AD60,0,0,Hardware Composed: Independent Flip,0,4541.288928,16.951,16.279,0.187,1.742,1.800,0.103,NA,2775,9001,62,53,NA,NA,NA,NA,NA,NA,0.583,0.844,0.583,69,101,101,NA,4370,15, 42,43.966, 65,30,1,22,1,18,1,15,1,77,1,74,1,1,1,1,1,16,13,11,10,NA,NA,NA,NA,NA,NA,NA,NA,NA,NA,NA,NA,NA,NA,NA,NA,NA,NA,NA,NA,NA,NA,NA,NA,NA,NA,NA,NA,NA,NA,NA,NA,NA,NA,NA,NA,NA,NA,NA,NA,NA,NA,NA,NA,NA,NA,NA,NA
ImmortalsOfAveum-Win64-Shipping.exe,NVIDIA GeForce RTX 4060 Ti,12th Gen Intel(R) Core(TM) i7-12700,3840x2160,D3D12,0,20336,0x0000000063F0AD60,0,0,Hardware Composed: Independent Flip,0,4541.305121,16.193,16.649,0.165,0.363,2.256,0.022,NA,2775,9001,62,53,NA,NA,NA,NA,NA,NA,0.611,0.883,0.611,69,101,101,NA,4370,15, 42,43.966, 65,30,1,22,1,18,1,15,1,77,1,74,1,1,1,1,1,16,13,11,10,NA,NA,NA,NA,NA,NA,NA,NA,NA,NA,NA,NA,NA,NA,NA,NA,NA,NA,NA,NA,NA,NA,NA,NA,NA,NA,NA,NA,NA,NA,NA,NA,NA,NA,NA,NA,NA,NA,NA,NA,NA,NA,NA,NA,NA,NA,NA,NA
ImmortalsOfAveum-Win64-Shipping.exe,NVIDIA GeForce RTX 4060 Ti,12th Gen Intel(R) Core(TM) i7-12700,3840x2160,D3D12,0,20336,0x0000000063F0AD60,0,0,Hardware Composed: Independent Flip,0,4541.321956,16.836,16.255,0.203,1.656,1.675,0.098,NA,2775,9001,62,53,NA,NA,NA,NA,NA,NA,0.587,0.850,0.587,69,101,101,NA,4370,15, 42,43.966, 65,30,1,22,1,18,1,15,1,77,1,74,1,1,1,1,1,16,13,11,10,NA,NA,NA,NA,NA,NA,NA,NA,NA,NA,NA,NA,NA,NA,NA,NA,NA,NA,NA,NA,NA,NA,NA,NA,NA,NA,NA,NA,NA,NA,NA,NA,NA,NA,NA,NA,NA,NA,NA,NA,NA,NA,NA,NA,NA,NA,NA,NA
ImmortalsOfAveum-Win64-Shipping.exe,NVIDIA GeForce RTX 4060 Ti,12th Gen Intel(R) Core(TM) i7-12700,3840x2160,D3D12,0,20336,0x0000000063F0AD60,0,0,Hardware Composed: Independent Flip,0,4541.338182,16.226,16.606,0.179,0.355,2.055,0.022,NA,2775,9001,62,53,NA,NA,NA,NA,NA,NA,0.609,0.881,0.609,69,101,101,NA,4370,15, 42,43.966, 65,30,1,22,1,18,1,15,1,77,1,74,1,1,1,1,1,16,13,11,10,NA,NA,NA,NA,NA,NA,NA,NA,NA,NA,NA,NA,NA,NA,NA,NA,NA,NA,NA,NA,NA,NA,NA,NA,NA,NA,NA,NA,NA,NA,NA,NA,NA,NA,NA,NA,NA,NA,NA,NA,NA,NA,NA,NA,NA,NA,NA,NA
ImmortalsOfAveum-Win64-Shipping.exe,NVIDIA GeForce RTX 4060 Ti,12th Gen Intel(R) Core(TM) i7-12700,3840x2160,D3D12,0,20336,0x0000000063F0AD60,0,0,Hardware Composed: Independent Flip,0,4541.354829,16.647,16.846,0.203,2.191,2.255,0.132,NA,2775,9001,62,53,NA,NA,NA,NA,NA,NA,0.594,0.859,0.594,69,101,101,NA,4370,15, 42,43.966, 65,30,1,22,1,18,1,15,1,77,1,74,1,1,1,1,1,16,13,11,10,NA,NA,NA,NA,NA,NA,NA,NA,NA,NA,NA,NA,NA,NA,NA,NA,NA,NA,NA,NA,NA,NA,NA,NA,NA,NA,NA,NA,NA,NA,NA,NA,NA,NA,NA,NA,NA,NA,NA,NA,NA,NA,NA,NA,NA,NA,NA,NA
ImmortalsOfAveum-Win64-Shipping.exe,NVIDIA GeForce RTX 4060 Ti,12th Gen Intel(R) Core(TM) i7-12700,3840x2160,D3D12,0,20336,0x0000000063F0AD60,0,0,Hardware Composed: Independent Flip,0,4541.372356,17.527,17.131,0.163,0.353,1.859,0.020,NA,2775,9001,62,53,NA,NA,NA,NA,NA,NA,0.564,0.816,0.564,69,101,101,NA,4370,15, 42,43.966, 65,30,1,22,1,18,1,15,1,77,1,74,1,1,1,1,1,16,13,11,10,NA,NA,NA,NA,NA,NA,NA,NA,NA,NA,NA,NA,NA,NA,NA,NA,NA,NA,NA,NA,NA,NA,NA,NA,NA,NA,NA,NA,NA,NA,NA,NA,NA,NA,NA,NA,NA,NA,NA,NA,NA,NA,NA,NA,NA,NA,NA,NA
ImmortalsOfAveum-Win64-Shipping.exe,NVIDIA GeForce RTX 4060 Ti,12th Gen Intel(R) Core(TM) i7-12700,3840x2160,D3D12,0,20336,0x0000000063F0AD60,0,0,Hardware Composed: Independent Flip,0,4541.389312,16.956,16.799,0.196,1.643,1.701,0.097,NA,2775,9001,62,53,NA,NA,NA,NA,NA,NA,0.583,0.843,0.583,69,101,101,NA,4370,15, 42,43.966, 65,30,1,22,1,18,1,15,1,77,1,74,1,1,1,1,1,16,13,11,10,NA,NA,NA,NA,NA,NA,NA,NA,NA,NA,NA,NA,NA,NA,NA,NA,NA,NA,NA,NA,NA,NA,NA,NA,NA,NA,NA,NA,NA,NA,NA,NA,NA,NA,NA,NA,NA,NA,NA,NA,NA,NA,NA,NA,NA,NA,NA,NA
ImmortalsOfAveum-Win64-Shipping.exe,NVIDIA GeForce RTX 4060 Ti,12th Gen Intel(R) Core(TM) i7-12700,3840x2160,D3D12,0,20336,0x0000000063F0AD60,0,0,Hardware Composed: Independent Flip,0,4541.405432,16.119,16.134,0.153,0.360,1.716,0.022,NA,2775,9001,62,53,NA,NA,NA,NA,NA,NA,0.613,0.887,0.613,69,101,101,NA,4370,15, 42,43.966, 65,30,1,22,1,18,1,15,1,77,1,74,1,1,1,1,1,16,13,11,10,NA,NA,NA,NA,NA,NA,NA,NA,NA,NA,NA,NA,NA,NA,NA,NA,NA,NA,NA,NA,NA,NA,NA,NA,NA,NA,NA,NA,NA,NA,NA,NA,NA,NA,NA,NA,NA,NA,NA,NA,NA,NA,NA,NA,NA,NA,NA,NA
ImmortalsOfAveum-Win64-Shipping.exe,NVIDIA GeForce RTX 4060 Ti,12th Gen Intel(R) Core(TM) i7-12700,3840x2160,D3D12,0,20336,0x0000000063F0AD60,0,0,Hardware Composed: Independent Flip,0,4541.422406,16.975,17.038,0.239,1.718,1.778,0.101,NA,2775,9001,62,52,NA,NA,NA,NA,NA,NA,0.582,0.843,0.582,69,101,101,NA,4376,13, 42,42.400, 65,29,0,19,0,14,0,13,0,69,0,80,0,0,0,0,0,13,9,8,7,NA,NA,NA,NA,NA,NA,NA,NA,NA,NA,NA,NA,NA,NA,NA,NA,NA,NA,NA,NA,NA,NA,NA,NA,NA,NA,NA,NA,NA,NA,NA,NA,NA,NA,NA,NA,NA,NA,NA,NA,NA,NA,NA,NA,NA,NA,NA,NA
ImmortalsOfAveum-Win64-Shipping.exe,NVIDIA GeForce RTX 4060 Ti,12th Gen Intel(R) Core(TM) i7-12700,3840x2160,D3D12,0,20336,0x0000000063F0AD60,0,0,Hardware Composed: Independent Flip,0,4541.437933,15.526,15.977,0.142,0.544,2.228,0.035,NA,2775,9001,62,52,NA,NA,NA,NA,NA,NA,0.637,0.921,0.637,69,101,101,NA,4376,13, 42,42.400, 65,29,0,19,0,14,0,13,0,69,0,80,0,0,0,0,0,13,9,8,7,NA,NA,NA,NA,NA,NA,NA,NA,NA,NA,NA,NA,NA,NA,NA,NA,NA,NA,NA,NA,NA,NA,NA,NA,NA,NA,NA,NA,NA,NA,NA,NA,NA,NA,NA,NA,NA,NA,NA,NA,NA,NA,NA,NA,NA,NA,NA,NA
ImmortalsOfAveum-Win64-Shipping.exe,NVIDIA GeForce RTX 4060 Ti,12th Gen Intel(R) Core(TM) i7-12700,3840x2160,D3D12,0,20336,0x0000000063F0AD60,0,0,Hardware Composed: Independent Flip,0,4541.454515,16.582,16.574,0.338,2.158,2.220,0.130,NA,2775,9001,62,52,NA,NA,NA,NA,NA,NA,0.596,0.862,0.596,69,101,101,NA,4376,13, 42,42.400, 65,29,0,19,0,14,0,13,0,69,0,80,0,0,0,0,0,13,9,8,7,NA,NA,NA,NA,NA,NA,NA,NA,NA,NA,NA,NA,NA,NA,NA,NA,NA,NA,NA,NA,NA,NA,NA,NA,NA,NA,NA,NA,NA,NA,NA,NA,NA,NA,NA,NA,NA,NA,NA,NA,NA,NA,NA,NA,NA,NA,NA,NA
ImmortalsOfAveum-Win64-Shipping.exe,NVIDIA GeForce RTX 4060 Ti,12th Gen Intel(R) Core(TM) i7-12700,3840x2160,D3D12,0,20336,0x0000000063F0AD60,0,0,Hardware Composed: Independent Flip,0,4541.473181,18.666,19.003,0.158,0.350,2.557,0.019,NA,2775,9001,62,52,NA,NA,NA,NA,NA,NA,0.530,0.766,0.530,69,101,101,NA,4376,13, 42,42.400, 65,29,0,19,0,14,0,13,0,69,0,80,0,0,0,0,0,13,9,8,7,NA,NA,NA,NA,NA,NA,NA,NA,NA,NA,NA,NA,NA,NA,NA,NA,NA,NA,NA,NA,NA,NA,NA,NA,NA,NA,NA,NA,NA,NA,NA,NA,NA,NA,NA,NA,NA,NA,NA,NA,NA,NA,NA,NA,NA,NA,NA,NA
ImmortalsOfAveum-Win64-Shipping.exe,NVIDIA GeForce RTX 4060 Ti,12th Gen Intel(R) Core(TM) i7-12700,3840x2160,D3D12,0,20336,0x0000000063F0AD60,0,0,Hardware Composed: Independent Flip,0,4541.490372,17.190,16.603,0.257,1.907,1.970,0.111,NA,2775,9001,62,52,NA,NA,NA,NA,NA,NA,0.575,0.832,0.575,69,101,101,NA,4376,13, 42,42.400, 65,29,0,19,0,14,0,13,0,69,0,80,0,0,0,0,0,13,9,8,7,NA,NA,NA,NA,NA,NA,NA,NA,NA,NA,NA,NA,NA,NA,NA,NA,NA,NA,NA,NA,NA,NA,NA,NA,NA,NA,NA,NA,NA,NA,NA,NA,NA,NA,NA,NA,NA,NA,NA,NA,NA,NA,NA,NA,NA,NA,NA,NA
ImmortalsOfAveum-Win64-Shipping.exe,NVIDIA GeForce RTX 4060 Ti,12th Gen Intel(R) Core(TM) i7-12700,3840x2160,D3D12,0,20336,0x0000000063F0AD60,0,0,Hardware Composed: Independent Flip,0,4541.505057,14.685,14.224,0.188,0.525,1.509,0.036,NA,2775,9001,62,52,NA,NA,NA,NA,NA,NA,0.673,0.974,0.673,69,101,101,NA,4376,13, 42,42.400, 65,29,0,19,0,14,0,13,0,69,0,80,0,0,0,0,0,13,9,8,7,NA,NA,NA,NA,NA,NA,NA,NA,NA,NA,NA,NA,NA,NA,NA,NA,NA,NA,NA,NA,NA,NA,NA,NA,NA,NA,NA,NA,NA,NA,NA,NA,NA,NA,NA,NA,NA,NA,NA,NA,NA,NA,NA,NA,NA,NA,NA,NA
ImmortalsOfAveum-Win64-Shipping.exe,NVIDIA GeForce RTX 4060 Ti,12th Gen Intel(R) Core(TM) i7-12700,3840x2160,D3D12,0,20336,0x0000000063F0AD60,0,0,Hardware Composed: Independent Flip,0,4541.522041,16.984,17.792,0.185,2.257,2.317,0.133,NA,2775,9001,62,52,NA,NA,NA,NA,NA,NA,0.582,0.842,0.582,69,101,101,NA,4376,13, 42,42.400, 65,29,0,19,0,14,0,13,0,69,0,80,0,0,0,0,0,13,9,8,7,NA,NA,NA,NA,NA,NA,NA,NA,NA,NA,NA,NA,NA,NA,NA,NA,NA,NA,NA,NA,NA,NA,NA,NA,NA,NA,NA,NA,NA,NA,NA,NA,NA,NA,NA,NA,NA,NA,NA,NA,NA,NA,NA,NA,NA,NA,NA,NA
ImmortalsOfAveum-Win64-Shipping.exe,NVIDIA GeForce RTX 4060 Ti,12th Gen Intel(R) Core(TM) i7-12700,3840x2160,D3D12,0,20336,0x0000000063F0AD60,0,0,Hardware Composed: Independent Flip,0,4541.538079,16.038,16.443,0.146,0.556,2.722,0.035,NA,2775,9001,62,52,NA,NA,NA,NA,NA,NA,0.616,0.892,0.616,69,101,101,NA,4376,13, 42,42.400, 65,29,0,19,0,14,0,13,0,69,0,80,0,0,0,0,0,13,9,8,7,NA,NA,NA,NA,NA,NA,NA,NA,NA,NA,NA,NA,NA,NA,NA,NA,NA,NA,NA,NA,NA,NA,NA,NA,NA,NA,NA,NA,NA,NA,NA,NA,NA,NA,NA,NA,NA,NA,NA,NA,NA,NA,NA,NA,NA,NA,NA,NA
ImmortalsOfAveum-Win64-Shipping.exe,NVIDIA GeForce RTX 4060 Ti,12th Gen Intel(R) Core(TM) i7-12700,3840x2160,D3D12,0,20336,0x0000000063F0AD60,0,0,Hardware Composed: Independent Flip,0,4541.554550,16.471,15.618,0.224,1.809,1.868,0.110,NA,2775,9001,62,52,NA,NA,NA,NA,NA,NA,0.600,0.868,0.600,69,101,101,NA,4376,13, 42,42.400, 65,29,0,19,0,14,0,13,0,69,0,80,0,0,0,0,0,13,9,8,7,NA,NA,NA,NA,NA,NA,NA,NA,NA,NA,NA,NA,NA,NA,NA,NA,NA,NA,NA,NA,NA,NA,NA,NA,NA,NA,NA,NA,NA,NA,NA,NA,NA,NA,NA,NA,NA,NA,NA,NA,NA,NA,NA,NA,NA,NA,NA,NA
ImmortalsOfAveum-Win64-Shipping.exe,NVIDIA GeForce RTX 4060 Ti,12th Gen Intel(R) Core(TM) i7-12700,3840x2160,D3D12,0,20336,0x0000000063F0AD60,0,0,Hardware Composed: Independent Flip,0,4541.571800,17.250,18.563,0.165,0.349,3.181,0.020,NA,2775,9001,62,52,NA,NA,NA,NA,NA,NA,0.573,0.829,0.573,69,101,101,NA,4376,13, 42,42.400, 65,29,0,19,0,14,0,13,0,69,0,80,0,0,0,0,0,13,9,8,7,NA,NA,NA,NA,NA,NA,NA,NA,NA,NA,NA,NA,NA,NA,NA,NA,NA,NA,NA,NA,NA,NA,NA,NA,NA,NA,NA,NA,NA,NA,NA,NA,NA,NA,NA,NA,NA,NA,NA,NA,NA,NA,NA,NA,NA,NA,NA,NA
ImmortalsOfAveum-Win64-Shipping.exe,NVIDIA GeForce RTX 4060 Ti,12th Gen Intel(R) Core(TM) i7-12700,3840x2160,D3D12,0,20336,0x0000000063F0AD60,0,0,Hardware Composed: Independent Flip,0,4541.588829,17.028,15.572,0.179,1.664,1.725,0.098,NA,2775,9001,62,52,NA,NA,NA,NA,NA,NA,0.581,0.840,0.581,69,101,101,NA,4376,13, 42,42.400, 65,29,0,19,0,14,0,13,0,69,0,80,0,0,0,0,0,13,9,8,7,NA,NA,NA,NA,NA,NA,NA,NA,NA,NA,NA,NA,NA,NA,NA,NA,NA,NA,NA,NA,NA,NA,NA,NA,NA,NA,NA,NA,NA,NA,NA,NA,NA,NA,NA,NA,NA,NA,NA,NA,NA,NA,NA,NA,NA,NA,NA,NA
ImmortalsOfAveum-Win64-Shipping.exe,NVIDIA GeForce RTX 4060 Ti,12th Gen Intel(R) Core(TM) i7-12700,3840x2160,D3D12,0,20336,0x0000000063F0AD60,0,0,Hardware Composed: Independent Flip,0,4541.604410,15.582,15.752,0.140,0.541,1.896,0.035,NA,2775,9001,62,52,NA,NA,NA,NA,NA,NA,0.634,0.918,0.634,69,101,101,NA,4376,13, 42,42.400, 65,29,0,19,0,14,0,13,0,69,0,80,0,0,0,0,0,13,9,8,7,NA,NA,NA,NA,NA,NA,NA,NA,NA,NA,NA,NA,NA,NA,NA,NA,NA,NA,NA,NA,NA,NA,NA,NA,NA,NA,NA,NA,NA,NA,NA,NA,NA,NA,NA,NA,NA,NA,NA,NA,NA,NA,NA,NA,NA,NA,NA,NA
ImmortalsOfAveum-Win64-Shipping.exe,NVIDIA GeForce RTX 4060 Ti,12th Gen Intel(R) Core(TM) i7-12700,3840x2160,D3D12,0,20336,0x0000000063F0AD60,0,0,Hardware Composed: Independent Flip,0,4541.621232,16.822,16.988,0.208,2.000,2.062,0.119,NA,2775,9001,62,52,NA,NA,NA,NA,NA,NA,0.588,0.850,0.588,69,101,101,NA,4376,13, 42,41.701, 65,29,0,19,0,14,0,13,0,69,0,80,0,0,0,0,0,13,9,8,7,NA,NA,NA,NA,NA,NA,NA,NA,NA,NA,NA,NA,NA,NA,NA,NA,NA,NA,NA,NA,NA,NA,NA,NA,NA,NA,NA,NA,NA,NA,NA,NA,NA,NA,NA,NA,NA,NA,NA,NA,NA,NA,NA,NA,NA,NA,NA,NA
ImmortalsOfAveum-Win64-Shipping.exe,NVIDIA GeForce RTX 4060 Ti,12th Gen Intel(R) Core(TM) i7-12700,3840x2160,D3D12,0,20336,0x0000000063F0AD60,0,0,Hardware Composed: Independent Flip,0,4541.638598,17.366,16.909,0.162,0.350,1.605,0.020,NA,2775,9001,62,52,NA,NA,NA,NA,NA,NA,0.569,0.824,0.569,69,101,101,NA,4376,13, 42,41.701, 65,29,0,19,0,14,0,13,0,69,0,80,0,0,0,0,0,13,9,8,7,NA,NA,NA,NA,NA,NA,NA,NA,NA,NA,NA,NA,NA,NA,NA,NA,NA,NA,NA,NA,NA,NA,NA,NA,NA,NA,NA,NA,NA,NA,NA,NA,NA,NA,NA,NA,NA,NA,NA,NA,NA,NA,NA,NA,NA,NA,NA,NA
ImmortalsOfAveum-Win64-Shipping.exe,NVIDIA GeForce RTX 4060 Ti,12th Gen Intel(R) Core(TM) i7-12700,3840x2160,D3D12,0,20336,0x0000000063F0AD60,0,0,Hardware Composed: Independent Flip,0,4541.655547,16.948,17.935,0.238,2.532,2.592,0.149,NA,2775,9001,62,52,NA,NA,NA,NA,NA,NA,0.583,0.844,0.583,69,101,101,NA,4376,13, 42,41.701, 65,29,0,19,0,14,0,13,0,69,0,80,0,0,0,0,0,13,9,8,7,NA,NA,NA,NA,NA,NA,NA,NA,NA,NA,NA,NA,NA,NA,NA,NA,NA,NA,NA,NA,NA,NA,NA,NA,NA,NA,NA,NA,NA,NA,NA,NA,NA,NA,NA,NA,NA,NA,NA,NA,NA,NA,NA,NA,NA,NA,NA,NA
ImmortalsOfAveum-Win64-Shipping.exe,NVIDIA GeForce RTX 4060 Ti,12th Gen Intel(R) Core(TM) i7-12700,3840x2160,D3D12,0,20336,0x0000000063F0AD60,0,0,Hardware Composed: Independent Flip,0,4541.670979,15.433,14.854,0.149,0.723,2.014,0.047,NA,2775,9001,62,52,NA,NA,NA,NA,NA,NA,0.641,0.927,0.641,69,101,101,NA,4376,13, 42,41.701, 65,29,0,19,0,14,0,13,0,69,0,80,0,0,0,0,0,13,9,8,7,NA,NA,NA,NA,NA,NA,NA,NA,NA,NA,NA,NA,NA,NA,NA,NA,NA,NA,NA,NA,NA,NA,NA,NA,NA,NA,NA,NA,NA,NA,NA,NA,NA,NA,NA,NA,NA,NA,NA,NA,NA,NA,NA,NA,NA,NA,NA,NA
ImmortalsOfAveum-Win64-Shipping.exe,NVIDIA GeForce RTX 4060 Ti,12th Gen Intel(R) Core(TM) i7-12700,3840x2160,D3D12,0,20336,0x0000000063F0AD60,0,0,Hardware Composed: Independent Flip,0,4541.687882,16.903,17.235,0.227,2.286,2.345,0.135,NA,2775,9001,62,52,NA,NA,NA,NA,NA,NA,0.585,0.846,0.585,69,101,101,NA,4376,13, 42,41.701, 65,29,0,19,0,14,0,13,0,69,0,80,0,0,0,0,0,13,9,8,7,NA,NA,NA,NA,NA,NA,NA,NA,NA,NA,NA,NA,NA,NA,NA,NA,NA,NA,NA,NA,NA,NA,NA,NA,NA,NA,NA,NA,NA,NA,NA,NA,NA,NA,NA,NA,NA,NA,NA,NA,NA,NA,NA,NA,NA,NA,NA,NA
ImmortalsOfAveum-Win64-Shipping.exe,NVIDIA GeForce RTX 4060 Ti,12th Gen Intel(R) Core(TM) i7-12700,3840x2160,D3D12,0,20336,0x0000000063F0AD60,0,0,Hardware Composed: Independent Flip,0,4541.705613,17.731,18.556,0.153,0.350,3.170,0.020,NA,2775,9001,62,52,NA,NA,NA,NA,NA,NA,0.558,0.807,0.558,69,101,101,NA,4376,13, 42,41.701, 65,29,0,19,0,14,0,13,0,69,0,80,0,0,0,0,0,13,9,8,7,NA,NA,NA,NA,NA,NA,NA,NA,NA,NA,NA,NA,NA,NA,NA,NA,NA,NA,NA,NA,NA,NA,NA,NA,NA,NA,NA,NA,NA,NA,NA,NA,NA,NA,NA,NA,NA,NA,NA,NA,NA,NA,NA,NA,NA,NA,NA,NA
ImmortalsOfAveum-Win64-Shipping.exe,NVIDIA GeForce RTX 4060 Ti,12th Gen Intel(R) Core(TM) i7-12700,3840x2160,D3D12,0,20336,0x0000000063F0AD60,0,0,Hardware Composed: Independent Flip,0,4541.722505,16.892,15.876,0.184,2.133,2.154,0.126,NA,2775,9001,62,52,NA,NA,NA,NA,NA,NA,0.585,0.847,0.585,69,101,101,NA,4376,13, 42,41.701, 65,29,0,19,0,14,0,13,0,69,0,80,0,0,0,0,0,13,9,8,7,NA,NA,NA,NA,NA,NA,NA,NA,NA,NA,NA,NA,NA,NA,NA,NA,NA,NA,NA,NA,NA,NA,NA,NA,NA,NA,NA,NA,NA,NA,NA,NA,NA,NA,NA,NA,NA,NA,NA,NA,NA,NA,NA,NA,NA,NA,NA,NA
ImmortalsOfAveum-Win64-Shipping.exe,NVIDIA GeForce RTX 4060 Ti,12th Gen Intel(R) Core(TM) i7-12700,3840x2160,D3D12,0,20336,0x0000000063F0AD60,0,0,Hardware Composed: Independent Flip,0,4541.738518,16.013,16.526,0.173,0.514,2.668,0.032,NA,2775,9001,62,52,NA,NA,NA,NA,NA,NA,0.617,0.893,0.617,69,101,101,NA,4376,13, 42,41.701, 65,29,0,19,0,14,0,13,0,69,0,80,0,0,0,0,0,13,9,8,7,NA,NA,NA,NA,NA,NA,NA,NA,NA,NA,NA,NA,NA,NA,NA,NA,NA,NA,NA,NA,NA,NA,NA,NA,NA,NA,NA,NA,NA,NA,NA,NA,NA,NA,NA,NA,NA,NA,NA,NA,NA,NA,NA,NA,NA,NA,NA,NA
ImmortalsOfAveum-Win64-Shipping.exe,NVIDIA GeForce RTX 4060 Ti,12th Gen Intel(R) Core(TM) i7-12700,3840x2160,D3D12,0,20336,0x0000000063F0AD60,0,0,Hardware Composed: Independent Flip,0,4541.755511,16.993,16.260,0.236,1.875,1.934,0.110,NA,2775,9001,62,52,NA,NA,NA,NA,NA,NA,0.582,0.842,0.582,69,101,101,NA,4376,13, 42,41.701, 65,29,0,19,0,14,0,13,0,69,0,80,0,0,0,0,0,13,9,8,7,NA,NA,NA,NA,NA,NA,NA,NA,NA,NA,NA,NA,NA,NA,NA,NA,NA,NA,NA,NA,NA,NA,NA,NA,NA,NA,NA,NA,NA,NA,NA,NA,NA,NA,NA,NA,NA,NA,NA,NA,NA,NA,NA,NA,NA,NA,NA,NA
ImmortalsOfAveum-Win64-Shipping.exe,NVIDIA GeForce RTX 4060 Ti,12th Gen Intel(R) Core(TM) i7-12700,3840x2160,D3D12,0,20336,0x0000000063F0AD60,0,0,Hardware Composed: Independent Flip,0,4541.771511,15.999,16.314,0.146,0.442,2.249,0.028,NA,2775,9001,62,52,NA,NA,NA,NA,NA,NA,0.618,0.894,0.618,69,101,101,NA,4376,13, 42,41.701, 65,29,0,19,0,14,0,13,0,69,0,80,0,0,0,0,0,13,9,8,7,NA,NA,NA,NA,NA,NA,NA,NA,NA,NA,NA,NA,NA,NA,NA,NA,NA,NA,NA,NA,NA,NA,NA,NA,NA,NA,NA,NA,NA,NA,NA,NA,NA,NA,NA,NA,NA,NA,NA,NA,NA,NA,NA,NA,NA,NA,NA,NA
ImmortalsOfAveum-Win64-Shipping.exe,NVIDIA GeForce RTX 4060 Ti,12th Gen Intel(R) Core(TM) i7-12700,3840x2160,D3D12,0,20336,0x0000000063F0AD60,0,0,Hardware Composed: Independent Flip,0,4541.788237,16.726,17.043,0.193,2.507,2.567,0.150,NA,2775,9001,62,52,NA,NA,NA,NA,NA,NA,0.591,0.855,0.591,69,101,101,NA,4376,13, 42,41.701, 65,29,0,19,0,14,0,13,0,69,0,80,0,0,0,0,0,13,9,8,7,NA,NA,NA,NA,NA,NA,NA,NA,NA,NA,NA,NA,NA,NA,NA,NA,NA,NA,NA,NA,NA,NA,NA,NA,NA,NA,NA,NA,NA,NA,NA,NA,NA,NA,NA,NA,NA,NA,NA,NA,NA,NA,NA,NA,NA,NA,NA,NA
ImmortalsOfAveum-Win64-Shipping.exe,NVIDIA GeForce RTX 4060 Ti,12th Gen Intel(R) Core(TM) i7-12700,3840x2160,D3D12,0,20336,0x0000000063F0AD60,0,0,Hardware Composed: Independent Flip,0,4541.804916,16.679,16.335,0.156,0.452,2.222,0.027,NA,2775,9001,62,52,NA,NA,NA,NA,NA,NA,0.593,0.857,0.593,69,101,101,NA,4376,13, 42,41.701, 65,29,0,19,0,14,0,13,0,69,0,80,0,0,0,0,0,13,9,8,7,NA,NA,NA,NA,NA,NA,NA,NA,NA,NA,NA,NA,NA,NA,NA,NA,NA,NA,NA,NA,NA,NA,NA,NA,NA,NA,NA,NA,NA,NA,NA,NA,NA,NA,NA,NA,NA,NA,NA,NA,NA,NA,NA,NA,NA,NA,NA,NA
ImmortalsOfAveum-Win64-Shipping.exe,NVIDIA GeForce RTX 4060 Ti,12th Gen Intel(R) Core(TM) i7-12700,3840x2160,D3D12,0,20336,0x0000000063F0AD60,0,0,Hardware Composed: Independent Flip,0,4541.821810,16.894,16.962,0.226,2.226,2.290,0.132,NA,2775,9001,62,52,NA,NA,NA,NA,NA,NA,0.585,0.847,0.585,69,101,101,NA,4376,13, 42,41.414, 65,29,0,19,0,14,0,13,0,69,0,80,0,0,0,0,0,13,9,8,7,NA,NA,NA,NA,NA,NA,NA,NA,NA,NA,NA,NA,NA,NA,NA,NA,NA,NA,NA,NA,NA,NA,NA,NA,NA,NA,NA,NA,NA,NA,NA,NA,NA,NA,NA,NA,NA,NA,NA,NA,NA,NA,NA,NA,NA,NA,NA,NA
ImmortalsOfAveum-Win64-Shipping.exe,NVIDIA GeForce RTX 4060 Ti,12th Gen Intel(R) Core(TM) i7-12700,3840x2160,D3D12,0,20336,0x0000000063F0AD60,0,0,Hardware Composed: Independent Flip,0,4541.837893,16.083,16.436,0.177,0.526,2.643,0.033,NA,2775,9001,62,52,NA,NA,NA,NA,NA,NA,0.615,0.889,0.615,69,101,101,NA,4376,13, 42,41.414, 65,29,0,19,0,14,0,13,0,69,0,80,0,0,0,0,0,13,9,8,7,NA,NA,NA,NA,NA,NA,NA,NA,NA,NA,NA,NA,NA,NA,NA,NA,NA,NA,NA,NA,NA,NA,NA,NA,NA,NA,NA,NA,NA,NA,NA,NA,NA,NA,NA,NA,NA,NA,NA,NA,NA,NA,NA,NA,NA,NA,NA,NA
ImmortalsOfAveum-Win64-Shipping.exe,NVIDIA GeForce RTX 4060 Ti,12th Gen Intel(R) Core(TM) i7-12700,3840x2160,D3D12,0,20336,0x0000000063F0AD60,0,0,Hardware Composed: Independent Flip,0,4541.854591,16.698,16.663,0.248,2.545,2.608,0.152,NA,2775,9001,62,52,NA,NA,NA,NA,NA,NA,0.592,0.857,0.592,69,101,101,NA,4376,13, 42,41.414, 65,29,0,19,0,14,0,13,0,69,0,80,0,0,0,0,0,13,9,8,7,NA,NA,NA,NA,NA,NA,NA,NA,NA,NA,NA,NA,NA,NA,NA,NA,NA,NA,NA,NA,NA,NA,NA,NA,NA,NA,NA,NA,NA,NA,NA,NA,NA,NA,NA,NA,NA,NA,NA,NA,NA,NA,NA,NA,NA,NA,NA,NA
ImmortalsOfAveum-Win64-Shipping.exe,NVIDIA GeForce RTX 4060 Ti,12th Gen Intel(R) Core(TM) i7-12700,3840x2160,D3D12,0,20336,0x0000000063F0AD60,0,0,Hardware Composed: Independent Flip,0,4541.870861,16.270,16.587,0.141,0.554,2.925,0.034,NA,2775,9001,62,52,NA,NA,NA,NA,NA,NA,0.608,0.879,0.608,69,101,101,NA,4376,13, 42,41.414, 65,29,0,19,0,14,0,13,0,69,0,80,0,0,0,0,0,13,9,8,7,NA,NA,NA,NA,NA,NA,NA,NA,NA,NA,NA,NA,NA,NA,NA,NA,NA,NA,NA,NA,NA,NA,NA,NA,NA,NA,NA,NA,NA,NA,NA,NA,NA,NA,NA,NA,NA,NA,NA,NA,NA,NA,NA,NA,NA,NA,NA,NA
ImmortalsOfAveum-Win64-Shipping.exe,NVIDIA GeForce RTX 4060 Ti,12th Gen Intel(R) Core(TM) i7-12700,3840x2160,D3D12,0,20336,0x0000000063F0AD60,0,0,Hardware Composed: Independent Flip,0,4541.887605,16.745,16.349,0.182,2.469,2.529,0.147,NA,2775,9001,62,52,NA,NA,NA,NA,NA,NA,0.590,0.854,0.590,69,101,101,NA,4376,13, 42,41.414, 65,29,0,19,0,14,0,13,0,69,0,80,0,0,0,0,0,13,9,8,7,NA,NA,NA,NA,NA,NA,NA,NA,NA,NA,NA,NA,NA,NA,NA,NA,NA,NA,NA,NA,NA,NA,NA,NA,NA,NA,NA,NA,NA,NA,NA,NA,NA,NA,NA,NA,NA,NA,NA,NA,NA,NA,NA,NA,NA,NA,NA,NA
ImmortalsOfAveum-Win64-Shipping.exe,NVIDIA GeForce RTX 4060 Ti,12th Gen Intel(R) Core(TM) i7-12700,3840x2160,D3D12,0,20336,0x0000000063F0AD60,0,0,Hardware Composed: Independent Flip,0,4541.905477,17.872,18.107,0.141,0.362,2.765,0.020,NA,2775,9001,62,52,NA,NA,NA,NA,NA,NA,0.553,0.800,0.553,69,101,101,NA,4376,13, 42,41.414, 65,29,0,19,0,14,0,13,0,69,0,80,0,0,0,0,0,13,9,8,7,NA,NA,NA,NA,NA,NA,NA,NA,NA,NA,NA,NA,NA,NA,NA,NA,NA,NA,NA,NA,NA,NA,NA,NA,NA,NA,NA,NA,NA,NA,NA,NA,NA,NA,NA,NA,NA,NA,NA,NA,NA,NA,NA,NA,NA,NA,NA,NA
ImmortalsOfAveum-Win64-Shipping.exe,NVIDIA GeForce RTX 4060 Ti,12th Gen Intel(R) Core(TM) i7-12700,3840x2160,D3D12,0,20336,0x0000000063F0AD60,0,0,Hardware Composed: Independent Flip,0,4541.922746,17.268,16.169,0.182,1.605,1.665,0.093,NA,2775,9001,62,52,NA,NA,NA,NA,NA,NA,0.572,0.828,0.572,69,101,101,NA,4370,15, 42,41.414, 65,31,1,22,1,18,1,10,1,76,1,77,1,1,1,1,1,16,13,12,11,NA,NA,NA,NA,NA,NA,NA,NA,NA,NA,NA,NA,NA,NA,NA,NA,NA,NA,NA,NA,NA,NA,NA,NA,NA,NA,NA,NA,NA,NA,NA,NA,NA,NA,NA,NA,NA,NA,NA,NA,NA,NA,NA,NA,NA,NA,NA,NA
ImmortalsOfAveum-Win64-Shipping.exe,NVIDIA GeForce RTX 4060 Ti,12th Gen Intel(R) Core(TM) i7-12700,3840x2160,D3D12,0,20336,0x0000000063F0AD60,0,0,Hardware Composed: Independent Flip,0,4541.938167,15.421,15.822,0.139,0.549,2.066,0.036,NA,2775,9001,62,52,NA,NA,NA,NA,NA,NA,0.641,0.927,0.641,69,101,101,NA,4370,15, 42,41.414, 65,31,1,22,1,18,1,10,1,76,1,77,1,1,1,1,1,16,13,12,11,NA,NA,NA,NA,NA,NA,NA,NA,NA,NA,NA,NA,NA,NA,NA,NA,NA,NA,NA,NA,NA,NA,NA,NA,NA,NA,NA,NA,NA,NA,NA,NA,NA,NA,NA,NA,NA,NA,NA,NA,NA,NA,NA,NA,NA,NA,NA,NA
ImmortalsOfAveum-Win64-Shipping.exe,NVIDIA GeForce RTX 4060 Ti,12th Gen Intel(R) Core(TM) i7-12700,3840x2160,D3D12,0,20336,0x0000000063F0AD60,0,0,Hardware Composed: Independent Flip,0,4541.955246,17.079,17.552,0.235,2.467,2.539,0.144,NA,2775,9001,62,52,NA,NA,NA,NA,NA,NA,0.579,0.837,0.579,69,101,101,NA,4370,15, 42,41.414, 65,31,1,22,1,18,1,10,1,76,1,77,1,1,1,1,1,16,13,12,11,NA,NA,NA,NA,NA,NA,NA,NA,NA,NA,NA,NA,NA,NA,NA,NA,NA,NA,NA,NA,NA,NA,NA,NA,NA,NA,NA,NA,NA,NA,NA,NA,NA,NA,NA,NA,NA,NA,NA,NA,NA,NA,NA,NA,NA,NA,NA,NA
ImmortalsOfAveum-Win64-Shipping.exe,NVIDIA GeForce RTX 4060 Ti,12th Gen Intel(R) Core(TM) i7-12700,3840x2160,D3D12,0,20336,0x0000000063F0AD60,0,0,Hardware Composed: Independent Flip,0,4541.971689,16.443,16.104,0.175,0.518,2.200,0.032,NA,2775,9001,62,52,NA,NA,NA,NA,NA,NA,0.601,0.869,0.601,69,101,101,NA,4370,15, 42,41.414, 65,31,1,22,1,18,1,10,1,76,1,77,1,1,1,1,1,16,13,12,11,NA,NA,NA,NA,NA,NA,NA,NA,NA,NA,NA,NA,NA,NA,NA,NA,NA,NA,NA,NA,NA,NA,NA,NA,NA,NA,NA,NA,NA,NA,NA,NA,NA,NA,NA,NA,NA,NA,NA,NA,NA,NA,NA,NA,NA,NA,NA,NA
ImmortalsOfAveum-Win64-Shipping.exe,NVIDIA GeForce RTX 4060 Ti,12th Gen Intel(R) Core(TM) i7-12700,3840x2160,D3D12,0,20336,0x0000000063F0AD60,0,0,Hardware Composed: Independent Flip,0,4541.988465,16.777,16.411,0.240,1.773,1.834,0.106,NA,2775,9001,62,52,NA,NA,NA,NA,NA,NA,0.589,0.852,0.589,69,101,101,NA,4370,15, 42,41.414, 65,31,1,22,1,18,1,10,1,76,1,77,1,1,1,1,1,16,13,12,11,NA,NA,NA,NA,NA,NA,NA,NA,NA,NA,NA,NA,NA,NA,NA,NA,NA,NA,NA,NA,NA,NA,NA,NA,NA,NA,NA,NA,NA,NA,NA,NA,NA,NA,NA,NA,NA,NA,NA,NA,NA,NA,NA,NA,NA,NA,NA,NA
ImmortalsOfAveum-Win64-Shipping.exe,NVIDIA GeForce RTX 4060 Ti,12th Gen Intel(R) Core(TM) i7-12700,3840x2160,D3D12,0,20336,0x0000000063F0AD60,0,0,Hardware Composed: Independent Flip,0,4542.005691,17.225,18.131,0.196,0.356,2.740,0.021,NA,2775,9001,62,52,NA,NA,NA,NA,NA,NA,0.574,0.830,0.574,69,101,101,NA,4370,15, 42,41.414, 65,31,1,22,1,18,1,10,1,76,1,77,1,1,1,1,1,16,13,12,11,NA,NA,NA,NA,NA,NA,NA,NA,NA,NA,NA,NA,NA,NA,NA,NA,NA,NA,NA,NA,NA,NA,NA,NA,NA,NA,NA,NA,NA,NA,NA,NA,NA,NA,NA,NA,NA,NA,NA,NA,NA,NA,NA,NA,NA,NA,NA,NA
ImmortalsOfAveum-Win64-Shipping.exe,NVIDIA GeForce RTX 4060 Ti,12th Gen Intel(R) Core(TM) i7-12700,3840x2160,D3D12,0,20336,0x0000000063F0AD60,0,0,Hardware Composed: Independent Flip,0,4542.022930,17.239,16.727,0.207,2.168,2.228,0.126,NA,2775,9001,62,52,NA,NA,NA,NA,NA,NA,0.573,0.829,0.573,69,101,101,NA,4370,15, 40,41.468, 65,31,1,22,1,18,1,10,1,76,1,77,1,1,1,1,1,16,13,12,11,NA,NA,NA,NA,NA,NA,NA,NA,NA,NA,NA,NA,NA,NA,NA,NA,NA,NA,NA,NA,NA,NA,NA,NA,NA,NA,NA,NA,NA,NA,NA,NA,NA,NA,NA,NA,NA,NA,NA,NA,NA,NA,NA,NA,NA,NA,NA,NA
ImmortalsOfAveum-Win64-Shipping.exe,NVIDIA GeForce RTX 4060 Ti,12th Gen Intel(R) Core(TM) i7-12700,3840x2160,D3D12,0,20336,0x0000000063F0AD60,0,0,Hardware Composed: Independent Flip,0,4542.037914,14.984,14.801,0.147,0.528,2.045,0.035,NA,2775,9001,62,52,NA,NA,NA,NA,NA,NA,0.660,0.954,0.660,69,101,101,NA,4370,15, 40,41.468, 65,31,1,22,1,18,1,10,1,76,1,77,1,1,1,1,1,16,13,12,11,NA,NA,NA,NA,NA,NA,NA,NA,NA,NA,NA,NA,NA,NA,NA,NA,NA,NA,NA,NA,NA,NA,NA,NA,NA,NA,NA,NA,NA,NA,NA,NA,NA,NA,NA,NA,NA,NA,NA,NA,NA,NA,NA,NA,NA,NA,NA,NA
ImmortalsOfAveum-Win64-Shipping.exe,NVIDIA GeForce RTX 4060 Ti,12th Gen Intel(R) Core(TM) i7-12700,3840x2160,D3D12,0,20336,0x0000000063F0AD60,0,0,Hardware Composed: Independent Flip,0,4542.054703,16.789,17.383,0.196,2.578,2.639,0.154,NA,2775,9001,62,52,NA,NA,NA,NA,NA,NA,0.589,0.851,0.589,69,101,101,NA,4370,15, 40,41.468, 65,31,1,22,1,18,1,10,1,76,1,77,1,1,1,1,1,16,13,12,11,NA,NA,NA,NA,NA,NA,NA,NA,NA,NA,NA,NA,NA,NA,NA,NA,NA,NA,NA,NA,NA,NA,NA,NA,NA,NA,NA,NA,NA,NA,NA,NA,NA,NA,NA,NA,NA,NA,NA,NA,NA,NA,NA,NA,NA,NA,NA,NA
ImmortalsOfAveum-Win64-Shipping.exe,NVIDIA GeForce RTX 4060 Ti,12th Gen Intel(R) Core(TM) i7-12700,3840x2160,D3D12,0,20336,0x0000000063F0AD60,0,0,Hardware Composed: Independent Flip,0,4542.071023,16.320,16.695,0.156,0.542,3.014,0.033,NA,2775,9001,62,52,NA,NA,NA,NA,NA,NA,0.606,0.876,0.606,69,101,101,NA,4370,15, 40,41.468, 65,31,1,22,1,18,1,10,1,76,1,77,1,1,1,1,1,16,13,12,11,NA,NA,NA,NA,NA,NA,NA,NA,NA,NA,NA,NA,NA,NA,NA,NA,NA,NA,NA,NA,NA,NA,NA,NA,NA,NA,NA,NA,NA,NA,NA,NA,NA,NA,NA,NA,NA,NA,NA,NA,NA,NA,NA,NA,NA,NA,NA,NA
ImmortalsOfAveum-Win64-Shipping.exe,NVIDIA GeForce RTX 4060 Ti,12th Gen Intel(R) Core(TM) i7-12700,3840x2160,D3D12,0,20336,0x0000000063F0AD60,0,0,Hardware Composed: Independent Flip,0,4542.087615,16.593,16.083,0.227,2.444,2.504,0.147,NA,2775,9001,62,52,NA,NA,NA,NA,NA,NA,0.596,0.861,0.596,69,101,101,NA,4370,15, 40,41.468, 65,31,1,22,1,18,1,10,1,76,1,77,1,1,1,1,1,16,13,12,11,NA,NA,NA,NA,NA,NA,NA,NA,NA,NA,NA,NA,NA,NA,NA,NA,NA,NA,NA,NA,NA,NA,NA,NA,NA,NA,NA,NA,NA,NA,NA,NA,NA,NA,NA,NA,NA,NA,NA,NA,NA,NA,NA,NA,NA,NA,NA,NA
ImmortalsOfAveum-Win64-Shipping.exe,NVIDIA GeForce RTX 4060 Ti,12th Gen Intel(R) Core(TM) i7-12700,3840x2160,D3D12,0,20336,0x0000000063F0AD60,0,0,Hardware Composed: Independent Flip,0,4542.105439,17.824,18.484,0.169,0.359,3.164,0.020,NA,2775,9001,62,52,NA,NA,NA,NA,NA,NA,0.555,0.802,0.555,69,101,101,NA,4370,15, 40,41.468, 65,31,1,22,1,18,1,10,1,76,1,77,1,1,1,1,1,16,13,12,11,NA,NA,NA,NA,NA,NA,NA,NA,NA,NA,NA,NA,NA,NA,NA,NA,NA,NA,NA,NA,NA,NA,NA,NA,NA,NA,NA,NA,NA,NA,NA,NA,NA,NA,NA,NA,NA,NA,NA,NA,NA,NA,NA,NA,NA,NA,NA,NA
ImmortalsOfAveum-Win64-Shipping.exe,NVIDIA GeForce RTX 4060 Ti,12th Gen Intel(R) Core(TM) i7-12700,3840x2160,D3D12,0,20336,0x0000000063F0AD60,0,0,Hardware Composed: Independent Flip,0,4542.122679,17.240,16.539,0.220,2.405,2.463,0.139,NA,2775,9001,62,52,NA,NA,NA,NA,NA,NA,0.573,0.829,0.573,69,101,101,NA,4370,15, 40,41.468, 65,31,1,22,1,18,1,10,1,76,1,77,1,1,1,1,1,16,13,12,11,NA,NA,NA,NA,NA,NA,NA,NA,NA,NA,NA,NA,NA,NA,NA,NA,NA,NA,NA,NA,NA,NA,NA,NA,NA,NA,NA,NA,NA,NA,NA,NA,NA,NA,NA,NA,NA,NA,NA,NA,NA,NA,NA,NA,NA,NA,NA,NA
ImmortalsOfAveum-Win64-Shipping.exe,NVIDIA GeForce RTX 4060 Ti,12th Gen Intel(R) Core(TM) i7-12700,3840x2160,D3D12,0,20336,0x0000000063F0AD60,0,0,Hardware Composed: Independent Flip,0,4542.137918,15.238,14.920,0.147,0.543,2.144,0.036,NA,2775,9001,62,52,NA,NA,NA,NA,NA,NA,0.649,0.938,0.649,69,101,101,NA,4370,15, 40,41.468, 65,31,1,22,1,18,1,10,1,76,1,77,1,1,1,1,1,16,13,12,11,NA,NA,NA,NA,NA,NA,NA,NA,NA,NA,NA,NA,NA,NA,NA,NA,NA,NA,NA,NA,NA,NA,NA,NA,NA,NA,NA,NA,NA,NA,NA,NA,NA,NA,NA,NA,NA,NA,NA,NA,NA,NA,NA,NA,NA,NA,NA,NA
ImmortalsOfAveum-Win64-Shipping.exe,NVIDIA GeForce RTX 4060 Ti,12th Gen Intel(R) Core(TM) i7-12700,3840x2160,D3D12,0,20336,0x0000000063F0AD60,0,0,Hardware Composed: Independent Flip,0,4542.154872,16.955,16.942,0.192,2.072,2.132,0.122,NA,2775,9001,62,52,NA,NA,NA,NA,NA,NA,0.583,0.843,0.583,69,101,101,NA,4370,15, 40,41.468, 65,31,1,22,1,18,1,10,1,76,1,77,1,1,1,1,1,16,13,12,11,NA,NA,NA,NA,NA,NA,NA,NA,NA,NA,NA,NA,NA,NA,NA,NA,NA,NA,NA,NA,NA,NA,NA,NA,NA,NA,NA,NA,NA,NA,NA,NA,NA,NA,NA,NA,NA,NA,NA,NA,NA,NA,NA,NA,NA,NA,NA,NA
ImmortalsOfAveum-Win64-Shipping.exe,NVIDIA GeForce RTX 4060 Ti,12th Gen Intel(R) Core(TM) i7-12700,3840x2160,D3D12,0,20336,0x0000000063F0AD60,0,0,Hardware Composed: Independent Flip,0,4542.172341,17.469,18.106,0.169,0.363,2.768,0.021,NA,2775,9001,62,52,NA,NA,NA,NA,NA,NA,0.566,0.818,0.566,69,101,101,NA,4370,15, 40,41.468, 65,31,1,22,1,18,1,10,1,76,1,77,1,1,1,1,1,16,13,12,11,NA,NA,NA,NA,NA,NA,NA,NA,NA,NA,NA,NA,NA,NA,NA,NA,NA,NA,NA,NA,NA,NA,NA,NA,NA,NA,NA,NA,NA,NA,NA,NA,NA,NA,NA,NA,NA,NA,NA,NA,NA,NA,NA,NA,NA,NA,NA,NA
ImmortalsOfAveum-Win64-Shipping.exe,NVIDIA GeForce RTX 4060 Ti,12th Gen Intel(R) Core(TM) i7-12700,3840x2160,D3D12,0,20336,0x0000000063F0AD60,0,0,Hardware Composed: Independent Flip,0,4542.189311,16.969,15.841,0.207,1.627,1.640,0.096,NA,2775,9001,62,52,NA,NA,NA,NA,NA,NA,0.582,0.842,0.582,69,101,101,NA,4370,15, 40,41.468, 65,31,1,22,1,18,1,10,1,76,1,77,1,1,1,1,1,16,13,12,11,NA,NA,NA,NA,NA,NA,NA,NA,NA,NA,NA,NA,NA,NA,NA,NA,NA,NA,NA,NA,NA,NA,NA,NA,NA,NA,NA,NA,NA,NA,NA,NA,NA,NA,NA,NA,NA,NA,NA,NA,NA,NA,NA,NA,NA,NA,NA,NA
ImmortalsOfAveum-Win64-Shipping.exe,NVIDIA GeForce RTX 4060 Ti,12th Gen Intel(R) Core(TM) i7-12700,3840x2160,D3D12,0,20336,0x0000000063F0AD60,0,0,Hardware Composed: Independent Flip,0,4542.204865,15.554,16.269,0.206,0.530,2.355,0.034,NA,2775,9001,62,52,NA,NA,NA,NA,NA,NA,0.635,0.919,0.635,69,101,101,NA,4370,15, 40,41.468, 65,31,1,22,1,18,1,10,1,76,1,77,1,1,1,1,1,16,13,12,11,NA,NA,NA,NA,NA,NA,NA,NA,NA,NA,NA,NA,NA,NA,NA,NA,NA,NA,NA,NA,NA,NA,NA,NA,NA,NA,NA,NA,NA,NA,NA,NA,NA,NA,NA,NA,NA,NA,NA,NA,NA,NA,NA,NA,NA,NA,NA,NA
ImmortalsOfAveum-Win64-Shipping.exe,NVIDIA GeForce RTX 4060 Ti,12th Gen Intel(R) Core(TM) i7-12700,3840x2160,D3D12,0,20336,0x0000000063F0AD60,0,0,Hardware Composed: Independent Flip,0,4542.221837,16.972,17.115,0.238,2.440,2.498,0.144,NA,2775,9001,62,52,NA,NA,NA,NA,NA,NA,0.582,0.842,0.582,69,101,101,NA,4370,15, 43,41.256, 65,31,1,22,1,18,1,10,1,76,1,77,1,1,1,1,1,16,13,12,11,NA,NA,NA,NA,NA,NA,NA,NA,NA,NA,NA,NA,NA,NA,NA,NA,NA,NA,NA,NA,NA,NA,NA,NA,NA,NA,NA,NA,NA,NA,NA,NA,NA,NA,NA,NA,NA,NA,NA,NA,NA,NA,NA,NA,NA,NA,NA,NA
ImmortalsOfAveum-Win64-Shipping.exe,NVIDIA GeForce RTX 4060 Ti,12th Gen Intel(R) Core(TM) i7-12700,3840x2160,D3D12,0,20336,0x0000000063F0AD60,0,0,Hardware Composed: Independent Flip,0,4542.238661,16.824,16.285,0.161,0.359,1.959,0.021,NA,2775,9001,62,52,NA,NA,NA,NA,NA,NA,0.587,0.849,0.587,69,101,101,NA,4370,15, 43,41.256, 65,31,1,22,1,18,1,10,1,76,1,77,1,1,1,1,1,16,13,12,11,NA,NA,NA,NA,NA,NA,NA,NA,NA,NA,NA,NA,NA,NA,NA,NA,NA,NA,NA,NA,NA,NA,NA,NA,NA,NA,NA,NA,NA,NA,NA,NA,NA,NA,NA,NA,NA,NA,NA,NA,NA,NA,NA,NA,NA,NA,NA,NA
ImmortalsOfAveum-Win64-Shipping.exe,NVIDIA GeForce RTX 4060 Ti,12th Gen Intel(R) Core(TM) i7-12700,3840x2160,D3D12,0,20336,0x0000000063F0AD60,0,0,Hardware Composed: Independent Flip,0,4542.255515,16.854,17.041,0.224,2.078,2.146,0.123,NA,2775,9001,62,52,NA,NA,NA,NA,NA,NA,0.586,0.848,0.586,69,101,101,NA,4370,15, 43,41.256, 65,31,1,22,1,18,1,10,1,76,1,77,1,1,1,1,1,16,13,12,11,NA,NA,NA,NA,NA,NA,NA,NA,NA,NA,NA,NA,NA,NA,NA,NA,NA,NA,NA,NA,NA,NA,NA,NA,NA,NA,NA,NA,NA,NA,NA,NA,NA,NA,NA,NA,NA,NA,NA,NA,NA,NA,NA,NA,NA,NA,NA,NA
ImmortalsOfAveum-Win64-Shipping.exe,NVIDIA GeForce RTX 4060 Ti,12th Gen Intel(R) Core(TM) i7-12700,3840x2160,D3D12,0,20336,0x0000000063F0AD60,0,0,Hardware Composed: Independent Flip,0,4542.272170,16.655,16.879,0.156,0.359,2.370,0.022,NA,2775,9001,62,52,NA,NA,NA,NA,NA,NA,0.593,0.858,0.593,69,101,101,NA,4370,15, 43,41.256, 65,31,1,22,1,18,1,10,1,76,1,77,1,1,1,1,1,16,13,12,11,NA,NA,NA,NA,NA,NA,NA,NA,NA,NA,NA,NA,NA,NA,NA,NA,NA,NA,NA,NA,NA,NA,NA,NA,NA,NA,NA,NA,NA,NA,NA,NA,NA,NA,NA,NA,NA,NA,NA,NA,NA,NA,NA,NA,NA,NA,NA,NA
ImmortalsOfAveum-Win64-Shipping.exe,NVIDIA GeForce RTX 4060 Ti,12th Gen Intel(R) Core(TM) i7-12700,3840x2160,D3D12,0,20336,0x0000000063F0AD60,0,0,Hardware Composed: Independent Flip,0,4542.289252,17.082,16.323,0.193,1.551,1.611,0.091,NA,2775,9001,62,52,NA,NA,NA,NA,NA,NA,0.579,0.837,0.579,69,101,101,NA,4370,15, 43,41.256, 65,31,1,22,1,18,1,10,1,76,1,77,1,1,1,1,1,16,13,12,11,NA,NA,NA,NA,NA,NA,NA,NA,NA,NA,NA,NA,NA,NA,NA,NA,NA,NA,NA,NA,NA,NA,NA,NA,NA,NA,NA,NA,NA,NA,NA,NA,NA,NA,NA,NA,NA,NA,NA,NA,NA,NA,NA,NA,NA,NA,NA,NA
ImmortalsOfAveum-Win64-Shipping.exe,NVIDIA GeForce RTX 4060 Ti,12th Gen Intel(R) Core(TM) i7-12700,3840x2160,D3D12,0,20336,0x0000000063F0AD60,0,0,Hardware Composed: Independent Flip,0,4542.304547,15.295,16.304,0.147,0.542,2.620,0.035,NA,2775,9001,62,52,NA,NA,NA,NA,NA,NA,0.646,0.934,0.646,69,101,101,NA,4370,15, 43,41.256, 65,31,1,22,1,18,1,10,1,76,1,77,1,1,1,1,1,16,13,12,11,NA,NA,NA,NA,NA,NA,NA,NA,NA,NA,NA,NA,NA,NA,NA,NA,NA,NA,NA,NA,NA,NA,NA,NA,NA,NA,NA,NA,NA,NA,NA,NA,NA,NA,NA,NA,NA,NA,NA,NA,NA,NA,NA,NA,NA,NA,NA,NA
ImmortalsOfAveum-Win64-Shipping.exe,NVIDIA GeForce RTX 4060 Ti,12th Gen Intel(R) Core(TM) i7-12700,3840x2160,D3D12,0,20336,0x0000000063F0AD60,0,0,Hardware Composed: Independent Flip,0,4542.321164,16.617,15.873,0.211,1.817,1.875,0.109,NA,2775,9001,62,52,NA,NA,NA,NA,NA,NA,0.595,0.860,0.595,69,101,101,NA,4370,15, 43,41.256, 65,31,1,22,1,18,1,10,1,76,1,77,1,1,1,1,1,16,13,12,11,NA,NA,NA,NA,NA,NA,NA,NA,NA,NA,NA,NA,NA,NA,NA,NA,NA,NA,NA,NA,NA,NA,NA,NA,NA,NA,NA,NA,NA,NA,NA,NA,NA,NA,NA,NA,NA,NA,NA,NA,NA,NA,NA,NA,NA,NA,NA,NA
ImmortalsOfAveum-Win64-Shipping.exe,NVIDIA GeForce RTX 4060 Ti,12th Gen Intel(R) Core(TM) i7-12700,3840x2160,D3D12,0,20336,0x0000000063F0AD60,0,0,Hardware Composed: Independent Flip,0,4542.338455,17.291,17.856,0.151,0.362,2.440,0.021,NA,2775,9001,62,52,NA,NA,NA,NA,NA,NA,0.572,0.827,0.572,69,101,101,NA,4370,15, 43,41.256, 65,31,1,22,1,18,1,10,1,76,1,77,1,1,1,1,1,16,13,12,11,NA,NA,NA,NA,NA,NA,NA,NA,NA,NA,NA,NA,NA,NA,NA,NA,NA,NA,NA,NA,NA,NA,NA,NA,NA,NA,NA,NA,NA,NA,NA,NA,NA,NA,NA,NA,NA,NA,NA,NA,NA,NA,NA,NA,NA,NA,NA,NA
ImmortalsOfAveum-Win64-Shipping.exe,NVIDIA GeForce RTX 4060 Ti,12th Gen Intel(R) Core(TM) i7-12700,3840x2160,D3D12,0,20336,0x0000000063F0AD60,0,0,Hardware Composed: Independent Flip,0,4542.355290,16.834,16.063,0.214,1.608,1.669,0.096,NA,2775,9001,62,52,NA,NA,NA,NA,NA,NA,0.587,0.849,0.587,69,101,101,NA,4370,15, 43,41.256, 65,31,1,22,1,18,1,10,1,76,1,77,1,1,1,1,1,16,13,12,11,NA,NA,NA,NA,NA,NA,NA,NA,NA,NA,NA,NA,NA,NA,NA,NA,NA,NA,NA,NA,NA,NA,NA,NA,NA,NA,NA,NA,NA,NA,NA,NA,NA,NA,NA,NA,NA,NA,NA,NA,NA,NA,NA,NA,NA,NA,NA,NA
ImmortalsOfAveum-Win64-Shipping.exe,NVIDIA GeForce RTX 4060 Ti,12th Gen Intel(R) Core(TM) i7-12700,3840x2160,D3D12,0,20336,0x0000000063F0AD60,0,0,Hardware Composed: Independent Flip,0,4542.372248,16.958,16.724,0.149,0.355,1.435,0.021,NA,2775,9001,62,52,NA,NA,NA,NA,NA,NA,0.583,0.843,0.583,69,101,101,NA,4370,15, 43,41.256, 65,31,1,22,1,18,1,10,1,76,1,77,1,1,1,1,1,16,13,12,11,NA,NA,NA,NA,NA,NA,NA,NA,NA,NA,NA,NA,NA,NA,NA,NA,NA,NA,NA,NA,NA,NA,NA,NA,NA,NA,NA,NA,NA,NA,NA,NA,NA,NA,NA,NA,NA,NA,NA,NA,NA,NA,NA,NA,NA,NA,NA,NA
ImmortalsOfAveum-Win64-Shipping.exe,NVIDIA GeForce RTX 4060 Ti,12th Gen Intel(R) Core(TM) i7-12700,3840x2160,D3D12,0,20336,0x0000000063F0AD60,0,0,Hardware Composed: Independent Flip,0,4542.389430,17.182,17.607,0.196,1.796,1.859,0.105,NA,2775,9001,62,52,NA,NA,NA,NA,NA,NA,0.575,0.832,0.575,69,101,101,NA,4370,15, 43,41.256, 65,31,1,22,1,18,1,10,1,76,1,77,1,1,1,1,1,16,13,12,11,NA,NA,NA,NA,NA,NA,NA,NA,NA,NA,NA,NA,NA,NA,NA,NA,NA,NA,NA,NA,NA,NA,NA,NA,NA,NA,NA,NA,NA,NA,NA,NA,NA,NA,NA,NA,NA,NA,NA,NA,NA,NA,NA,NA,NA,NA,NA,NA
ImmortalsOfAveum-Win64-Shipping.exe,NVIDIA GeForce RTX 4060 Ti,12th Gen Intel(R) Core(TM) i7-12700,3840x2160,D3D12,0,20336,0x0000000063F0AD60,0,0,Hardware Composed: Independent Flip,0,4542.405813,16.383,15.616,0.165,0.349,1.092,0.021,NA,2775,9001,62,52,NA,NA,NA,NA,NA,NA,0.603,0.872,0.603,69,101,101,NA,4370,15, 43,41.256, 65,31,1,22,1,18,1,10,1,76,1,77,1,1,1,1,1,16,13,12,11,NA,NA,NA,NA,NA,NA,NA,NA,NA,NA,NA,NA,NA,NA,NA,NA,NA,NA,NA,NA,NA,NA,NA,NA,NA,NA,NA,NA,NA,NA,NA,NA,NA,NA,NA,NA,NA,NA,NA,NA,NA,NA,NA,NA,NA,NA,NA,NA
ImmortalsOfAveum-Win64-Shipping.exe,NVIDIA GeForce RTX 4060 Ti,12th Gen Intel(R) Core(TM) i7-12700,3840x2160,D3D12,0,20336,0x0000000063F0AD60,0,0,Hardware Composed: Independent Flip,0,4542.422794,16.981,18.554,0.262,2.600,2.665,0.153,NA,2775,9001,62,52,NA,NA,NA,NA,NA,NA,0.582,0.842,0.582,69,101,101,NA,4370,15, 42,41.336, 65,31,1,22,1,18,1,10,1,76,1,77,1,1,1,1,1,16,13,12,11,NA,NA,NA,NA,NA,NA,NA,NA,NA,NA,NA,NA,NA,NA,NA,NA,NA,NA,NA,NA,NA,NA,NA,NA,NA,NA,NA,NA,NA,NA,NA,NA,NA,NA,NA,NA,NA,NA,NA,NA,NA,NA,NA,NA,NA,NA,NA,NA
ImmortalsOfAveum-Win64-Shipping.exe,NVIDIA GeForce RTX 4060 Ti,12th Gen Intel(R) Core(TM) i7-12700,3840x2160,D3D12,0,20336,0x0000000063F0AD60,0,0,Hardware Composed: Independent Flip,0,4542.438550,15.756,15.241,0.168,0.420,2.151,0.027,NA,2775,9001,62,52,NA,NA,NA,NA,NA,NA,0.626,0.906,0.626,70,101,101,NA,4390,13, 42,41.336, 65,27,0,20,0,16,0,0,0,70,0,81,0,0,0,0,0,14,10,9,9,NA,NA,NA,NA,NA,NA,NA,NA,NA,NA,NA,NA,NA,NA,NA,NA,NA,NA,NA,NA,NA,NA,NA,NA,NA,NA,NA,NA,NA,NA,NA,NA,NA,NA,NA,NA,NA,NA,NA,NA,NA,NA,NA,NA,NA,NA,NA,NA
ImmortalsOfAveum-Win64-Shipping.exe,NVIDIA GeForce RTX 4060 Ti,12th Gen Intel(R) Core(TM) i7-12700,3840x2160,D3D12,0,20336,0x0000000063F0AD60,0,0,Hardware Composed: Independent Flip,0,4542.455265,16.716,17.094,0.259,2.470,2.529,0.148,NA,2775,9001,62,52,NA,NA,NA,NA,NA,NA,0.590,0.854,0.590,70,101,101,NA,4390,13, 42,41.336, 65,27,0,20,0,16,0,0,0,70,0,81,0,0,0,0,0,14,10,9,9,NA,NA,NA,NA,NA,NA,NA,NA,NA,NA,NA,NA,NA,NA,NA,NA,NA,NA,NA,NA,NA,NA,NA,NA,NA,NA,NA,NA,NA,NA,NA,NA,NA,NA,NA,NA,NA,NA,NA,NA,NA,NA,NA,NA,NA,NA,NA,NA
ImmortalsOfAveum-Win64-Shipping.exe,NVIDIA GeForce RTX 4060 Ti,12th Gen Intel(R) Core(TM) i7-12700,3840x2160,D3D12,0,20336,0x0000000063F0AD60,0,0,Hardware Composed: Independent Flip,0,4542.471523,16.258,17.297,0.153,0.545,3.568,0.034,NA,2775,9001,62,52,NA,NA,NA,NA,NA,NA,0.606,0.878,0.606,70,101,101,NA,4390,13, 42,41.336, 65,27,0,20,0,16,0,0,0,70,0,81,0,0,0,0,0,14,10,9,9,NA,NA,NA,NA,NA,NA,NA,NA,NA,NA,NA,NA,NA,NA,NA,NA,NA,NA,NA,NA,NA,NA,NA,NA,NA,NA,NA,NA,NA,NA,NA,NA,NA,NA,NA,NA,NA,NA,NA,NA,NA,NA,NA,NA,NA,NA,NA,NA
ImmortalsOfAveum-Win64-Shipping.exe,NVIDIA GeForce RTX 4060 Ti,12th Gen Intel(R) Core(TM) i7-12700,3840x2160,D3D12,0,20336,0x0000000063F0AD60,0,0,Hardware Composed: Independent Flip,0,4542.488097,16.574,14.740,0.188,1.675,1.734,0.101,NA,2775,9001,62,52,NA,NA,NA,NA,NA,NA,0.595,0.861,0.595,70,101,101,NA,4390,13, 42,41.336, 65,27,0,20,0,16,0,0,0,70,0,81,0,0,0,0,0,14,10,9,9,NA,NA,NA,NA,NA,NA,NA,NA,NA,NA,NA,NA,NA,NA,NA,NA,NA,NA,NA,NA,NA,NA,NA,NA,NA,NA,NA,NA,NA,NA,NA,NA,NA,NA,NA,NA,NA,NA,NA,NA,NA,NA,NA,NA,NA,NA,NA,NA
ImmortalsOfAveum-Win64-Shipping.exe,NVIDIA GeForce RTX 4060 Ti,12th Gen Intel(R) Core(TM) i7-12700,3840x2160,D3D12,0,20336,0x0000000063F0AD60,0,0,Hardware Composed: Independent Flip,0,4542.505195,17.098,18.741,0.147,0.354,3.377,0.021,NA,2775,9001,62,52,NA,NA,NA,NA,NA,NA,0.577,0.834,0.577,70,101,101,NA,4390,13, 42,41.336, 65,27,0,20,0,16,0,0,0,70,0,81,0,0,0,0,0,14,10,9,9,NA,NA,NA,NA,NA,NA,NA,NA,NA,NA,NA,NA,NA,NA,NA,NA,NA,NA,NA,NA,NA,NA,NA,NA,NA,NA,NA,NA,NA,NA,NA,NA,NA,NA,NA,NA,NA,NA,NA,NA,NA,NA,NA,NA,NA,NA,NA,NA
ImmortalsOfAveum-Win64-Shipping.exe,NVIDIA GeForce RTX 4060 Ti,12th Gen Intel(R) Core(TM) i7-12700,3840x2160,D3D12,0,20336,0x0000000063F0AD60,0,0,Hardware Composed: Independent Flip,0,4542.522114,16.920,15.358,0.201,1.755,1.816,0.104,NA,2775,9001,62,52,NA,NA,NA,NA,NA,NA,0.583,0.843,0.583,70,101,101,NA,4390,13, 42,41.336, 65,27,0,20,0,16,0,0,0,70,0,81,0,0,0,0,0,14,10,9,9,NA,NA,NA,NA,NA,NA,NA,NA,NA,NA,NA,NA,NA,NA,NA,NA,NA,NA,NA,NA,NA,NA,NA,NA,NA,NA,NA,NA,NA,NA,NA,NA,NA,NA,NA,NA,NA,NA,NA,NA,NA,NA,NA,NA,NA,NA,NA,NA
ImmortalsOfAveum-Win64-Shipping.exe,NVIDIA GeForce RTX 4060 Ti,12th Gen Intel(R) Core(TM) i7-12700,3840x2160,D3D12,0,20336,0x0000000063F0AD60,0,0,Hardware Composed: Independent Flip,0,4542.539435,17.321,17.104,0.169,0.342,1.599,0.020,NA,2775,9001,62,52,NA,NA,NA,NA,NA,NA,0.569,0.824,0.569,70,101,101,NA,4390,13, 42,41.336, 65,27,0,20,0,16,0,0,0,70,0,81,0,0,0,0,0,14,10,9,9,NA,NA,NA,NA,NA,NA,NA,NA,NA,NA,NA,NA,NA,NA,NA,NA,NA,NA,NA,NA,NA,NA,NA,NA,NA,NA,NA,NA,NA,NA,NA,NA,NA,NA,NA,NA,NA,NA,NA,NA,NA,NA,NA,NA,NA,NA,NA,NA
ImmortalsOfAveum-Win64-Shipping.exe,NVIDIA GeForce RTX 4060 Ti,12th Gen Intel(R) Core(TM) i7-12700,3840x2160,D3D12,0,20336,0x0000000063F0AD60,0,0,Hardware Composed: Independent Flip,0,4542.556646,17.211,18.204,0.224,2.532,2.592,0.147,NA,2775,9001,62,52,NA,NA,NA,NA,NA,NA,0.573,0.829,0.573,70,101,101,NA,4390,13, 42,41.336, 65,27,0,20,0,16,0,0,0,70,0,81,0,0,0,0,0,14,10,9,9,NA,NA,NA,NA,NA,NA,NA,NA,NA,NA,NA,NA,NA,NA,NA,NA,NA,NA,NA,NA,NA,NA,NA,NA,NA,NA,NA,NA,NA,NA,NA,NA,NA,NA,NA,NA,NA,NA,NA,NA,NA,NA,NA,NA,NA,NA,NA,NA
ImmortalsOfAveum-Win64-Shipping.exe,NVIDIA GeForce RTX 4060 Ti,12th Gen Intel(R) Core(TM) i7-12700,3840x2160,D3D12,0,20336,0x0000000063F0AD60,0,0,Hardware Composed: Independent Flip,0,4542.570883,14.237,12.581,0.149,0.549,0.936,0.039,NA,2775,9001,62,52,NA,NA,NA,NA,NA,NA,0.693,1.002,0.693,70,101,101,NA,4390,13, 42,41.336, 65,27,0,20,0,16,0,0,0,70,0,81,0,0,0,0,0,14,10,9,9,NA,NA,NA,NA,NA,NA,NA,NA,NA,NA,NA,NA,NA,NA,NA,NA,NA,NA,NA,NA,NA,NA,NA,NA,NA,NA,NA,NA,NA,NA,NA,NA,NA,NA,NA,NA,NA,NA,NA,NA,NA,NA,NA,NA,NA,NA,NA,NA
ImmortalsOfAveum-Win64-Shipping.exe,NVIDIA GeForce RTX 4060 Ti,12th Gen Intel(R) Core(TM) i7-12700,3840x2160,D3D12,0,20336,0x0000000063F0AD60,0,0,Hardware Composed: Independent Flip,0,4542.587458,16.576,17.805,0.200,2.104,2.165,0.127,NA,2775,9001,62,52,NA,NA,NA,NA,NA,NA,0.595,0.861,0.595,70,101,101,NA,4390,13, 42,41.336, 65,27,0,20,0,16,0,0,0,70,0,81,0,0,0,0,0,14,10,9,9,NA,NA,NA,NA,NA,NA,NA,NA,NA,NA,NA,NA,NA,NA,NA,NA,NA,NA,NA,NA,NA,NA,NA,NA,NA,NA,NA,NA,NA,NA,NA,NA,NA,NA,NA,NA,NA,NA,NA,NA,NA,NA,NA,NA,NA,NA,NA,NA
ImmortalsOfAveum-Win64-Shipping.exe,NVIDIA GeForce RTX 4060 Ti,12th Gen Intel(R) Core(TM) i7-12700,3840x2160,D3D12,0,20336,0x0000000063F0AD60,0,0,Hardware Composed: Independent Flip,0,4542.605000,17.541,18.753,0.166,0.355,3.377,0.020,NA,2775,9001,62,52,NA,NA,NA,NA,NA,NA,0.562,0.813,0.562,70,101,101,NA,4390,13, 42,41.336, 65,27,0,20,0,16,0,0,0,70,0,81,0,0,0,0,0,14,10,9,9,NA,NA,NA,NA,NA,NA,NA,NA,NA,NA,NA,NA,NA,NA,NA,NA,NA,NA,NA,NA,NA,NA,NA,NA,NA,NA,NA,NA,NA,NA,NA,NA,NA,NA,NA,NA,NA,NA,NA,NA,NA,NA,NA,NA,NA,NA,NA,NA
ImmortalsOfAveum-Win64-Shipping.exe,NVIDIA GeForce RTX 4060 Ti,12th Gen Intel(R) Core(TM) i7-12700,3840x2160,D3D12,0,20336,0x0000000063F0AD60,0,0,Hardware Composed: Independent Flip,0,4542.621631,16.632,15.118,0.202,1.805,1.863,0.109,NA,2775,9001,62,52,NA,NA,NA,NA,NA,NA,0.593,0.858,0.593,70,101,101,NA,4390,13, 42,42.491, 65,27,0,20,0,16,0,0,0,70,0,81,0,0,0,0,0,14,10,9,9,NA,NA,NA,NA,NA,NA,NA,NA,NA,NA,NA,NA,NA,NA,NA,NA,NA,NA,NA,NA,NA,NA,NA,NA,NA,NA,NA,NA,NA,NA,NA,NA,NA,NA,NA,NA,NA,NA,NA,NA,NA,NA,NA,NA,NA,NA,NA,NA
ImmortalsOfAveum-Win64-Shipping.exe,NVIDIA GeForce RTX 4060 Ti,12th Gen Intel(R) Core(TM) i7-12700,3840x2160,D3D12,0,20336,0x0000000063F0AD60,0,0,Hardware Composed: Independent Flip,0,4542.638871,17.240,18.447,0.160,0.352,3.070,0.020,NA,2775,9001,62,52,NA,NA,NA,NA,NA,NA,0.572,0.828,0.572,70,101,101,NA,4390,13, 42,42.491, 65,27,0,20,0,16,0,0,0,70,0,81,0,0,0,0,0,14,10,9,9,NA,NA,NA,NA,NA,NA,NA,NA,NA,NA,NA,NA,NA,NA,NA,NA,NA,NA,NA,NA,NA,NA,NA,NA,NA,NA,NA,NA,NA,NA,NA,NA,NA,NA,NA,NA,NA,NA,NA,NA,NA,NA,NA,NA,NA,NA,NA,NA
ImmortalsOfAveum-Win64-Shipping.exe,NVIDIA GeForce RTX 4060 Ti,12th Gen Intel(R) Core(TM) i7-12700,3840x2160,D3D12,0,20336,0x0000000063F0AD60,0,0,Hardware Composed: Independent Flip,0,4542.656116,17.244,16.665,0.208,2.478,2.491,0.144,NA,2775,9001,62,52,NA,NA,NA,NA,NA,NA,0.572,0.827,0.572,70,101,101,NA,4390,13, 42,42.491, 65,27,0,20,0,16,0,0,0,70,0,81,0,0,0,0,0,14,10,9,9,NA,NA,NA,NA,NA,NA,NA,NA,NA,NA,NA,NA,NA,NA,NA,NA,NA,NA,NA,NA,NA,NA,NA,NA,NA,NA,NA,NA,NA,NA,NA,NA,NA,NA,NA,NA,NA,NA,NA,NA,NA,NA,NA,NA,NA,NA,NA,NA
ImmortalsOfAveum-Win64-Shipping.exe,NVIDIA GeForce RTX 4060 Ti,12th Gen Intel(R) Core(TM) i7-12700,3840x2160,D3D12,0,20336,0x0000000063F0AD60,0,0,Hardware Composed: Independent Flip,0,4542.671418,15.302,14.360,0.173,0.509,1.549,0.033,NA,2775,9001,62,52,NA,NA,NA,NA,NA,NA,0.644,0.932,0.644,70,101,101,NA,4390,13, 42,42.491, 65,27,0,20,0,16,0,0,0,70,0,81,0,0,0,0,0,14,10,9,9,NA,NA,NA,NA,NA,NA,NA,NA,NA,NA,NA,NA,NA,NA,NA,NA,NA,NA,NA,NA,NA,NA,NA,NA,NA,NA,NA,NA,NA,NA,NA,NA,NA,NA,NA,NA,NA,NA,NA,NA,NA,NA,NA,NA,NA,NA,NA,NA
ImmortalsOfAveum-Win64-Shipping.exe,NVIDIA GeForce RTX 4060 Ti,12th Gen Intel(R) Core(TM) i7-12700,3840x2160,D3D12,0,20336,0x0000000063F0AD60,0,0,Hardware Composed: Independent Flip,0,4542.688158,16.740,16.953,0.238,1.705,1.762,0.102,NA,2775,9001,62,52,NA,NA,NA,NA,NA,NA,0.589,0.852,0.589,70,101,101,NA,4390,13, 42,42.491, 65,27,0,20,0,16,0,0,0,70,0,81,0,0,0,0,0,14,10,9,9,NA,NA,NA,NA,NA,NA,NA,NA,NA,NA,NA,NA,NA,NA,NA,NA,NA,NA,NA,NA,NA,NA,NA,NA,NA,NA,NA,NA,NA,NA,NA,NA,NA,NA,NA,NA,NA,NA,NA,NA,NA,NA,NA,NA,NA,NA,NA,NA
ImmortalsOfAveum-Win64-Shipping.exe,NVIDIA GeForce RTX 4060 Ti,12th Gen Intel(R) Core(TM) i7-12700,3840x2160,D3D12,0,20336,0x0000000063F0AD60,0,0,Hardware Composed: Independent Flip,0,4542.705197,17.039,17.821,0.147,0.361,2.545,0.021,NA,2775,9001,62,52,NA,NA,NA,NA,NA,NA,0.579,0.837,0.579,70,101,101,NA,4390,13, 42,42.491, 65,27,0,20,0,16,0,0,0,70,0,81,0,0,0,0,0,14,10,9,9,NA,NA,NA,NA,NA,NA,NA,NA,NA,NA,NA,NA,NA,NA,NA,NA,NA,NA,NA,NA,NA,NA,NA,NA,NA,NA,NA,NA,NA,NA,NA,NA,NA,NA,NA,NA,NA,NA,NA,NA,NA,NA,NA,NA,NA,NA,NA,NA
ImmortalsOfAveum-Win64-Shipping.exe,NVIDIA GeForce RTX 4060 Ti,12th Gen Intel(R) Core(TM) i7-12700,3840x2160,D3D12,0,20336,0x0000000063F0AD60,0,0,Hardware Composed: Independent Flip,0,4542.722026,16.829,15.955,0.188,1.659,1.670,0.099,NA,2775,9001,62,52,NA,NA,NA,NA,NA,NA,0.586,0.848,0.586,70,101,101,NA,4390,13, 42,42.491, 65,27,0,20,0,16,0,0,0,70,0,81,0,0,0,0,0,14,10,9,9,NA,NA,NA,NA,NA,NA,NA,NA,NA,NA,NA,NA,NA,NA,NA,NA,NA,NA,NA,NA,NA,NA,NA,NA,NA,NA,NA,NA,NA,NA,NA,NA,NA,NA,NA,NA,NA,NA,NA,NA,NA,NA,NA,NA,NA,NA,NA,NA
ImmortalsOfAveum-Win64-Shipping.exe,NVIDIA GeForce RTX 4060 Ti,12th Gen Intel(R) Core(TM) i7-12700,3840x2160,D3D12,0,20336,0x0000000063F0AD60,0,0,Hardware Composed: Independent Flip,0,4542.737606,15.580,16.203,0.145,0.550,2.294,0.035,NA,2775,9001,62,52,NA,NA,NA,NA,NA,NA,0.633,0.916,0.633,70,101,101,NA,4390,13, 42,42.491, 65,27,0,20,0,16,0,0,0,70,0,81,0,0,0,0,0,14,10,9,9,NA,NA,NA,NA,NA,NA,NA,NA,NA,NA,NA,NA,NA,NA,NA,NA,NA,NA,NA,NA,NA,NA,NA,NA,NA,NA,NA,NA,NA,NA,NA,NA,NA,NA,NA,NA,NA,NA,NA,NA,NA,NA,NA,NA,NA,NA,NA,NA
ImmortalsOfAveum-Win64-Shipping.exe,NVIDIA GeForce RTX 4060 Ti,12th Gen Intel(R) Core(TM) i7-12700,3840x2160,D3D12,0,20336,0x0000000063F0AD60,0,0,Hardware Composed: Independent Flip,0,4542.754401,16.796,16.460,0.192,1.901,1.958,0.113,NA,2775,9001,62,52,NA,NA,NA,NA,NA,NA,0.587,0.849,0.587,70,101,101,NA,4390,13, 42,42.491, 65,27,0,20,0,16,0,0,0,70,0,81,0,0,0,0,0,14,10,9,9,NA,NA,NA,NA,NA,NA,NA,NA,NA,NA,NA,NA,NA,NA,NA,NA,NA,NA,NA,NA,NA,NA,NA,NA,NA,NA,NA,NA,NA,NA,NA,NA,NA,NA,NA,NA,NA,NA,NA,NA,NA,NA,NA,NA,NA,NA,NA,NA
ImmortalsOfAveum-Win64-Shipping.exe,NVIDIA GeForce RTX 4060 Ti,12th Gen Intel(R) Core(TM) i7-12700,3840x2160,D3D12,0,20336,0x0000000063F0AD60,0,0,Hardware Composed: Independent Flip,0,4542.771716,17.315,17.312,0.154,0.348,1.955,0.020,NA,2775,9001,62,52,NA,NA,NA,NA,NA,NA,0.569,0.824,0.569,70,101,101,NA,4390,13, 42,42.491, 65,27,0,20,0,16,0,0,0,70,0,81,0,0,0,0,0,14,10,9,9,NA,NA,NA,NA,NA,NA,NA,NA,NA,NA,NA,NA,NA,NA,NA,NA,NA,NA,NA,NA,NA,NA,NA,NA,NA,NA,NA,NA,NA,NA,NA,NA,NA,NA,NA,NA,NA,NA,NA,NA,NA,NA,NA,NA,NA,NA,NA,NA
ImmortalsOfAveum-Win64-Shipping.exe,NVIDIA GeForce RTX 4060 Ti,12th Gen Intel(R) Core(TM) i7-12700,3840x2160,D3D12,0,20336,0x0000000063F0AD60,0,0,Hardware Composed: Independent Flip,0,4542.788597,16.881,17.155,0.212,2.215,2.230,0.131,NA,2775,9001,62,52,NA,NA,NA,NA,NA,NA,0.584,0.845,0.584,70,101,101,NA,4390,13, 42,42.491, 65,27,0,20,0,16,0,0,0,70,0,81,0,0,0,0,0,14,10,9,9,NA,NA,NA,NA,NA,NA,NA,NA,NA,NA,NA,NA,NA,NA,NA,NA,NA,NA,NA,NA,NA,NA,NA,NA,NA,NA,NA,NA,NA,NA,NA,NA,NA,NA,NA,NA,NA,NA,NA,NA,NA,NA,NA,NA,NA,NA,NA,NA
ImmortalsOfAveum-Win64-Shipping.exe,NVIDIA GeForce RTX 4060 Ti,12th Gen Intel(R) Core(TM) i7-12700,3840x2160,D3D12,0,20336,0x0000000063F0AD60,0,0,Hardware Composed: Independent Flip,0,4542.804641,16.044,15.541,0.144,0.552,1.726,0.034,NA,2775,9001,62,52,NA,NA,NA,NA,NA,NA,0.614,0.889,0.614,70,101,101,NA,4390,13, 42,42.491, 65,27,0,20,0,16,0,0,0,70,0,81,0,0,0,0,0,14,10,9,9,NA,NA,NA,NA,NA,NA,NA,NA,NA,NA,NA,NA,NA,NA,NA,NA,NA,NA,NA,NA,NA,NA,NA,NA,NA,NA,NA,NA,NA,NA,NA,NA,NA,NA,NA,NA,NA,NA,NA,NA,NA,NA,NA,NA,NA,NA,NA,NA
ImmortalsOfAveum-Win64-Shipping.exe,NVIDIA GeForce RTX 4060 Ti,12th Gen Intel(R) Core(TM) i7-12700,3840x2160,D3D12,0,20336,0x0000000063F0AD60,0,0,Hardware Composed: Independent Flip,0,4542.821645,17.004,17.283,0.225,1.946,2.005,0.114,NA,2775,9001,62,52,NA,NA,NA,NA,NA,NA,0.580,0.839,0.580,70,101,101,NA,4390,13, 44,42.167, 65,27,0,20,0,16,0,0,0,70,0,81,0,0,0,0,0,14,10,9,9,NA,NA,NA,NA,NA,NA,NA,NA,NA,NA,NA,NA,NA,NA,NA,NA,NA,NA,NA,NA,NA,NA,NA,NA,NA,NA,NA,NA,NA,NA,NA,NA,NA,NA,NA,NA,NA,NA,NA,NA,NA,NA,NA,NA,NA,NA,NA,NA
ImmortalsOfAveum-Win64-Shipping.exe,NVIDIA GeForce RTX 4060 Ti,12th Gen Intel(R) Core(TM) i7-12700,3840x2160,D3D12,0,20336,0x0000000063F0AD60,0,0,Hardware Composed: Independent Flip,0,4542.837403,15.758,16.237,0.153,0.520,2.484,0.033,NA,2775,9001,62,52,NA,NA,NA,NA,NA,NA,0.626,0.905,0.626,70,101,101,NA,4390,13, 44,42.167, 65,27,0,20,0,16,0,0,0,70,0,81,0,0,0,0,0,14,10,9,9,NA,NA,NA,NA,NA,NA,NA,NA,NA,NA,NA,NA,NA,NA,NA,NA,NA,NA,NA,NA,NA,NA,NA,NA,NA,NA,NA,NA,NA,NA,NA,NA,NA,NA,NA,NA,NA,NA,NA,NA,NA,NA,NA,NA,NA,NA,NA,NA
ImmortalsOfAveum-Win64-Shipping.exe,NVIDIA GeForce RTX 4060 Ti,12th Gen Intel(R) Core(TM) i7-12700,3840x2160,D3D12,0,20336,0x0000000063F0AD60,0,0,Hardware Composed: Independent Flip,0,4542.854059,16.656,16.687,0.191,2.503,2.516,0.150,NA,2775,9001,62,52,NA,NA,NA,NA,NA,NA,0.592,0.857,0.592,70,101,101,NA,4390,13, 44,42.167, 65,27,0,20,0,16,0,0,0,70,0,81,0,0,0,0,0,14,10,9,9,NA,NA,NA,NA,NA,NA,NA,NA,NA,NA,NA,NA,NA,NA,NA,NA,NA,NA,NA,NA,NA,NA,NA,NA,NA,NA,NA,NA,NA,NA,NA,NA,NA,NA,NA,NA,NA,NA,NA,NA,NA,NA,NA,NA,NA,NA,NA,NA
ImmortalsOfAveum-Win64-Shipping.exe,NVIDIA GeForce RTX 4060 Ti,12th Gen Intel(R) Core(TM) i7-12700,3840x2160,D3D12,0,20336,0x0000000063F0AD60,0,0,Hardware Composed: Independent Flip,0,4542.871958,17.899,18.217,0.168,0.356,2.834,0.020,NA,2775,9001,62,52,NA,NA,NA,NA,NA,NA,0.551,0.797,0.551,70,101,101,NA,4390,13, 44,42.167, 65,27,0,20,0,16,0,0,0,70,0,81,0,0,0,0,0,14,10,9,9,NA,NA,NA,NA,NA,NA,NA,NA,NA,NA,NA,NA,NA,NA,NA,NA,NA,NA,NA,NA,NA,NA,NA,NA,NA,NA,NA,NA,NA,NA,NA,NA,NA,NA,NA,NA,NA,NA,NA,NA,NA,NA,NA,NA,NA,NA,NA,NA
ImmortalsOfAveum-Win64-Shipping.exe,NVIDIA GeForce RTX 4060 Ti,12th Gen Intel(R) Core(TM) i7-12700,3840x2160,D3D12,0,20336,0x0000000063F0AD60,0,0,Hardware Composed: Independent Flip,0,4542.889143,17.185,16.252,0.213,1.841,1.901,0.107,NA,2775,9001,62,52,NA,NA,NA,NA,NA,NA,0.574,0.830,0.574,70,101,101,NA,4390,13, 44,42.167, 65,27,0,20,0,16,0,0,0,70,0,81,0,0,0,0,0,14,10,9,9,NA,NA,NA,NA,NA,NA,NA,NA,NA,NA,NA,NA,NA,NA,NA,NA,NA,NA,NA,NA,NA,NA,NA,NA,NA,NA,NA,NA,NA,NA,NA,NA,NA,NA,NA,NA,NA,NA,NA,NA,NA,NA,NA,NA,NA,NA,NA,NA
ImmortalsOfAveum-Win64-Shipping.exe,NVIDIA GeForce RTX 4060 Ti,12th Gen Intel(R) Core(TM) i7-12700,3840x2160,D3D12,0,20336,0x0000000063F0AD60,0,0,Hardware Composed: Independent Flip,0,4542.905400,16.257,16.398,0.169,0.337,2.042,0.021,NA,2775,9001,62,52,NA,NA,NA,NA,NA,NA,0.606,0.878,0.606,70,101,101,NA,4390,13, 44,42.167, 65,27,0,20,0,16,0,0,0,70,0,81,0,0,0,0,0,14,10,9,9,NA,NA,NA,NA,NA,NA,NA,NA,NA,NA,NA,NA,NA,NA,NA,NA,NA,NA,NA,NA,NA,NA,NA,NA,NA,NA,NA,NA,NA,NA,NA,NA,NA,NA,NA,NA,NA,NA,NA,NA,NA,NA,NA,NA,NA,NA,NA,NA
ImmortalsOfAveum-Win64-Shipping.exe,NVIDIA GeForce RTX 4060 Ti,12th Gen Intel(R) Core(TM) i7-12700,3840x2160,D3D12,0,20336,0x0000000063F0AD60,0,0,Hardware Composed: Independent Flip,0,4542.922591,17.192,17.521,0.181,2.312,2.371,0.135,NA,2775,9001,62,52,NA,NA,NA,NA,NA,NA,0.573,0.830,0.573,70,101,101,NA,4390,13, 44,42.167, 65,27,0,20,0,16,0,0,0,70,0,81,0,0,0,0,0,14,10,9,9,NA,NA,NA,NA,NA,NA,NA,NA,NA,NA,NA,NA,NA,NA,NA,NA,NA,NA,NA,NA,NA,NA,NA,NA,NA,NA,NA,NA,NA,NA,NA,NA,NA,NA,NA,NA,NA,NA,NA,NA,NA,NA,NA,NA,NA,NA,NA,NA
ImmortalsOfAveum-Win64-Shipping.exe,NVIDIA GeForce RTX 4060 Ti,12th Gen Intel(R) Core(TM) i7-12700,3840x2160,D3D12,0,20336,0x0000000063F0AD60,0,0,Hardware Composed: Independent Flip,0,4542.937639,15.048,14.843,0.149,0.545,2.167,0.036,NA,2775,9001,62,52,NA,NA,NA,NA,NA,NA,0.658,0.952,0.658,69,100,100,NA,4383,15, 44,42.167, 65,32,1,23,1,20,1,4,1,75,1,76,1,1,1,1,1,17,13,12,12,NA,NA,NA,NA,NA,NA,NA,NA,NA,NA,NA,NA,NA,NA,NA,NA,NA,NA,NA,NA,NA,NA,NA,NA,NA,NA,NA,NA,NA,NA,NA,NA,NA,NA,NA,NA,NA,NA,NA,NA,NA,NA,NA,NA,NA,NA,NA,NA
ImmortalsOfAveum-Win64-Shipping.exe,NVIDIA GeForce RTX 4060 Ti,12th Gen Intel(R) Core(TM) i7-12700,3840x2160,D3D12,0,20336,0x0000000063F0AD60,0,0,Hardware Composed: Independent Flip,0,4542.954325,16.685,16.593,0.248,2.012,2.075,0.121,NA,2775,9001,62,52,NA,NA,NA,NA,NA,NA,0.593,0.859,0.593,69,100,100,NA,4383,15, 44,42.167, 65,32,1,23,1,20,1,4,1,75,1,76,1,1,1,1,1,17,13,12,12,NA,NA,NA,NA,NA,NA,NA,NA,NA,NA,NA,NA,NA,NA,NA,NA,NA,NA,NA,NA,NA,NA,NA,NA,NA,NA,NA,NA,NA,NA,NA,NA,NA,NA,NA,NA,NA,NA,NA,NA,NA,NA,NA,NA,NA,NA,NA,NA
ImmortalsOfAveum-Win64-Shipping.exe,NVIDIA GeForce RTX 4060 Ti,12th Gen Intel(R) Core(TM) i7-12700,3840x2160,D3D12,0,20336,0x0000000063F0AD60,0,0,Hardware Composed: Independent Flip,0,4542.971778,17.454,18.677,0.163,0.346,3.297,0.020,NA,2775,9001,62,52,NA,NA,NA,NA,NA,NA,0.567,0.821,0.567,69,100,100,NA,4383,15, 44,42.167, 65,32,1,23,1,20,1,4,1,75,1,76,1,1,1,1,1,17,13,12,12,NA,NA,NA,NA,NA,NA,NA,NA,NA,NA,NA,NA,NA,NA,NA,NA,NA,NA,NA,NA,NA,NA,NA,NA,NA,NA,NA,NA,NA,NA,NA,NA,NA,NA,NA,NA,NA,NA,NA,NA,NA,NA,NA,NA,NA,NA,NA,NA
ImmortalsOfAveum-Win64-Shipping.exe,NVIDIA GeForce RTX 4060 Ti,12th Gen Intel(R) Core(TM) i7-12700,3840x2160,D3D12,0,20336,0x0000000063F0AD60,0,0,Hardware Composed: Independent Flip,0,4542.988733,16.955,15.748,0.224,2.033,2.090,0.120,NA,2775,9001,62,52,NA,NA,NA,NA,NA,NA,0.584,0.845,0.584,69,100,100,NA,4383,15, 44,42.167, 65,32,1,23,1,20,1,4,1,75,1,76,1,1,1,1,1,17,13,12,12,NA,NA,NA,NA,NA,NA,NA,NA,NA,NA,NA,NA,NA,NA,NA,NA,NA,NA,NA,NA,NA,NA,NA,NA,NA,NA,NA,NA,NA,NA,NA,NA,NA,NA,NA,NA,NA,NA,NA,NA,NA,NA,NA,NA,NA,NA,NA,NA
ImmortalsOfAveum-Win64-Shipping.exe,NVIDIA GeForce RTX 4060 Ti,12th Gen Intel(R) Core(TM) i7-12700,3840x2160,D3D12,0,20336,0x0000000063F0AD60,0,0,Hardware Composed: Independent Flip,0,4543.004569,15.836,16.188,0.164,0.539,2.442,0.034,NA,2775,9001,62,52,NA,NA,NA,NA,NA,NA,0.625,0.905,0.625,69,100,100,NA,4383,15, 44,42.167, 65,32,1,23,1,20,1,4,1,75,1,76,1,1,1,1,1,17,13,12,12,NA,NA,NA,NA,NA,NA,NA,NA,NA,NA,NA,NA,NA,NA,NA,NA,NA,NA,NA,NA,NA,NA,NA,NA,NA,NA,NA,NA,NA,NA,NA,NA,NA,NA,NA,NA,NA,NA,NA,NA,NA,NA,NA,NA,NA,NA,NA,NA
ImmortalsOfAveum-Win64-Shipping.exe,NVIDIA GeForce RTX 4060 Ti,12th Gen Intel(R) Core(TM) i7-12700,3840x2160,D3D12,0,20336,0x0000000063F0AD60,0,0,Hardware Composed: Independent Flip,0,4543.021557,16.988,17.033,0.210,2.470,2.487,0.145,NA,2775,9001,62,52,NA,NA,NA,NA,NA,NA,0.583,0.844,0.583,69,100,100,NA,4383,15, 42,42.560, 65,32,1,23,1,20,1,4,1,75,1,76,1,1,1,1,1,17,13,12,12,NA,NA,NA,NA,NA,NA,NA,NA,NA,NA,NA,NA,NA,NA,NA,NA,NA,NA,NA,NA,NA,NA,NA,NA,NA,NA,NA,NA,NA,NA,NA,NA,NA,NA,NA,NA,NA,NA,NA,NA,NA,NA,NA,NA,NA,NA,NA,NA
ImmortalsOfAveum-Win64-Shipping.exe,NVIDIA GeForce RTX 4060 Ti,12th Gen Intel(R) Core(TM) i7-12700,3840x2160,D3D12,0,20336,0x0000000063F0AD60,0,0,Hardware Composed: Independent Flip,0,4543.037919,16.362,16.069,0.169,0.524,2.194,0.032,NA,2775,9001,62,52,NA,NA,NA,NA,NA,NA,0.605,0.876,0.605,69,100,100,NA,4383,15, 42,42.560, 65,32,1,23,1,20,1,4,1,75,1,76,1,1,1,1,1,17,13,12,12,NA,NA,NA,NA,NA,NA,NA,NA,NA,NA,NA,NA,NA,NA,NA,NA,NA,NA,NA,NA,NA,NA,NA,NA,NA,NA,NA,NA,NA,NA,NA,NA,NA,NA,NA,NA,NA,NA,NA,NA,NA,NA,NA,NA,NA,NA,NA,NA
ImmortalsOfAveum-Win64-Shipping.exe,NVIDIA GeForce RTX 4060 Ti,12th Gen Intel(R) Core(TM) i7-12700,3840x2160,D3D12,0,20336,0x0000000063F0AD60,0,0,Hardware Composed: Independent Flip,0,4543.054659,16.740,16.310,0.207,1.751,1.764,0.105,NA,2775,9001,62,52,NA,NA,NA,NA,NA,NA,0.592,0.856,0.592,69,100,100,NA,4383,15, 42,42.560, 65,32,1,23,1,20,1,4,1,75,1,76,1,1,1,1,1,17,13,12,12,NA,NA,NA,NA,NA,NA,NA,NA,NA,NA,NA,NA,NA,NA,NA,NA,NA,NA,NA,NA,NA,NA,NA,NA,NA,NA,NA,NA,NA,NA,NA,NA,NA,NA,NA,NA,NA,NA,NA,NA,NA,NA,NA,NA,NA,NA,NA,NA
ImmortalsOfAveum-Win64-Shipping.exe,NVIDIA GeForce RTX 4060 Ti,12th Gen Intel(R) Core(TM) i7-12700,3840x2160,D3D12,0,20336,0x0000000063F0AD60,0,0,Hardware Composed: Independent Flip,0,4543.071845,17.187,17.915,0.171,0.358,2.493,0.021,NA,2775,9001,62,52,NA,NA,NA,NA,NA,NA,0.576,0.834,0.576,69,100,100,NA,4383,15, 42,42.560, 65,32,1,23,1,20,1,4,1,75,1,76,1,1,1,1,1,17,13,12,12,NA,NA,NA,NA,NA,NA,NA,NA,NA,NA,NA,NA,NA,NA,NA,NA,NA,NA,NA,NA,NA,NA,NA,NA,NA,NA,NA,NA,NA,NA,NA,NA,NA,NA,NA,NA,NA,NA,NA,NA,NA,NA,NA,NA,NA,NA,NA,NA
ImmortalsOfAveum-Win64-Shipping.exe,NVIDIA GeForce RTX 4060 Ti,12th Gen Intel(R) Core(TM) i7-12700,3840x2160,D3D12,0,20336,0x0000000063F0AD60,0,0,Hardware Composed: Independent Flip,0,4543.089015,17.170,16.359,0.206,1.623,1.682,0.095,NA,2775,9001,62,52,NA,NA,NA,NA,NA,NA,0.577,0.835,0.577,69,100,100,NA,4383,15, 42,42.560, 65,32,1,23,1,20,1,4,1,75,1,76,1,1,1,1,1,17,13,12,12,NA,NA,NA,NA,NA,NA,NA,NA,NA,NA,NA,NA,NA,NA,NA,NA,NA,NA,NA,NA,NA,NA,NA,NA,NA,NA,NA,NA,NA,NA,NA,NA,NA,NA,NA,NA,NA,NA,NA,NA,NA,NA,NA,NA,NA,NA,NA,NA
ImmortalsOfAveum-Win64-Shipping.exe,NVIDIA GeForce RTX 4060 Ti,12th Gen Intel(R) Core(TM) i7-12700,3840x2160,D3D12,0,20336,0x0000000063F0AD60,0,0,Hardware Composed: Independent Flip,0,4543.104455,15.440,15.806,0.141,0.723,2.048,0.047,NA,2775,9001,62,52,NA,NA,NA,NA,NA,NA,0.641,0.928,0.641,69,100,100,NA,4383,15, 42,42.560, 65,32,1,23,1,20,1,4,1,75,1,76,1,1,1,1,1,17,13,12,12,NA,NA,NA,NA,NA,NA,NA,NA,NA,NA,NA,NA,NA,NA,NA,NA,NA,NA,NA,NA,NA,NA,NA,NA,NA,NA,NA,NA,NA,NA,NA,NA,NA,NA,NA,NA,NA,NA,NA,NA,NA,NA,NA,NA,NA,NA,NA,NA
ImmortalsOfAveum-Win64-Shipping.exe,NVIDIA GeForce RTX 4060 Ti,12th Gen Intel(R) Core(TM) i7-12700,3840x2160,D3D12,0,20336,0x0000000063F0AD60,0,0,Hardware Composed: Independent Flip,0,4543.121353,16.898,16.571,0.233,1.708,1.722,0.101,NA,2775,9001,62,52,NA,NA,NA,NA,NA,NA,0.586,0.848,0.586,69,100,100,NA,4383,15, 42,42.560, 65,32,1,23,1,20,1,4,1,75,1,76,1,1,1,1,1,17,13,12,12,NA,NA,NA,NA,NA,NA,NA,NA,NA,NA,NA,NA,NA,NA,NA,NA,NA,NA,NA,NA,NA,NA,NA,NA,NA,NA,NA,NA,NA,NA,NA,NA,NA,NA,NA,NA,NA,NA,NA,NA,NA,NA,NA,NA,NA,NA,NA,NA
ImmortalsOfAveum-Win64-Shipping.exe,NVIDIA GeForce RTX 4060 Ti,12th Gen Intel(R) Core(TM) i7-12700,3840x2160,D3D12,0,20336,0x0000000063F0AD60,0,0,Hardware Composed: Independent Flip,0,4543.138446,17.094,17.303,0.180,0.342,1.931,0.020,NA,2775,9001,62,52,NA,NA,NA,NA,NA,NA,0.579,0.838,0.579,69,100,100,NA,4383,15, 42,42.560, 65,32,1,23,1,20,1,4,1,75,1,76,1,1,1,1,1,17,13,12,12,NA,NA,NA,NA,NA,NA,NA,NA,NA,NA,NA,NA,NA,NA,NA,NA,NA,NA,NA,NA,NA,NA,NA,NA,NA,NA,NA,NA,NA,NA,NA,NA,NA,NA,NA,NA,NA,NA,NA,NA,NA,NA,NA,NA,NA,NA,NA,NA
ImmortalsOfAveum-Win64-Shipping.exe,NVIDIA GeForce RTX 4060 Ti,12th Gen Intel(R) Core(TM) i7-12700,3840x2160,D3D12,0,20336,0x0000000063F0AD60,0,0,Hardware Composed: Independent Flip,0,4543.155204,16.758,17.049,0.239,2.209,2.223,0.132,NA,2775,9001,62,52,NA,NA,NA,NA,NA,NA,0.591,0.855,0.591,69,100,100,NA,4383,15, 42,42.560, 65,32,1,23,1,20,1,4,1,75,1,76,1,1,1,1,1,17,13,12,12,NA,NA,NA,NA,NA,NA,NA,NA,NA,NA,NA,NA,NA,NA,NA,NA,NA,NA,NA,NA,NA,NA,NA,NA,NA,NA,NA,NA,NA,NA,NA,NA,NA,NA,NA,NA,NA,NA,NA,NA,NA,NA,NA,NA,NA,NA,NA,NA
ImmortalsOfAveum-Win64-Shipping.exe,NVIDIA GeForce RTX 4060 Ti,12th Gen Intel(R) Core(TM) i7-12700,3840x2160,D3D12,0,20336,0x0000000063F0AD60,0,0,Hardware Composed: Independent Flip,0,4543.171162,15.958,15.501,0.152,0.549,1.766,0.034,NA,2775,9001,62,52,NA,NA,NA,NA,NA,NA,0.620,0.898,0.620,69,100,100,NA,4383,15, 42,42.560, 65,32,1,23,1,20,1,4,1,75,1,76,1,1,1,1,1,17,13,12,12,NA,NA,NA,NA,NA,NA,NA,NA,NA,NA,NA,NA,NA,NA,NA,NA,NA,NA,NA,NA,NA,NA,NA,NA,NA,NA,NA,NA,NA,NA,NA,NA,NA,NA,NA,NA,NA,NA,NA,NA,NA,NA,NA,NA,NA,NA,NA,NA
ImmortalsOfAveum-Win64-Shipping.exe,NVIDIA GeForce RTX 4060 Ti,12th Gen Intel(R) Core(TM) i7-12700,3840x2160,D3D12,0,20336,0x0000000063F0AD60,0,0,Hardware Composed: Independent Flip,0,4543.187988,16.826,17.580,0.194,2.460,2.520,0.146,NA,2775,9001,62,52,NA,NA,NA,NA,NA,NA,0.588,0.852,0.588,69,100,100,NA,4383,15, 42,42.560, 65,32,1,23,1,20,1,4,1,75,1,76,1,1,1,1,1,17,13,12,12,NA,NA,NA,NA,NA,NA,NA,NA,NA,NA,NA,NA,NA,NA,NA,NA,NA,NA,NA,NA,NA,NA,NA,NA,NA,NA,NA,NA,NA,NA,NA,NA,NA,NA,NA,NA,NA,NA,NA,NA,NA,NA,NA,NA,NA,NA,NA,NA
ImmortalsOfAveum-Win64-Shipping.exe,NVIDIA GeForce RTX 4060 Ti,12th Gen Intel(R) Core(TM) i7-12700,3840x2160,D3D12,0,20336,0x0000000063F0AD60,0,0,Hardware Composed: Independent Flip,0,4543.204249,16.261,16.274,0.157,0.555,2.533,0.034,NA,2775,9001,62,52,NA,NA,NA,NA,NA,NA,0.609,0.881,0.609,69,100,100,NA,4383,15, 42,42.560, 65,32,1,23,1,20,1,4,1,75,1,76,1,1,1,1,1,17,13,12,12,NA,NA,NA,NA,NA,NA,NA,NA,NA,NA,NA,NA,NA,NA,NA,NA,NA,NA,NA,NA,NA,NA,NA,NA,NA,NA,NA,NA,NA,NA,NA,NA,NA,NA,NA,NA,NA,NA,NA,NA,NA,NA,NA,NA,NA,NA,NA,NA
ImmortalsOfAveum-Win64-Shipping.exe,NVIDIA GeForce RTX 4060 Ti,12th Gen Intel(R) Core(TM) i7-12700,3840x2160,D3D12,0,20336,0x0000000063F0AD60,0,0,Hardware Composed: Independent Flip,0,4543.220967,16.718,16.229,0.192,2.028,2.043,0.121,NA,2775,9001,62,52,NA,NA,NA,NA,NA,NA,0.592,0.857,0.592,69,100,100,NA,4383,15, 42,42.930, 65,32,1,23,1,20,1,4,1,75,1,76,1,1,1,1,1,17,13,12,12,NA,NA,NA,NA,NA,NA,NA,NA,NA,NA,NA,NA,NA,NA,NA,NA,NA,NA,NA,NA,NA,NA,NA,NA,NA,NA,NA,NA,NA,NA,NA,NA,NA,NA,NA,NA,NA,NA,NA,NA,NA,NA,NA,NA,NA,NA,NA,NA
ImmortalsOfAveum-Win64-Shipping.exe,NVIDIA GeForce RTX 4060 Ti,12th Gen Intel(R) Core(TM) i7-12700,3840x2160,D3D12,0,20336,0x0000000063F0AD60,0,0,Hardware Composed: Independent Flip,0,4543.238387,17.420,18.351,0.164,0.342,2.974,0.020,NA,2775,9001,62,52,NA,NA,NA,NA,NA,NA,0.568,0.823,0.568,69,100,100,NA,4383,15, 42,42.930, 65,32,1,23,1,20,1,4,1,75,1,76,1,1,1,1,1,17,13,12,12,NA,NA,NA,NA,NA,NA,NA,NA,NA,NA,NA,NA,NA,NA,NA,NA,NA,NA,NA,NA,NA,NA,NA,NA,NA,NA,NA,NA,NA,NA,NA,NA,NA,NA,NA,NA,NA,NA,NA,NA,NA,NA,NA,NA,NA,NA,NA,NA
ImmortalsOfAveum-Win64-Shipping.exe,NVIDIA GeForce RTX 4060 Ti,12th Gen Intel(R) Core(TM) i7-12700,3840x2160,D3D12,0,20336,0x0000000063F0AD60,0,0,Hardware Composed: Independent Flip,0,4543.255529,17.142,15.852,0.205,1.663,1.685,0.097,NA,2775,9001,62,52,NA,NA,NA,NA,NA,NA,0.578,0.836,0.578,69,100,100,NA,4383,15, 42,42.930, 65,32,1,23,1,20,1,4,1,75,1,76,1,1,1,1,1,17,13,12,12,NA,NA,NA,NA,NA,NA,NA,NA,NA,NA,NA,NA,NA,NA,NA,NA,NA,NA,NA,NA,NA,NA,NA,NA,NA,NA,NA,NA,NA,NA,NA,NA,NA,NA,NA,NA,NA,NA,NA,NA,NA,NA,NA,NA,NA,NA,NA,NA
ImmortalsOfAveum-Win64-Shipping.exe,NVIDIA GeForce RTX 4060 Ti,12th Gen Intel(R) Core(TM) i7-12700,3840x2160,D3D12,0,20336,0x0000000063F0AD60,0,0,Hardware Composed: Independent Flip,0,4543.271068,15.540,15.969,0.144,0.561,2.114,0.036,NA,2775,9001,62,52,NA,NA,NA,NA,NA,NA,0.637,0.922,0.637,69,100,100,NA,4383,15, 42,42.930, 65,32,1,23,1,20,1,4,1,75,1,76,1,1,1,1,1,17,13,12,12,NA,NA,NA,NA,NA,NA,NA,NA,NA,NA,NA,NA,NA,NA,NA,NA,NA,NA,NA,NA,NA,NA,NA,NA,NA,NA,NA,NA,NA,NA,NA,NA,NA,NA,NA,NA,NA,NA,NA,NA,NA,NA,NA,NA,NA,NA,NA,NA
ImmortalsOfAveum-Win64-Shipping.exe,NVIDIA GeForce RTX 4060 Ti,12th Gen Intel(R) Core(TM) i7-12700,3840x2160,D3D12,0,20336,0x0000000063F0AD60,0,0,Hardware Composed: Independent Flip,0,4543.288029,16.960,17.081,0.191,2.221,2.235,0.131,NA,2775,9001,62,52,NA,NA,NA,NA,NA,NA,0.584,0.845,0.584,69,100,100,NA,4383,15, 42,42.930, 65,32,1,23,1,20,1,4,1,75,1,76,1,1,1,1,1,17,13,12,12,NA,NA,NA,NA,NA,NA,NA,NA,NA,NA,NA,NA,NA,NA,NA,NA,NA,NA,NA,NA,NA,NA,NA,NA,NA,NA,NA,NA,NA,NA,NA,NA,NA,NA,NA,NA,NA,NA,NA,NA,NA,NA,NA,NA,NA,NA,NA,NA
ImmortalsOfAveum-Win64-Shipping.exe,NVIDIA GeForce RTX 4060 Ti,12th Gen Intel(R) Core(TM) i7-12700,3840x2160,D3D12,0,20336,0x0000000063F0AD60,0,0,Hardware Composed: Independent Flip,0,4543.304506,16.477,16.074,0.152,0.359,1.832,0.022,NA,2775,9001,62,52,NA,NA,NA,NA,NA,NA,0.601,0.870,0.601,69,100,100,NA,4383,15, 42,42.930, 65,32,1,23,1,20,1,4,1,75,1,76,1,1,1,1,1,17,13,12,12,NA,NA,NA,NA,NA,NA,NA,NA,NA,NA,NA,NA,NA,NA,NA,NA,NA,NA,NA,NA,NA,NA,NA,NA,NA,NA,NA,NA,NA,NA,NA,NA,NA,NA,NA,NA,NA,NA,NA,NA,NA,NA,NA,NA,NA,NA,NA,NA
ImmortalsOfAveum-Win64-Shipping.exe,NVIDIA GeForce RTX 4060 Ti,12th Gen Intel(R) Core(TM) i7-12700,3840x2160,D3D12,0,20336,0x0000000063F0AD60,0,0,Hardware Composed: Independent Flip,0,4543.321284,16.778,17.273,0.203,2.314,2.327,0.138,NA,2775,9001,62,52,NA,NA,NA,NA,NA,NA,0.590,0.854,0.590,69,100,100,NA,4383,15, 42,42.930, 65,32,1,23,1,20,1,4,1,75,1,76,1,1,1,1,1,17,13,12,12,NA,NA,NA,NA,NA,NA,NA,NA,NA,NA,NA,NA,NA,NA,NA,NA,NA,NA,NA,NA,NA,NA,NA,NA,NA,NA,NA,NA,NA,NA,NA,NA,NA,NA,NA,NA,NA,NA,NA,NA,NA,NA,NA,NA,NA,NA,NA,NA
ImmortalsOfAveum-Win64-Shipping.exe,NVIDIA GeForce RTX 4060 Ti,12th Gen Intel(R) Core(TM) i7-12700,3840x2160,D3D12,0,20336,0x0000000063F0AD60,0,0,Hardware Composed: Independent Flip,0,4543.339054,17.770,17.754,0.148,0.345,2.312,0.019,NA,2775,9001,62,52,NA,NA,NA,NA,NA,NA,0.557,0.806,0.557,69,100,100,NA,4383,15, 42,42.930, 65,32,1,23,1,20,1,4,1,75,1,76,1,1,1,1,1,17,13,12,12,NA,NA,NA,NA,NA,NA,NA,NA,NA,NA,NA,NA,NA,NA,NA,NA,NA,NA,NA,NA,NA,NA,NA,NA,NA,NA,NA,NA,NA,NA,NA,NA,NA,NA,NA,NA,NA,NA,NA,NA,NA,NA,NA,NA,NA,NA,NA,NA
ImmortalsOfAveum-Win64-Shipping.exe,NVIDIA GeForce RTX 4060 Ti,12th Gen Intel(R) Core(TM) i7-12700,3840x2160,D3D12,0,20336,0x0000000063F0AD60,0,0,Hardware Composed: Independent Flip,0,4543.356405,17.351,17.012,0.253,1.911,1.974,0.110,NA,2775,9001,62,52,NA,NA,NA,NA,NA,NA,0.571,0.826,0.571,69,100,100,NA,4383,15, 42,42.930, 65,32,1,23,1,20,1,4,1,75,1,76,1,1,1,1,1,17,13,12,12,NA,NA,NA,NA,NA,NA,NA,NA,NA,NA,NA,NA,NA,NA,NA,NA,NA,NA,NA,NA,NA,NA,NA,NA,NA,NA,NA,NA,NA,NA,NA,NA,NA,NA,NA,NA,NA,NA,NA,NA,NA,NA,NA,NA,NA,NA,NA,NA
ImmortalsOfAveum-Win64-Shipping.exe,NVIDIA GeForce RTX 4060 Ti,12th Gen Intel(R) Core(TM) i7-12700,3840x2160,D3D12,0,20336,0x0000000063F0AD60,0,0,Hardware Composed: Independent Flip,0,4543.371169,14.764,14.999,0.186,0.494,2.208,0.033,NA,2775,9001,62,52,NA,NA,NA,NA,NA,NA,0.671,0.971,0.671,69,100,100,NA,4383,15, 42,42.930, 65,32,1,23,1,20,1,4,1,75,1,76,1,1,1,1,1,17,13,12,12,NA,NA,NA,NA,NA,NA,NA,NA,NA,NA,NA,NA,NA,NA,NA,NA,NA,NA,NA,NA,NA,NA,NA,NA,NA,NA,NA,NA,NA,NA,NA,NA,NA,NA,NA,NA,NA,NA,NA,NA,NA,NA,NA,NA,NA,NA,NA,NA
ImmortalsOfAveum-Win64-Shipping.exe,NVIDIA GeForce RTX 4060 Ti,12th Gen Intel(R) Core(TM) i7-12700,3840x2160,D3D12,0,20336,0x0000000063F0AD60,0,0,Hardware Composed: Independent Flip,0,4543.388026,16.857,16.717,0.238,2.008,2.069,0.119,NA,2775,9001,62,52,NA,NA,NA,NA,NA,NA,0.587,0.850,0.587,69,100,100,NA,4383,15, 42,42.930, 65,32,1,23,1,20,1,4,1,75,1,76,1,1,1,1,1,17,13,12,12,NA,NA,NA,NA,NA,NA,NA,NA,NA,NA,NA,NA,NA,NA,NA,NA,NA,NA,NA,NA,NA,NA,NA,NA,NA,NA,NA,NA,NA,NA,NA,NA,NA,NA,NA,NA,NA,NA,NA,NA,NA,NA,NA,NA,NA,NA,NA,NA
ImmortalsOfAveum-Win64-Shipping.exe,NVIDIA GeForce RTX 4060 Ti,12th Gen Intel(R) Core(TM) i7-12700,3840x2160,D3D12,0,20336,0x0000000063F0AD60,0,0,Hardware Composed: Independent Flip,0,4543.405629,17.604,18.594,0.164,0.349,3.059,0.020,NA,2775,9001,62,52,NA,NA,NA,NA,NA,NA,0.562,0.814,0.562,69,100,100,NA,4383,15, 42,42.930, 65,32,1,23,1,20,1,4,1,75,1,76,1,1,1,1,1,17,13,12,12,NA,NA,NA,NA,NA,NA,NA,NA,NA,NA,NA,NA,NA,NA,NA,NA,NA,NA,NA,NA,NA,NA,NA,NA,NA,NA,NA,NA,NA,NA,NA,NA,NA,NA,NA,NA,NA,NA,NA,NA,NA,NA,NA,NA,NA,NA,NA,NA
ImmortalsOfAveum-Win64-Shipping.exe,NVIDIA GeForce RTX 4060 Ti,12th Gen Intel(R) Core(TM) i7-12700,3840x2160,D3D12,0,20336,0x0000000063F0AD60,0,0,Hardware Composed: Independent Flip,0,4543.422513,16.884,15.500,0.246,1.660,1.675,0.098,NA,2775,9001,62,52,NA,NA,NA,NA,NA,NA,0.586,0.849,0.586,69,100,100,NA,4383,15, 42,42.930, 65,32,1,23,1,20,1,4,1,75,1,76,1,1,1,1,1,17,13,12,12,NA,NA,NA,NA,NA,NA,NA,NA,NA,NA,NA,NA,NA,NA,NA,NA,NA,NA,NA,NA,NA,NA,NA,NA,NA,NA,NA,NA,NA,NA,NA,NA,NA,NA,NA,NA,NA,NA,NA,NA,NA,NA,NA,NA,NA,NA,NA,NA
ImmortalsOfAveum-Win64-Shipping.exe,NVIDIA GeForce RTX 4060 Ti,12th Gen Intel(R) Core(TM) i7-12700,3840x2160,D3D12,0,20336,0x0000000063F0AD60,0,0,Hardware Composed: Independent Flip,0,4543.437899,15.386,16.020,0.165,0.546,2.309,0.035,NA,2775,9001,62,52,NA,NA,NA,NA,NA,NA,0.644,0.931,0.644,69,100,100,NA,4383,15, 42,43.797, 65,32,1,23,1,20,1,4,1,75,1,76,1,1,1,1,1,17,13,12,12,NA,NA,NA,NA,NA,NA,NA,NA,NA,NA,NA,NA,NA,NA,NA,NA,NA,NA,NA,NA,NA,NA,NA,NA,NA,NA,NA,NA,NA,NA,NA,NA,NA,NA,NA,NA,NA,NA,NA,NA,NA,NA,NA,NA,NA,NA,NA,NA
ImmortalsOfAveum-Win64-Shipping.exe,NVIDIA GeForce RTX 4060 Ti,12th Gen Intel(R) Core(TM) i7-12700,3840x2160,D3D12,0,20336,0x0000000063F0AD60,0,0,Hardware Composed: Independent Flip,0,4543.454857,16.957,16.799,0.251,2.137,2.151,0.126,NA,2775,9001,62,52,NA,NA,NA,NA,NA,NA,0.585,0.847,0.585,69,100,100,NA,4380,13, 42,43.797, 65,28,0,18,0,15,0,12,0,77,0,74,0,0,0,0,0,13,9,7,7,NA,NA,NA,NA,NA,NA,NA,NA,NA,NA,NA,NA,NA,NA,NA,NA,NA,NA,NA,NA,NA,NA,NA,NA,NA,NA,NA,NA,NA,NA,NA,NA,NA,NA,NA,NA,NA,NA,NA,NA,NA,NA,NA,NA,NA,NA,NA,NA
ImmortalsOfAveum-Win64-Shipping.exe,NVIDIA GeForce RTX 4060 Ti,12th Gen Intel(R) Core(TM) i7-12700,3840x2160,D3D12,0,20336,0x0000000063F0AD60,0,0,Hardware Composed: Independent Flip,0,4543.473454,18.598,18.297,0.165,0.358,1.850,0.019,NA,2775,9001,62,52,NA,NA,NA,NA,NA,NA,0.534,0.772,0.534,69,100,100,NA,4380,13, 42,43.797, 65,28,0,18,0,15,0,12,0,77,0,74,0,0,0,0,0,13,9,7,7,NA,NA,NA,NA,NA,NA,NA,NA,NA,NA,NA,NA,NA,NA,NA,NA,NA,NA,NA,NA,NA,NA,NA,NA,NA,NA,NA,NA,NA,NA,NA,NA,NA,NA,NA,NA,NA,NA,NA,NA,NA,NA,NA,NA,NA,NA,NA,NA
ImmortalsOfAveum-Win64-Shipping.exe,NVIDIA GeForce RTX 4060 Ti,12th Gen Intel(R) Core(TM) i7-12700,3840x2160,D3D12,0,20336,0x0000000063F0AD60,0,0,Hardware Composed: Independent Flip,0,4543.490644,17.190,17.313,0.182,1.915,1.974,0.111,NA,2775,9001,62,52,NA,NA,NA,NA,NA,NA,0.577,0.835,0.577,69,100,100,NA,4380,13, 42,43.797, 65,28,0,18,0,15,0,12,0,77,0,74,0,0,0,0,0,13,9,7,7,NA,NA,NA,NA,NA,NA,NA,NA,NA,NA,NA,NA,NA,NA,NA,NA,NA,NA,NA,NA,NA,NA,NA,NA,NA,NA,NA,NA,NA,NA,NA,NA,NA,NA,NA,NA,NA,NA,NA,NA,NA,NA,NA,NA,NA,NA,NA,NA
ImmortalsOfAveum-Win64-Shipping.exe,NVIDIA GeForce RTX 4060 Ti,12th Gen Intel(R) Core(TM) i7-12700,3840x2160,D3D12,0,20336,0x0000000063F0AD60,0,0,Hardware Composed: Independent Flip,0,4543.504246,13.602,13.111,0.153,0.745,1.483,0.055,NA,2775,9001,62,52,NA,NA,NA,NA,NA,NA,0.730,1.055,0.730,69,100,100,NA,4380,13, 42,43.797, 65,28,0,18,0,15,0,12,0,77,0,74,0,0,0,0,0,13,9,7,7,NA,NA,NA,NA,NA,NA,NA,NA,NA,NA,NA,NA,NA,NA,NA,NA,NA,NA,NA,NA,NA,NA,NA,NA,NA,NA,NA,NA,NA,NA,NA,NA,NA,NA,NA,NA,NA,NA,NA,NA,NA,NA,NA,NA,NA,NA,NA,NA
ImmortalsOfAveum-Win64-Shipping.exe,NVIDIA GeForce RTX 4060 Ti,12th Gen Intel(R) Core(TM) i7-12700,3840x2160,D3D12,0,20336,0x0000000063F0AD60,0,0,Hardware Composed: Independent Flip,0,4543.521086,16.840,17.564,0.192,2.192,2.206,0.130,NA,2775,9001,62,52,NA,NA,NA,NA,NA,NA,0.589,0.852,0.589,69,100,100,NA,4380,13, 42,43.797, 65,28,0,18,0,15,0,12,0,77,0,74,0,0,0,0,0,13,9,7,7,NA,NA,NA,NA,NA,NA,NA,NA,NA,NA,NA,NA,NA,NA,NA,NA,NA,NA,NA,NA,NA,NA,NA,NA,NA,NA,NA,NA,NA,NA,NA,NA,NA,NA,NA,NA,NA,NA,NA,NA,NA,NA,NA,NA,NA,NA,NA,NA
ImmortalsOfAveum-Win64-Shipping.exe,NVIDIA GeForce RTX 4060 Ti,12th Gen Intel(R) Core(TM) i7-12700,3840x2160,D3D12,0,20336,0x0000000063F0AD60,0,0,Hardware Composed: Independent Flip,0,4543.538626,17.540,18.516,0.151,0.358,3.182,0.020,NA,2775,9001,62,52,NA,NA,NA,NA,NA,NA,0.566,0.818,0.566,69,100,100,NA,4380,13, 42,43.797, 65,28,0,18,0,15,0,12,0,77,0,74,0,0,0,0,0,13,9,7,7,NA,NA,NA,NA,NA,NA,NA,NA,NA,NA,NA,NA,NA,NA,NA,NA,NA,NA,NA,NA,NA,NA,NA,NA,NA,NA,NA,NA,NA,NA,NA,NA,NA,NA,NA,NA,NA,NA,NA,NA,NA,NA,NA,NA,NA,NA,NA,NA
ImmortalsOfAveum-Win64-Shipping.exe,NVIDIA GeForce RTX 4060 Ti,12th Gen Intel(R) Core(TM) i7-12700,3840x2160,D3D12,0,20336,0x0000000063F0AD60,0,0,Hardware Composed: Independent Flip,0,4543.555058,16.433,15.117,0.202,1.852,1.866,0.113,NA,2775,9001,62,52,NA,NA,NA,NA,NA,NA,0.604,0.874,0.604,69,100,100,NA,4380,13, 42,43.797, 65,28,0,18,0,15,0,12,0,77,0,74,0,0,0,0,0,13,9,7,7,NA,NA,NA,NA,NA,NA,NA,NA,NA,NA,NA,NA,NA,NA,NA,NA,NA,NA,NA,NA,NA,NA,NA,NA,NA,NA,NA,NA,NA,NA,NA,NA,NA,NA,NA,NA,NA,NA,NA,NA,NA,NA,NA,NA,NA,NA,NA,NA
ImmortalsOfAveum-Win64-Shipping.exe,NVIDIA GeForce RTX 4060 Ti,12th Gen Intel(R) Core(TM) i7-12700,3840x2160,D3D12,0,20336,0x0000000063F0AD60,0,0,Hardware Composed: Independent Flip,0,4543.572309,17.251,18.067,0.160,0.346,2.683,0.020,NA,2775,9001,62,52,NA,NA,NA,NA,NA,NA,0.575,0.832,0.575,69,100,100,NA,4380,13, 42,43.797, 65,28,0,18,0,15,0,12,0,77,0,74,0,0,0,0,0,13,9,7,7,NA,NA,NA,NA,NA,NA,NA,NA,NA,NA,NA,NA,NA,NA,NA,NA,NA,NA,NA,NA,NA,NA,NA,NA,NA,NA,NA,NA,NA,NA,NA,NA,NA,NA,NA,NA,NA,NA,NA,NA,NA,NA,NA,NA,NA,NA,NA,NA
ImmortalsOfAveum-Win64-Shipping.exe,NVIDIA GeForce RTX 4060 Ti,12th Gen Intel(R) Core(TM) i7-12700,3840x2160,D3D12,0,20336,0x0000000063F0AD60,0,0,Hardware Composed: Independent Flip,0,4543.589463,17.153,16.105,0.208,1.620,1.635,0.094,NA,2775,9001,62,52,NA,NA,NA,NA,NA,NA,0.578,0.837,0.578,69,100,100,NA,4380,13, 42,43.797, 65,28,0,18,0,15,0,12,0,77,0,74,0,0,0,0,0,13,9,7,7,NA,NA,NA,NA,NA,NA,NA,NA,NA,NA,NA,NA,NA,NA,NA,NA,NA,NA,NA,NA,NA,NA,NA,NA,NA,NA,NA,NA,NA,NA,NA,NA,NA,NA,NA,NA,NA,NA,NA,NA,NA,NA,NA,NA,NA,NA,NA,NA
ImmortalsOfAveum-Win64-Shipping.exe,NVIDIA GeForce RTX 4060 Ti,12th Gen Intel(R) Core(TM) i7-12700,3840x2160,D3D12,0,20336,0x0000000063F0AD60,0,0,Hardware Composed: Independent Flip,0,4543.604933,15.470,15.217,0.196,0.533,1.382,0.034,NA,2775,9001,62,52,NA,NA,NA,NA,NA,NA,0.641,0.928,0.641,69,100,100,NA,4380,13, 42,43.797, 65,28,0,18,0,15,0,12,0,77,0,74,0,0,0,0,0,13,9,7,7,NA,NA,NA,NA,NA,NA,NA,NA,NA,NA,NA,NA,NA,NA,NA,NA,NA,NA,NA,NA,NA,NA,NA,NA,NA,NA,NA,NA,NA,NA,NA,NA,NA,NA,NA,NA,NA,NA,NA,NA,NA,NA,NA,NA,NA,NA,NA,NA
ImmortalsOfAveum-Win64-Shipping.exe,NVIDIA GeForce RTX 4060 Ti,12th Gen Intel(R) Core(TM) i7-12700,3840x2160,D3D12,0,20336,0x0000000063F0AD60,0,0,Hardware Composed: Independent Flip,0,4543.621620,16.687,17.838,0.200,2.519,2.533,0.151,NA,2775,9001,62,52,NA,NA,NA,NA,NA,NA,0.595,0.860,0.595,69,100,100,NA,4380,13, 42,43.797, 65,28,0,18,0,15,0,12,0,77,0,74,0,0,0,0,0,13,9,7,7,NA,NA,NA,NA,NA,NA,NA,NA,NA,NA,NA,NA,NA,NA,NA,NA,NA,NA,NA,NA,NA,NA,NA,NA,NA,NA,NA,NA,NA,NA,NA,NA,NA,NA,NA,NA,NA,NA,NA,NA,NA,NA,NA,NA,NA,NA,NA,NA
ImmortalsOfAveum-Win64-Shipping.exe,NVIDIA GeForce RTX 4060 Ti,12th Gen Intel(R) Core(TM) i7-12700,3840x2160,D3D12,0,20336,0x0000000063F0AD60,0,0,Hardware Composed: Independent Flip,0,4543.638431,16.811,15.930,0.162,0.371,1.651,0.022,NA,2775,9001,62,52,NA,NA,NA,NA,NA,NA,0.590,0.854,0.590,69,100,100,NA,4380,13, 41,41.518, 65,28,0,18,0,15,0,12,0,77,0,74,0,0,0,0,0,13,9,7,7,NA,NA,NA,NA,NA,NA,NA,NA,NA,NA,NA,NA,NA,NA,NA,NA,NA,NA,NA,NA,NA,NA,NA,NA,NA,NA,NA,NA,NA,NA,NA,NA,NA,NA,NA,NA,NA,NA,NA,NA,NA,NA,NA,NA,NA,NA,NA,NA
ImmortalsOfAveum-Win64-Shipping.exe,NVIDIA GeForce RTX 4060 Ti,12th Gen Intel(R) Core(TM) i7-12700,3840x2160,D3D12,0,20336,0x0000000063F0AD60,0,0,Hardware Composed: Independent Flip,0,4543.655228,16.797,17.137,0.267,1.977,1.991,0.118,NA,2775,9001,62,52,NA,NA,NA,NA,NA,NA,0.591,0.855,0.591,69,100,100,NA,4380,13, 41,41.518, 65,28,0,18,0,15,0,12,0,77,0,74,0,0,0,0,0,13,9,7,7,NA,NA,NA,NA,NA,NA,NA,NA,NA,NA,NA,NA,NA,NA,NA,NA,NA,NA,NA,NA,NA,NA,NA,NA,NA,NA,NA,NA,NA,NA,NA,NA,NA,NA,NA,NA,NA,NA,NA,NA,NA,NA,NA,NA,NA,NA,NA,NA
ImmortalsOfAveum-Win64-Shipping.exe,NVIDIA GeForce RTX 4060 Ti,12th Gen Intel(R) Core(TM) i7-12700,3840x2160,D3D12,0,20336,0x0000000063F0AD60,0,0,Hardware Composed: Independent Flip,0,4543.670922,15.694,16.478,0.150,0.549,2.776,0.035,NA,2775,9001,62,52,NA,NA,NA,NA,NA,NA,0.632,0.915,0.632,69,100,100,NA,4380,13, 41,41.518, 65,28,0,18,0,15,0,12,0,77,0,74,0,0,0,0,0,13,9,7,7,NA,NA,NA,NA,NA,NA,NA,NA,NA,NA,NA,NA,NA,NA,NA,NA,NA,NA,NA,NA,NA,NA,NA,NA,NA,NA,NA,NA,NA,NA,NA,NA,NA,NA,NA,NA,NA,NA,NA,NA,NA,NA,NA,NA,NA,NA,NA,NA
ImmortalsOfAveum-Win64-Shipping.exe,NVIDIA GeForce RTX 4060 Ti,12th Gen Intel(R) Core(TM) i7-12700,3840x2160,D3D12,0,20336,0x0000000063F0AD60,0,0,Hardware Composed: Independent Flip,0,4543.687703,16.781,16.585,0.249,2.520,2.579,0.150,NA,2775,9001,62,52,NA,NA,NA,NA,NA,NA,0.591,0.855,0.591,69,100,100,NA,4380,13, 41,41.518, 65,28,0,18,0,15,0,12,0,77,0,74,0,0,0,0,0,13,9,7,7,NA,NA,NA,NA,NA,NA,NA,NA,NA,NA,NA,NA,NA,NA,NA,NA,NA,NA,NA,NA,NA,NA,NA,NA,NA,NA,NA,NA,NA,NA,NA,NA,NA,NA,NA,NA,NA,NA,NA,NA,NA,NA,NA,NA,NA,NA,NA,NA
ImmortalsOfAveum-Win64-Shipping.exe,NVIDIA GeForce RTX 4060 Ti,12th Gen Intel(R) Core(TM) i7-12700,3840x2160,D3D12,0,20336,0x0000000063F0AD60,0,0,Hardware Composed: Independent Flip,0,4543.705611,17.907,18.237,0.173,0.363,2.909,0.020,NA,2775,9001,62,52,NA,NA,NA,NA,NA,NA,0.554,0.802,0.554,69,100,100,NA,4380,13, 41,41.518, 65,28,0,18,0,15,0,12,0,77,0,74,0,0,0,0,0,13,9,7,7,NA,NA,NA,NA,NA,NA,NA,NA,NA,NA,NA,NA,NA,NA,NA,NA,NA,NA,NA,NA,NA,NA,NA,NA,NA,NA,NA,NA,NA,NA,NA,NA,NA,NA,NA,NA,NA,NA,NA,NA,NA,NA,NA,NA,NA,NA,NA,NA
ImmortalsOfAveum-Win64-Shipping.exe,NVIDIA GeForce RTX 4060 Ti,12th Gen Intel(R) Core(TM) i7-12700,3840x2160,D3D12,0,20336,0x0000000063F0AD60,0,0,Hardware Composed: Independent Flip,0,4543.722652,17.041,16.613,0.187,2.421,2.480,0.142,NA,2775,9001,62,52,NA,NA,NA,NA,NA,NA,0.582,0.842,0.582,69,100,100,NA,4380,13, 41,41.518, 65,28,0,18,0,15,0,12,0,77,0,74,0,0,0,0,0,13,9,7,7,NA,NA,NA,NA,NA,NA,NA,NA,NA,NA,NA,NA,NA,NA,NA,NA,NA,NA,NA,NA,NA,NA,NA,NA,NA,NA,NA,NA,NA,NA,NA,NA,NA,NA,NA,NA,NA,NA,NA,NA,NA,NA,NA,NA,NA,NA,NA,NA
ImmortalsOfAveum-Win64-Shipping.exe,NVIDIA GeForce RTX 4060 Ti,12th Gen Intel(R) Core(TM) i7-12700,3840x2160,D3D12,0,20336,0x0000000063F0AD60,0,0,Hardware Composed: Independent Flip,0,4543.737967,15.315,15.107,0.145,0.556,2.272,0.036,NA,2775,9001,62,52,NA,NA,NA,NA,NA,NA,0.648,0.937,0.648,69,100,100,NA,4380,13, 41,41.518, 65,28,0,18,0,15,0,12,0,77,0,74,0,0,0,0,0,13,9,7,7,NA,NA,NA,NA,NA,NA,NA,NA,NA,NA,NA,NA,NA,NA,NA,NA,NA,NA,NA,NA,NA,NA,NA,NA,NA,NA,NA,NA,NA,NA,NA,NA,NA,NA,NA,NA,NA,NA,NA,NA,NA,NA,NA,NA,NA,NA,NA,NA
ImmortalsOfAveum-Win64-Shipping.exe,NVIDIA GeForce RTX 4060 Ti,12th Gen Intel(R) Core(TM) i7-12700,3840x2160,D3D12,0,20336,0x0000000063F0AD60,0,0,Hardware Composed: Independent Flip,0,4543.755092,17.125,17.307,0.248,2.395,2.455,0.140,NA,2775,9001,62,52,NA,NA,NA,NA,NA,NA,0.579,0.838,0.579,69,100,100,NA,4380,13, 41,41.518, 65,28,0,18,0,15,0,12,0,77,0,74,0,0,0,0,0,13,9,7,7,NA,NA,NA,NA,NA,NA,NA,NA,NA,NA,NA,NA,NA,NA,NA,NA,NA,NA,NA,NA,NA,NA,NA,NA,NA,NA,NA,NA,NA,NA,NA,NA,NA,NA,NA,NA,NA,NA,NA,NA,NA,NA,NA,NA,NA,NA,NA,NA
ImmortalsOfAveum-Win64-Shipping.exe,NVIDIA GeForce RTX 4060 Ti,12th Gen Intel(R) Core(TM) i7-12700,3840x2160,D3D12,0,20336,0x0000000063F0AD60,0,0,Hardware Composed: Independent Flip,0,4543.771873,16.781,17.141,0.154,0.353,2.815,0.021,NA,2775,9001,62,52,NA,NA,NA,NA,NA,NA,0.591,0.855,0.591,69,100,100,NA,4380,13, 41,41.518, 65,28,0,18,0,15,0,12,0,77,0,74,0,0,0,0,0,13,9,7,7,NA,NA,NA,NA,NA,NA,NA,NA,NA,NA,NA,NA,NA,NA,NA,NA,NA,NA,NA,NA,NA,NA,NA,NA,NA,NA,NA,NA,NA,NA,NA,NA,NA,NA,NA,NA,NA,NA,NA,NA,NA,NA,NA,NA,NA,NA,NA,NA
ImmortalsOfAveum-Win64-Shipping.exe,NVIDIA GeForce RTX 4060 Ti,12th Gen Intel(R) Core(TM) i7-12700,3840x2160,D3D12,0,20336,0x0000000063F0AD60,0,0,Hardware Composed: Independent Flip,0,4543.788785,16.912,15.889,0.190,1.731,1.791,0.102,NA,2775,9001,62,52,NA,NA,NA,NA,NA,NA,0.587,0.849,0.587,69,100,100,NA,4380,13, 41,41.518, 65,28,0,18,0,15,0,12,0,77,0,74,0,0,0,0,0,13,9,7,7,NA,NA,NA,NA,NA,NA,NA,NA,NA,NA,NA,NA,NA,NA,NA,NA,NA,NA,NA,NA,NA,NA,NA,NA,NA,NA,NA,NA,NA,NA,NA,NA,NA,NA,NA,NA,NA,NA,NA,NA,NA,NA,NA,NA,NA,NA,NA,NA
ImmortalsOfAveum-Win64-Shipping.exe,NVIDIA GeForce RTX 4060 Ti,12th Gen Intel(R) Core(TM) i7-12700,3840x2160,D3D12,0,20336,0x0000000063F0AD60,0,0,Hardware Composed: Independent Flip,0,4543.806068,17.283,18.373,0.176,0.347,2.882,0.020,NA,2775,9001,62,52,NA,NA,NA,NA,NA,NA,0.574,0.831,0.574,69,100,100,NA,4380,13, 41,41.518, 65,28,0,18,0,15,0,12,0,77,0,74,0,0,0,0,0,13,9,7,7,NA,NA,NA,NA,NA,NA,NA,NA,NA,NA,NA,NA,NA,NA,NA,NA,NA,NA,NA,NA,NA,NA,NA,NA,NA,NA,NA,NA,NA,NA,NA,NA,NA,NA,NA,NA,NA,NA,NA,NA,NA,NA,NA,NA,NA,NA,NA,NA
ImmortalsOfAveum-Win64-Shipping.exe,NVIDIA GeForce RTX 4060 Ti,12th Gen Intel(R) Core(TM) i7-12700,3840x2160,D3D12,0,20336,0x0000000063F0AD60,0,0,Hardware Composed: Independent Flip,0,4543.823336,17.268,16.352,0.239,1.904,1.966,0.110,NA,2775,9001,62,52,NA,NA,NA,NA,NA,NA,0.575,0.831,0.575,69,100,100,NA,4380,13, 41,41.518, 65,28,0,18,0,15,0,12,0,77,0,74,0,0,0,0,0,13,9,7,7,NA,NA,NA,NA,NA,NA,NA,NA,NA,NA,NA,NA,NA,NA,NA,NA,NA,NA,NA,NA,NA,NA,NA,NA,NA,NA,NA,NA,NA,NA,NA,NA,NA,NA,NA,NA,NA,NA,NA,NA,NA,NA,NA,NA,NA,NA,NA,NA
ImmortalsOfAveum-Win64-Shipping.exe,NVIDIA GeForce RTX 4060 Ti,12th Gen Intel(R) Core(TM) i7-12700,3840x2160,D3D12,0,20336,0x0000000063F0AD60,0,0,Hardware Composed: Independent Flip,0,4543.838056,14.720,14.570,0.163,0.530,1.815,0.036,NA,2775,9001,62,52,NA,NA,NA,NA,NA,NA,0.674,0.975,0.674,69,100,100,NA,4380,13, 41,41.481, 65,28,0,18,0,15,0,12,0,77,0,74,0,0,0,0,0,13,9,7,7,NA,NA,NA,NA,NA,NA,NA,NA,NA,NA,NA,NA,NA,NA,NA,NA,NA,NA,NA,NA,NA,NA,NA,NA,NA,NA,NA,NA,NA,NA,NA,NA,NA,NA,NA,NA,NA,NA,NA,NA,NA,NA,NA,NA,NA,NA,NA,NA
ImmortalsOfAveum-Win64-Shipping.exe,NVIDIA GeForce RTX 4060 Ti,12th Gen Intel(R) Core(TM) i7-12700,3840x2160,D3D12,0,20336,0x0000000063F0AD60,0,0,Hardware Composed: Independent Flip,0,4543.854738,16.681,16.563,0.219,1.633,1.697,0.098,NA,2775,9001,62,52,NA,NA,NA,NA,NA,NA,0.595,0.861,0.595,69,100,100,NA,4380,13, 41,41.481, 65,28,0,18,0,15,0,12,0,77,0,74,0,0,0,0,0,13,9,7,7,NA,NA,NA,NA,NA,NA,NA,NA,NA,NA,NA,NA,NA,NA,NA,NA,NA,NA,NA,NA,NA,NA,NA,NA,NA,NA,NA,NA,NA,NA,NA,NA,NA,NA,NA,NA,NA,NA,NA,NA,NA,NA,NA,NA,NA,NA,NA,NA
ImmortalsOfAveum-Win64-Shipping.exe,NVIDIA GeForce RTX 4060 Ti,12th Gen Intel(R) Core(TM) i7-12700,3840x2160,D3D12,0,20336,0x0000000063F0AD60,0,0,Hardware Composed: Independent Flip,0,4543.871857,17.119,17.942,0.183,0.349,2.520,0.020,NA,2775,9001,62,52,NA,NA,NA,NA,NA,NA,0.580,0.839,0.580,69,100,100,NA,4380,13, 41,41.481, 65,28,0,18,0,15,0,12,0,77,0,74,0,0,0,0,0,13,9,7,7,NA,NA,NA,NA,NA,NA,NA,NA,NA,NA,NA,NA,NA,NA,NA,NA,NA,NA,NA,NA,NA,NA,NA,NA,NA,NA,NA,NA,NA,NA,NA,NA,NA,NA,NA,NA,NA,NA,NA,NA,NA,NA,NA,NA,NA,NA,NA,NA
ImmortalsOfAveum-Win64-Shipping.exe,NVIDIA GeForce RTX 4060 Ti,12th Gen Intel(R) Core(TM) i7-12700,3840x2160,D3D12,0,20336,0x0000000063F0AD60,0,0,Hardware Composed: Independent Flip,0,4543.888495,16.638,16.265,0.210,2.089,2.147,0.126,NA,2775,9001,62,52,NA,NA,NA,NA,NA,NA,0.596,0.863,0.596,69,100,100,NA,4380,13, 41,41.481, 65,28,0,18,0,15,0,12,0,77,0,74,0,0,0,0,0,13,9,7,7,NA,NA,NA,NA,NA,NA,NA,NA,NA,NA,NA,NA,NA,NA,NA,NA,NA,NA,NA,NA,NA,NA,NA,NA,NA,NA,NA,NA,NA,NA,NA,NA,NA,NA,NA,NA,NA,NA,NA,NA,NA,NA,NA,NA,NA,NA,NA,NA
ImmortalsOfAveum-Win64-Shipping.exe,NVIDIA GeForce RTX 4060 Ti,12th Gen Intel(R) Core(TM) i7-12700,3840x2160,D3D12,0,20336,0x0000000063F0AD60,0,0,Hardware Composed: Independent Flip,0,4543.904377,15.882,15.766,0.126,0.556,2.031,0.035,NA,2775,9001,62,52,NA,NA,NA,NA,NA,NA,0.625,0.904,0.625,69,100,100,NA,4380,13, 41,41.481, 65,28,0,18,0,15,0,12,0,77,0,74,0,0,0,0,0,13,9,7,7,NA,NA,NA,NA,NA,NA,NA,NA,NA,NA,NA,NA,NA,NA,NA,NA,NA,NA,NA,NA,NA,NA,NA,NA,NA,NA,NA,NA,NA,NA,NA,NA,NA,NA,NA,NA,NA,NA,NA,NA,NA,NA,NA,NA,NA,NA,NA,NA
ImmortalsOfAveum-Win64-Shipping.exe,NVIDIA GeForce RTX 4060 Ti,12th Gen Intel(R) Core(TM) i7-12700,3840x2160,D3D12,0,20336,0x0000000063F0AD60,0,0,Hardware Composed: Independent Flip,0,4543.921227,16.850,16.634,0.181,1.753,1.815,0.104,NA,2775,9001,62,52,NA,NA,NA,NA,NA,NA,0.589,0.852,0.589,69,100,100,NA,4380,13, 41,41.481, 65,28,0,18,0,15,0,12,0,77,0,74,0,0,0,0,0,13,9,7,7,NA,NA,NA,NA,NA,NA,NA,NA,NA,NA,NA,NA,NA,NA,NA,NA,NA,NA,NA,NA,NA,NA,NA,NA,NA,NA,NA,NA,NA,NA,NA,NA,NA,NA,NA,NA,NA,NA,NA,NA,NA,NA,NA,NA,NA,NA,NA,NA
ImmortalsOfAveum-Win64-Shipping.exe,NVIDIA GeForce RTX 4060 Ti,12th Gen Intel(R) Core(TM) i7-12700,3840x2160,D3D12,0,20336,0x0000000063F0AD60,0,0,Hardware Composed: Independent Flip,0,4543.938503,17.276,17.525,0.156,0.347,2.064,0.020,NA,2775,9001,62,52,NA,NA,NA,NA,NA,NA,0.574,0.831,0.574,69,100,100,NA,4380,13, 41,41.481, 65,28,0,18,0,15,0,12,0,77,0,74,0,0,0,0,0,13,9,7,7,NA,NA,NA,NA,NA,NA,NA,NA,NA,NA,NA,NA,NA,NA,NA,NA,NA,NA,NA,NA,NA,NA,NA,NA,NA,NA,NA,NA,NA,NA,NA,NA,NA,NA,NA,NA,NA,NA,NA,NA,NA,NA,NA,NA,NA,NA,NA,NA
ImmortalsOfAveum-Win64-Shipping.exe,NVIDIA GeForce RTX 4060 Ti,12th Gen Intel(R) Core(TM) i7-12700,3840x2160,D3D12,0,20336,0x0000000063F0AD60,0,0,Hardware Composed: Independent Flip,0,4543.955433,16.930,16.821,0.254,1.896,1.956,0.112,NA,2775,9001,62,52,NA,NA,NA,NA,NA,NA,0.584,0.846,0.584,69,101,101,NA,4370,14, 41,41.481, 65,29,1,20,2,17,1,10,1,77,1,73,1,1,1,1,1,16,12,10,11,NA,NA,NA,NA,NA,NA,NA,NA,NA,NA,NA,NA,NA,NA,NA,NA,NA,NA,NA,NA,NA,NA,NA,NA,NA,NA,NA,NA,NA,NA,NA,NA,NA,NA,NA,NA,NA,NA,NA,NA,NA,NA,NA,NA,NA,NA,NA,NA
ImmortalsOfAveum-Win64-Shipping.exe,NVIDIA GeForce RTX 4060 Ti,12th Gen Intel(R) Core(TM) i7-12700,3840x2160,D3D12,0,20336,0x0000000063F0AD60,0,0,Hardware Composed: Independent Flip,0,4543.971157,15.724,15.591,0.141,0.558,1.823,0.035,NA,2775,9001,62,52,NA,NA,NA,NA,NA,NA,0.629,0.910,0.629,69,101,101,NA,4370,14, 41,41.481, 65,29,1,20,2,17,1,10,1,77,1,73,1,1,1,1,1,16,12,10,11,NA,NA,NA,NA,NA,NA,NA,NA,NA,NA,NA,NA,NA,NA,NA,NA,NA,NA,NA,NA,NA,NA,NA,NA,NA,NA,NA,NA,NA,NA,NA,NA,NA,NA,NA,NA,NA,NA,NA,NA,NA,NA,NA,NA,NA,NA,NA,NA
ImmortalsOfAveum-Win64-Shipping.exe,NVIDIA GeForce RTX 4060 Ti,12th Gen Intel(R) Core(TM) i7-12700,3840x2160,D3D12,0,20336,0x0000000063F0AD60,0,0,Hardware Composed: Independent Flip,0,4543.988102,16.945,16.939,0.206,1.754,1.816,0.104,NA,2775,9001,62,52,NA,NA,NA,NA,NA,NA,0.584,0.845,0.584,69,101,101,NA,4370,14, 41,41.481, 65,29,1,20,2,17,1,10,1,77,1,73,1,1,1,1,1,16,12,10,11,NA,NA,NA,NA,NA,NA,NA,NA,NA,NA,NA,NA,NA,NA,NA,NA,NA,NA,NA,NA,NA,NA,NA,NA,NA,NA,NA,NA,NA,NA,NA,NA,NA,NA,NA,NA,NA,NA,NA,NA,NA,NA,NA,NA,NA,NA,NA,NA
ImmortalsOfAveum-Win64-Shipping.exe,NVIDIA GeForce RTX 4060 Ti,12th Gen Intel(R) Core(TM) i7-12700,3840x2160,D3D12,0,20336,0x0000000063F0AD60,0,0,Hardware Composed: Independent Flip,0,4544.005333,17.231,17.630,0.166,0.341,2.215,0.020,NA,2775,9001,62,52,NA,NA,NA,NA,NA,NA,0.574,0.831,0.574,69,101,101,NA,4370,14, 41,41.481, 65,29,1,20,2,17,1,10,1,77,1,73,1,1,1,1,1,16,12,10,11,NA,NA,NA,NA,NA,NA,NA,NA,NA,NA,NA,NA,NA,NA,NA,NA,NA,NA,NA,NA,NA,NA,NA,NA,NA,NA,NA,NA,NA,NA,NA,NA,NA,NA,NA,NA,NA,NA,NA,NA,NA,NA,NA,NA,NA,NA,NA,NA
ImmortalsOfAveum-Win64-Shipping.exe,NVIDIA GeForce RTX 4060 Ti,12th Gen Intel(R) Core(TM) i7-12700,3840x2160,D3D12,0,20336,0x0000000063F0AD60,0,0,Hardware Composed: Independent Flip,0,4544.022305,16.971,16.395,0.254,1.577,1.639,0.093,NA,2775,9001,62,52,NA,NA,NA,NA,NA,NA,0.583,0.844,0.583,69,101,101,NA,4370,14, 41,41.481, 65,29,1,20,2,17,1,10,1,77,1,73,1,1,1,1,1,16,12,10,11,NA,NA,NA,NA,NA,NA,NA,NA,NA,NA,NA,NA,NA,NA,NA,NA,NA,NA,NA,NA,NA,NA,NA,NA,NA,NA,NA,NA,NA,NA,NA,NA,NA,NA,NA,NA,NA,NA,NA,NA,NA,NA,NA,NA,NA,NA,NA,NA
ImmortalsOfAveum-Win64-Shipping.exe,NVIDIA GeForce RTX 4060 Ti,12th Gen Intel(R) Core(TM) i7-12700,3840x2160,D3D12,0,20336,0x0000000063F0AD60,0,0,Hardware Composed: Independent Flip,0,4544.037795,15.490,15.911,0.150,0.538,2.059,0.035,NA,2775,9001,62,52,NA,NA,NA,NA,NA,NA,0.639,0.924,0.639,69,101,101,NA,4370,14, 40,42.504, 65,29,1,20,2,17,1,10,1,77,1,73,1,1,1,1,1,16,12,10,11,NA,NA,NA,NA,NA,NA,NA,NA,NA,NA,NA,NA,NA,NA,NA,NA,NA,NA,NA,NA,NA,NA,NA,NA,NA,NA,NA,NA,NA,NA,NA,NA,NA,NA,NA,NA,NA,NA,NA,NA,NA,NA,NA,NA,NA,NA,NA,NA
ImmortalsOfAveum-Win64-Shipping.exe,NVIDIA GeForce RTX 4060 Ti,12th Gen Intel(R) Core(TM) i7-12700,3840x2160,D3D12,0,20336,0x0000000063F0AD60,0,0,Hardware Composed: Independent Flip,0,4544.054711,16.916,16.580,0.253,1.660,1.723,0.098,NA,2775,9001,62,52,NA,NA,NA,NA,NA,NA,0.585,0.846,0.585,69,101,101,NA,4370,14, 40,42.504, 65,29,1,20,2,17,1,10,1,77,1,73,1,1,1,1,1,16,12,10,11,NA,NA,NA,NA,NA,NA,NA,NA,NA,NA,NA,NA,NA,NA,NA,NA,NA,NA,NA,NA,NA,NA,NA,NA,NA,NA,NA,NA,NA,NA,NA,NA,NA,NA,NA,NA,NA,NA,NA,NA,NA,NA,NA,NA,NA,NA,NA,NA
ImmortalsOfAveum-Win64-Shipping.exe,NVIDIA GeForce RTX 4060 Ti,12th Gen Intel(R) Core(TM) i7-12700,3840x2160,D3D12,0,20336,0x0000000063F0AD60,0,0,Hardware Composed: Independent Flip,0,4544.071860,17.149,17.528,0.271,0.350,2.101,0.020,NA,2775,9001,62,52,NA,NA,NA,NA,NA,NA,0.577,0.835,0.577,69,101,101,NA,4370,14, 40,42.504, 65,29,1,20,2,17,1,10,1,77,1,73,1,1,1,1,1,16,12,10,11,NA,NA,NA,NA,NA,NA,NA,NA,NA,NA,NA,NA,NA,NA,NA,NA,NA,NA,NA,NA,NA,NA,NA,NA,NA,NA,NA,NA,NA,NA,NA,NA,NA,NA,NA,NA,NA,NA,NA,NA,NA,NA,NA,NA,NA,NA,NA,NA
ImmortalsOfAveum-Win64-Shipping.exe,NVIDIA GeForce RTX 4060 Ti,12th Gen Intel(R) Core(TM) i7-12700,3840x2160,D3D12,0,20336,0x0000000063F0AD60,0,0,Hardware Composed: Independent Flip,0,4544.088687,16.827,16.459,0.205,1.721,1.733,0.102,NA,2775,9001,62,52,NA,NA,NA,NA,NA,NA,0.588,0.851,0.588,69,101,101,NA,4370,14, 40,42.504, 65,29,1,20,2,17,1,10,1,77,1,73,1,1,1,1,1,16,12,10,11,NA,NA,NA,NA,NA,NA,NA,NA,NA,NA,NA,NA,NA,NA,NA,NA,NA,NA,NA,NA,NA,NA,NA,NA,NA,NA,NA,NA,NA,NA,NA,NA,NA,NA,NA,NA,NA,NA,NA,NA,NA,NA,NA,NA,NA,NA,NA,NA
ImmortalsOfAveum-Win64-Shipping.exe,NVIDIA GeForce RTX 4060 Ti,12th Gen Intel(R) Core(TM) i7-12700,3840x2160,D3D12,0,20336,0x0000000063F0AD60,0,0,Hardware Composed: Independent Flip,0,4544.104300,15.613,15.715,0.141,0.563,1.835,0.036,NA,2775,9001,62,52,NA,NA,NA,NA,NA,NA,0.634,0.917,0.634,69,101,101,NA,4370,14, 40,42.504, 65,29,1,20,2,17,1,10,1,77,1,73,1,1,1,1,1,16,12,10,11,NA,NA,NA,NA,NA,NA,NA,NA,NA,NA,NA,NA,NA,NA,NA,NA,NA,NA,NA,NA,NA,NA,NA,NA,NA,NA,NA,NA,NA,NA,NA,NA,NA,NA,NA,NA,NA,NA,NA,NA,NA,NA,NA,NA,NA,NA,NA,NA
ImmortalsOfAveum-Win64-Shipping.exe,NVIDIA GeForce RTX 4060 Ti,12th Gen Intel(R) Core(TM) i7-12700,3840x2160,D3D12,0,20336,0x0000000063F0AD60,0,0,Hardware Composed: Independent Flip,0,4544.121285,16.985,16.877,0.222,1.666,1.727,0.098,NA,2775,9001,62,52,NA,NA,NA,NA,NA,NA,0.583,0.843,0.583,69,101,101,NA,4370,14, 40,42.504, 65,29,1,20,2,17,1,10,1,77,1,73,1,1,1,1,1,16,12,10,11,NA,NA,NA,NA,NA,NA,NA,NA,NA,NA,NA,NA,NA,NA,NA,NA,NA,NA,NA,NA,NA,NA,NA,NA,NA,NA,NA,NA,NA,NA,NA,NA,NA,NA,NA,NA,NA,NA,NA,NA,NA,NA,NA,NA,NA,NA,NA,NA
ImmortalsOfAveum-Win64-Shipping.exe,NVIDIA GeForce RTX 4060 Ti,12th Gen Intel(R) Core(TM) i7-12700,3840x2160,D3D12,0,20336,0x0000000063F0AD60,0,0,Hardware Composed: Independent Flip,0,4544.138433,17.148,17.404,0.160,0.353,1.983,0.021,NA,2775,9001,62,52,NA,NA,NA,NA,NA,NA,0.577,0.835,0.577,69,101,101,NA,4370,14, 40,42.504, 65,29,1,20,2,17,1,10,1,77,1,73,1,1,1,1,1,16,12,10,11,NA,NA,NA,NA,NA,NA,NA,NA,NA,NA,NA,NA,NA,NA,NA,NA,NA,NA,NA,NA,NA,NA,NA,NA,NA,NA,NA,NA,NA,NA,NA,NA,NA,NA,NA,NA,NA,NA,NA,NA,NA,NA,NA,NA,NA,NA,NA,NA
ImmortalsOfAveum-Win64-Shipping.exe,NVIDIA GeForce RTX 4060 Ti,12th Gen Intel(R) Core(TM) i7-12700,3840x2160,D3D12,0,20336,0x0000000063F0AD60,0,0,Hardware Composed: Independent Flip,0,4544.155411,16.978,16.856,0.224,1.842,1.861,0.109,NA,2775,9001,62,52,NA,NA,NA,NA,NA,NA,0.583,0.843,0.583,69,101,101,NA,4370,14, 40,42.504, 65,29,1,20,2,17,1,10,1,77,1,73,1,1,1,1,1,16,12,10,11,NA,NA,NA,NA,NA,NA,NA,NA,NA,NA,NA,NA,NA,NA,NA,NA,NA,NA,NA,NA,NA,NA,NA,NA,NA,NA,NA,NA,NA,NA,NA,NA,NA,NA,NA,NA,NA,NA,NA,NA,NA,NA,NA,NA,NA,NA,NA,NA
ImmortalsOfAveum-Win64-Shipping.exe,NVIDIA GeForce RTX 4060 Ti,12th Gen Intel(R) Core(TM) i7-12700,3840x2160,D3D12,0,20336,0x0000000063F0AD60,0,0,Hardware Composed: Independent Flip,0,4544.171137,15.726,15.778,0.146,0.555,1.913,0.035,NA,2775,9001,62,52,NA,NA,NA,NA,NA,NA,0.629,0.910,0.629,69,101,101,NA,4370,14, 40,42.504, 65,29,1,20,2,17,1,10,1,77,1,73,1,1,1,1,1,16,12,10,11,NA,NA,NA,NA,NA,NA,NA,NA,NA,NA,NA,NA,NA,NA,NA,NA,NA,NA,NA,NA,NA,NA,NA,NA,NA,NA,NA,NA,NA,NA,NA,NA,NA,NA,NA,NA,NA,NA,NA,NA,NA,NA,NA,NA,NA,NA,NA,NA
ImmortalsOfAveum-Win64-Shipping.exe,NVIDIA GeForce RTX 4060 Ti,12th Gen Intel(R) Core(TM) i7-12700,3840x2160,D3D12,0,20336,0x0000000063F0AD60,0,0,Hardware Composed: Independent Flip,0,4544.188103,16.966,17.630,0.181,2.520,2.578,0.149,NA,2775,9001,62,52,NA,NA,NA,NA,NA,NA,0.583,0.844,0.583,69,101,101,NA,4370,14, 40,42.504, 65,29,1,20,2,17,1,10,1,77,1,73,1,1,1,1,1,16,12,10,11,NA,NA,NA,NA,NA,NA,NA,NA,NA,NA,NA,NA,NA,NA,NA,NA,NA,NA,NA,NA,NA,NA,NA,NA,NA,NA,NA,NA,NA,NA,NA,NA,NA,NA,NA,NA,NA,NA,NA,NA,NA,NA,NA,NA,NA,NA,NA,NA
ImmortalsOfAveum-Win64-Shipping.exe,NVIDIA GeForce RTX 4060 Ti,12th Gen Intel(R) Core(TM) i7-12700,3840x2160,D3D12,0,20336,0x0000000063F0AD60,0,0,Hardware Composed: Independent Flip,0,4544.205044,16.942,16.600,0.158,0.359,2.236,0.021,NA,2775,9001,62,52,NA,NA,NA,NA,NA,NA,0.584,0.845,0.584,69,101,101,NA,4370,14, 40,42.504, 65,29,1,20,2,17,1,10,1,77,1,73,1,1,1,1,1,16,12,10,11,NA,NA,NA,NA,NA,NA,NA,NA,NA,NA,NA,NA,NA,NA,NA,NA,NA,NA,NA,NA,NA,NA,NA,NA,NA,NA,NA,NA,NA,NA,NA,NA,NA,NA,NA,NA,NA,NA,NA,NA,NA,NA,NA,NA,NA,NA,NA,NA
ImmortalsOfAveum-Win64-Shipping.exe,NVIDIA GeForce RTX 4060 Ti,12th Gen Intel(R) Core(TM) i7-12700,3840x2160,D3D12,0,20336,0x0000000063F0AD60,0,0,Hardware Composed: Independent Flip,0,4544.221940,16.895,17.052,0.181,2.331,2.392,0.138,NA,2775,9001,62,52,NA,NA,NA,NA,NA,NA,0.586,0.847,0.586,69,101,101,NA,4370,14, 40,42.504, 65,29,1,20,2,17,1,10,1,77,1,73,1,1,1,1,1,16,12,10,11,NA,NA,NA,NA,NA,NA,NA,NA,NA,NA,NA,NA,NA,NA,NA,NA,NA,NA,NA,NA,NA,NA,NA,NA,NA,NA,NA,NA,NA,NA,NA,NA,NA,NA,NA,NA,NA,NA,NA,NA,NA,NA,NA,NA,NA,NA,NA,NA
ImmortalsOfAveum-Win64-Shipping.exe,NVIDIA GeForce RTX 4060 Ti,12th Gen Intel(R) Core(TM) i7-12700,3840x2160,D3D12,0,20336,0x0000000063F0AD60,0,0,Hardware Composed: Independent Flip,0,4544.238656,16.716,17.069,0.161,0.347,2.745,0.021,NA,2775,9001,62,52,NA,NA,NA,NA,NA,NA,0.592,0.856,0.592,69,101,101,NA,4370,14, 41,42.280, 65,29,1,20,2,17,1,10,1,77,1,73,1,1,1,1,1,16,12,10,11,NA,NA,NA,NA,NA,NA,NA,NA,NA,NA,NA,NA,NA,NA,NA,NA,NA,NA,NA,NA,NA,NA,NA,NA,NA,NA,NA,NA,NA,NA,NA,NA,NA,NA,NA,NA,NA,NA,NA,NA,NA,NA,NA,NA,NA,NA,NA,NA
ImmortalsOfAveum-Win64-Shipping.exe,NVIDIA GeForce RTX 4060 Ti,12th Gen Intel(R) Core(TM) i7-12700,3840x2160,D3D12,0,20336,0x0000000063F0AD60,0,0,Hardware Composed: Independent Flip,0,4544.255790,17.134,15.965,0.257,1.523,1.575,0.089,NA,2775,9001,62,52,NA,NA,NA,NA,NA,NA,0.577,0.836,0.577,69,101,101,NA,4370,14, 41,42.280, 65,29,1,20,2,17,1,10,1,77,1,73,1,1,1,1,1,16,12,10,11,NA,NA,NA,NA,NA,NA,NA,NA,NA,NA,NA,NA,NA,NA,NA,NA,NA,NA,NA,NA,NA,NA,NA,NA,NA,NA,NA,NA,NA,NA,NA,NA,NA,NA,NA,NA,NA,NA,NA,NA,NA,NA,NA,NA,NA,NA,NA,NA
ImmortalsOfAveum-Win64-Shipping.exe,NVIDIA GeForce RTX 4060 Ti,12th Gen Intel(R) Core(TM) i7-12700,3840x2160,D3D12,0,20336,0x0000000063F0AD60,0,0,Hardware Composed: Independent Flip,0,4544.271220,15.430,16.770,0.156,0.538,2.916,0.035,NA,2775,9001,62,52,NA,NA,NA,NA,NA,NA,0.641,0.928,0.641,69,101,101,NA,4370,14, 41,42.280, 65,29,1,20,2,17,1,10,1,77,1,73,1,1,1,1,1,16,12,10,11,NA,NA,NA,NA,NA,NA,NA,NA,NA,NA,NA,NA,NA,NA,NA,NA,NA,NA,NA,NA,NA,NA,NA,NA,NA,NA,NA,NA,NA,NA,NA,NA,NA,NA,NA,NA,NA,NA,NA,NA,NA,NA,NA,NA,NA,NA,NA,NA
ImmortalsOfAveum-Win64-Shipping.exe,NVIDIA GeForce RTX 4060 Ti,12th Gen Intel(R) Core(TM) i7-12700,3840x2160,D3D12,0,20336,0x0000000063F0AD60,0,0,Hardware Composed: Independent Flip,0,4544.287940,16.721,15.603,0.260,1.738,1.798,0.104,NA,2775,9001,62,52,NA,NA,NA,NA,NA,NA,0.592,0.856,0.592,69,101,101,NA,4370,14, 41,42.280, 65,29,1,20,2,17,1,10,1,77,1,73,1,1,1,1,1,16,12,10,11,NA,NA,NA,NA,NA,NA,NA,NA,NA,NA,NA,NA,NA,NA,NA,NA,NA,NA,NA,NA,NA,NA,NA,NA,NA,NA,NA,NA,NA,NA,NA,NA,NA,NA,NA,NA,NA,NA,NA,NA,NA,NA,NA,NA,NA,NA,NA,NA
ImmortalsOfAveum-Win64-Shipping.exe,NVIDIA GeForce RTX 4060 Ti,12th Gen Intel(R) Core(TM) i7-12700,3840x2160,D3D12,0,20336,0x0000000063F0AD60,0,0,Hardware Composed: Independent Flip,0,4544.305156,17.215,17.724,0.175,0.343,2.306,0.020,NA,2775,9001,62,52,NA,NA,NA,NA,NA,NA,0.575,0.832,0.575,69,101,101,NA,4370,14, 41,42.280, 65,29,1,20,2,17,1,10,1,77,1,73,1,1,1,1,1,16,12,10,11,NA,NA,NA,NA,NA,NA,NA,NA,NA,NA,NA,NA,NA,NA,NA,NA,NA,NA,NA,NA,NA,NA,NA,NA,NA,NA,NA,NA,NA,NA,NA,NA,NA,NA,NA,NA,NA,NA,NA,NA,NA,NA,NA,NA,NA,NA,NA,NA
ImmortalsOfAveum-Win64-Shipping.exe,NVIDIA GeForce RTX 4060 Ti,12th Gen Intel(R) Core(TM) i7-12700,3840x2160,D3D12,0,20336,0x0000000063F0AD60,0,0,Hardware Composed: Independent Flip,0,4544.322008,16.852,16.444,0.210,1.886,1.898,0.112,NA,2775,9001,62,52,NA,NA,NA,NA,NA,NA,0.587,0.850,0.587,69,101,101,NA,4370,14, 41,42.280, 65,29,1,20,2,17,1,10,1,77,1,73,1,1,1,1,1,16,12,10,11,NA,NA,NA,NA,NA,NA,NA,NA,NA,NA,NA,NA,NA,NA,NA,NA,NA,NA,NA,NA,NA,NA,NA,NA,NA,NA,NA,NA,NA,NA,NA,NA,NA,NA,NA,NA,NA,NA,NA,NA,NA,NA,NA,NA,NA,NA,NA,NA
ImmortalsOfAveum-Win64-Shipping.exe,NVIDIA GeForce RTX 4060 Ti,12th Gen Intel(R) Core(TM) i7-12700,3840x2160,D3D12,0,20336,0x0000000063F0AD60,0,0,Hardware Composed: Independent Flip,0,4544.337843,15.835,15.365,0.158,0.533,1.429,0.034,NA,2775,9001,62,52,NA,NA,NA,NA,NA,NA,0.625,0.904,0.625,69,101,101,NA,4370,14, 41,42.280, 65,29,1,20,2,17,1,10,1,77,1,73,1,1,1,1,1,16,12,10,11,NA,NA,NA,NA,NA,NA,NA,NA,NA,NA,NA,NA,NA,NA,NA,NA,NA,NA,NA,NA,NA,NA,NA,NA,NA,NA,NA,NA,NA,NA,NA,NA,NA,NA,NA,NA,NA,NA,NA,NA,NA,NA,NA,NA,NA,NA,NA,NA
ImmortalsOfAveum-Win64-Shipping.exe,NVIDIA GeForce RTX 4060 Ti,12th Gen Intel(R) Core(TM) i7-12700,3840x2160,D3D12,0,20336,0x0000000063F0AD60,0,0,Hardware Composed: Independent Flip,0,4544.354749,16.907,17.914,0.277,2.373,2.436,0.140,NA,2775,9001,62,52,NA,NA,NA,NA,NA,NA,0.585,0.847,0.585,69,101,101,NA,4370,14, 41,42.280, 65,29,1,20,2,17,1,10,1,77,1,73,1,1,1,1,1,16,12,10,11,NA,NA,NA,NA,NA,NA,NA,NA,NA,NA,NA,NA,NA,NA,NA,NA,NA,NA,NA,NA,NA,NA,NA,NA,NA,NA,NA,NA,NA,NA,NA,NA,NA,NA,NA,NA,NA,NA,NA,NA,NA,NA,NA,NA,NA,NA,NA,NA
ImmortalsOfAveum-Win64-Shipping.exe,NVIDIA GeForce RTX 4060 Ti,12th Gen Intel(R) Core(TM) i7-12700,3840x2160,D3D12,0,20336,0x0000000063F0AD60,0,0,Hardware Composed: Independent Flip,0,4544.372493,17.744,17.083,0.163,0.353,1.775,0.020,NA,2775,9001,62,52,NA,NA,NA,NA,NA,NA,0.558,0.807,0.558,69,101,101,NA,4370,14, 41,42.280, 65,29,1,20,2,17,1,10,1,77,1,73,1,1,1,1,1,16,12,10,11,NA,NA,NA,NA,NA,NA,NA,NA,NA,NA,NA,NA,NA,NA,NA,NA,NA,NA,NA,NA,NA,NA,NA,NA,NA,NA,NA,NA,NA,NA,NA,NA,NA,NA,NA,NA,NA,NA,NA,NA,NA,NA,NA,NA,NA,NA,NA,NA
ImmortalsOfAveum-Win64-Shipping.exe,NVIDIA GeForce RTX 4060 Ti,12th Gen Intel(R) Core(TM) i7-12700,3840x2160,D3D12,0,20336,0x0000000063F0AD60,0,0,Hardware Composed: Independent Flip,0,4544.389587,17.094,17.765,0.233,2.386,2.446,0.140,NA,2775,9001,62,52,NA,NA,NA,NA,NA,NA,0.579,0.837,0.579,69,101,101,NA,4370,14, 41,42.280, 65,29,1,20,2,17,1,10,1,77,1,73,1,1,1,1,1,16,12,10,11,NA,NA,NA,NA,NA,NA,NA,NA,NA,NA,NA,NA,NA,NA,NA,NA,NA,NA,NA,NA,NA,NA,NA,NA,NA,NA,NA,NA,NA,NA,NA,NA,NA,NA,NA,NA,NA,NA,NA,NA,NA,NA,NA,NA,NA,NA,NA,NA
ImmortalsOfAveum-Win64-Shipping.exe,NVIDIA GeForce RTX 4060 Ti,12th Gen Intel(R) Core(TM) i7-12700,3840x2160,D3D12,0,20336,0x0000000063F0AD60,0,0,Hardware Composed: Independent Flip,0,4544.405791,16.204,16.149,0.166,0.542,2.390,0.033,NA,2775,9001,62,52,NA,NA,NA,NA,NA,NA,0.611,0.883,0.611,69,101,101,NA,4370,14, 41,42.280, 65,29,1,20,2,17,1,10,1,77,1,73,1,1,1,1,1,16,12,10,11,NA,NA,NA,NA,NA,NA,NA,NA,NA,NA,NA,NA,NA,NA,NA,NA,NA,NA,NA,NA,NA,NA,NA,NA,NA,NA,NA,NA,NA,NA,NA,NA,NA,NA,NA,NA,NA,NA,NA,NA,NA,NA,NA,NA,NA,NA,NA,NA
ImmortalsOfAveum-Win64-Shipping.exe,NVIDIA GeForce RTX 4060 Ti,12th Gen Intel(R) Core(TM) i7-12700,3840x2160,D3D12,0,20336,0x0000000063F0AD60,0,0,Hardware Composed: Independent Flip,0,4544.423013,17.221,16.744,0.196,1.853,1.913,0.108,NA,2775,9001,62,52,NA,NA,NA,NA,NA,NA,0.575,0.831,0.575,69,101,101,NA,4370,14, 41,42.280, 65,29,1,20,2,17,1,10,1,77,1,73,1,1,1,1,1,16,12,10,11,NA,NA,NA,NA,NA,NA,NA,NA,NA,NA,NA,NA,NA,NA,NA,NA,NA,NA,NA,NA,NA,NA,NA,NA,NA,NA,NA,NA,NA,NA,NA,NA,NA,NA,NA,NA,NA,NA,NA,NA,NA,NA,NA,NA,NA,NA,NA,NA
ImmortalsOfAveum-Win64-Shipping.exe,NVIDIA GeForce RTX 4060 Ti,12th Gen Intel(R) Core(TM) i7-12700,3840x2160,D3D12,0,20336,0x0000000063F0AD60,0,0,Hardware Composed: Independent Flip,0,4544.437564,14.552,15.811,0.150,0.543,3.173,0.037,NA,2775,9001,62,52,NA,NA,NA,NA,NA,NA,0.680,0.984,0.680,69,101,101,NA,4370,14, 39,42.155, 65,29,1,20,2,17,1,10,1,77,1,73,1,1,1,1,1,16,12,10,11,NA,NA,NA,NA,NA,NA,NA,NA,NA,NA,NA,NA,NA,NA,NA,NA,NA,NA,NA,NA,NA,NA,NA,NA,NA,NA,NA,NA,NA,NA,NA,NA,NA,NA,NA,NA,NA,NA,NA,NA,NA,NA,NA,NA,NA,NA,NA,NA
ImmortalsOfAveum-Win64-Shipping.exe,NVIDIA GeForce RTX 4060 Ti,12th Gen Intel(R) Core(TM) i7-12700,3840x2160,D3D12,0,20336,0x0000000063F0AD60,0,0,Hardware Composed: Independent Flip,0,4544.454103,16.539,15.994,0.241,2.569,2.629,0.155,NA,2775,9001,62,52,NA,NA,NA,NA,NA,NA,0.598,0.866,0.598,69,101,101,NA,4370,14, 39,42.155, 65,29,1,20,2,17,1,10,1,77,1,73,1,1,1,1,1,16,12,10,11,NA,NA,NA,NA,NA,NA,NA,NA,NA,NA,NA,NA,NA,NA,NA,NA,NA,NA,NA,NA,NA,NA,NA,NA,NA,NA,NA,NA,NA,NA,NA,NA,NA,NA,NA,NA,NA,NA,NA,NA,NA,NA,NA,NA,NA,NA,NA,NA
ImmortalsOfAveum-Win64-Shipping.exe,NVIDIA GeForce RTX 4060 Ti,12th Gen Intel(R) Core(TM) i7-12700,3840x2160,D3D12,0,20336,0x0000000063F0AD60,0,0,Hardware Composed: Independent Flip,0,4544.472106,18.003,18.753,0.202,0.354,3.378,0.020,NA,2775,9001,61,52,NA,NA,NA,NA,NA,NA,0.550,0.795,0.550,69,101,101,NA,4381,15, 39,42.155, 65,31,1,22,1,19,1,9,1,76,1,73,1,1,1,1,1,16,13,11,11,NA,NA,NA,NA,NA,NA,NA,NA,NA,NA,NA,NA,NA,NA,NA,NA,NA,NA,NA,NA,NA,NA,NA,NA,NA,NA,NA,NA,NA,NA,NA,NA,NA,NA,NA,NA,NA,NA,NA,NA,NA,NA,NA,NA,NA,NA,NA,NA
ImmortalsOfAveum-Win64-Shipping.exe,NVIDIA GeForce RTX 4060 Ti,12th Gen Intel(R) Core(TM) i7-12700,3840x2160,D3D12,0,20336,0x0000000063F0AD60,0,0,Hardware Composed: Independent Flip,0,4544.489037,16.930,15.756,0.192,2.147,2.204,0.127,NA,2775,9001,61,52,NA,NA,NA,NA,NA,NA,0.584,0.846,0.584,69,101,101,NA,4381,15, 39,42.155, 65,31,1,22,1,19,1,9,1,76,1,73,1,1,1,1,1,16,13,11,11,NA,NA,NA,NA,NA,NA,NA,NA,NA,NA,NA,NA,NA,NA,NA,NA,NA,NA,NA,NA,NA,NA,NA,NA,NA,NA,NA,NA,NA,NA,NA,NA,NA,NA,NA,NA,NA,NA,NA,NA,NA,NA,NA,NA,NA,NA,NA,NA
ImmortalsOfAveum-Win64-Shipping.exe,NVIDIA GeForce RTX 4060 Ti,12th Gen Intel(R) Core(TM) i7-12700,3840x2160,D3D12,0,20336,0x0000000063F0AD60,0,0,Hardware Composed: Independent Flip,0,4544.504961,15.924,15.970,0.148,0.540,2.250,0.034,NA,2775,9001,61,52,NA,NA,NA,NA,NA,NA,0.621,0.899,0.621,69,101,101,NA,4381,15, 39,42.155, 65,31,1,22,1,19,1,9,1,76,1,73,1,1,1,1,1,16,13,11,11,NA,NA,NA,NA,NA,NA,NA,NA,NA,NA,NA,NA,NA,NA,NA,NA,NA,NA,NA,NA,NA,NA,NA,NA,NA,NA,NA,NA,NA,NA,NA,NA,NA,NA,NA,NA,NA,NA,NA,NA,NA,NA,NA,NA,NA,NA,NA,NA
ImmortalsOfAveum-Win64-Shipping.exe,NVIDIA GeForce RTX 4060 Ti,12th Gen Intel(R) Core(TM) i7-12700,3840x2160,D3D12,0,20336,0x0000000063F0AD60,0,0,Hardware Composed: Independent Flip,0,4544.522055,17.094,16.644,0.221,1.788,1.800,0.105,NA,2775,9001,61,52,NA,NA,NA,NA,NA,NA,0.579,0.837,0.579,69,101,101,NA,4381,15, 39,42.155, 65,31,1,22,1,19,1,9,1,76,1,73,1,1,1,1,1,16,13,11,11,NA,NA,NA,NA,NA,NA,NA,NA,NA,NA,NA,NA,NA,NA,NA,NA,NA,NA,NA,NA,NA,NA,NA,NA,NA,NA,NA,NA,NA,NA,NA,NA,NA,NA,NA,NA,NA,NA,NA,NA,NA,NA,NA,NA,NA,NA,NA,NA
ImmortalsOfAveum-Win64-Shipping.exe,NVIDIA GeForce RTX 4060 Ti,12th Gen Intel(R) Core(TM) i7-12700,3840x2160,D3D12,0,20336,0x0000000063F0AD60,0,0,Hardware Composed: Independent Flip,0,4544.537809,15.754,16.044,0.195,0.491,2.090,0.031,NA,2775,9001,61,52,NA,NA,NA,NA,NA,NA,0.628,0.909,0.628,69,101,101,NA,4381,15, 39,42.155, 65,31,1,22,1,19,1,9,1,76,1,73,1,1,1,1,1,16,13,11,11,NA,NA,NA,NA,NA,NA,NA,NA,NA,NA,NA,NA,NA,NA,NA,NA,NA,NA,NA,NA,NA,NA,NA,NA,NA,NA,NA,NA,NA,NA,NA,NA,NA,NA,NA,NA,NA,NA,NA,NA,NA,NA,NA,NA,NA,NA,NA,NA
ImmortalsOfAveum-Win64-Shipping.exe,NVIDIA GeForce RTX 4060 Ti,12th Gen Intel(R) Core(TM) i7-12700,3840x2160,D3D12,0,20336,0x0000000063F0AD60,0,0,Hardware Composed: Independent Flip,0,4544.554411,16.602,17.120,0.193,2.550,2.608,0.154,NA,2775,9001,61,52,NA,NA,NA,NA,NA,NA,0.596,0.862,0.596,69,101,101,NA,4381,15, 39,42.155, 65,31,1,22,1,19,1,9,1,76,1,73,1,1,1,1,1,16,13,11,11,NA,NA,NA,NA,NA,NA,NA,NA,NA,NA,NA,NA,NA,NA,NA,NA,NA,NA,NA,NA,NA,NA,NA,NA,NA,NA,NA,NA,NA,NA,NA,NA,NA,NA,NA,NA,NA,NA,NA,NA,NA,NA,NA,NA,NA,NA,NA,NA
ImmortalsOfAveum-Win64-Shipping.exe,NVIDIA GeForce RTX 4060 Ti,12th Gen Intel(R) Core(TM) i7-12700,3840x2160,D3D12,0,20336,0x0000000063F0AD60,0,0,Hardware Composed: Independent Flip,0,4544.571141,16.730,16.434,0.171,0.425,2.312,0.025,NA,2775,9001,61,52,NA,NA,NA,NA,NA,NA,0.591,0.856,0.591,69,101,101,NA,4381,15, 39,42.155, 65,31,1,22,1,19,1,9,1,76,1,73,1,1,1,1,1,16,13,11,11,NA,NA,NA,NA,NA,NA,NA,NA,NA,NA,NA,NA,NA,NA,NA,NA,NA,NA,NA,NA,NA,NA,NA,NA,NA,NA,NA,NA,NA,NA,NA,NA,NA,NA,NA,NA,NA,NA,NA,NA,NA,NA,NA,NA,NA,NA,NA,NA
ImmortalsOfAveum-Win64-Shipping.exe,NVIDIA GeForce RTX 4060 Ti,12th Gen Intel(R) Core(TM) i7-12700,3840x2160,D3D12,0,20336,0x0000000063F0AD60,0,0,Hardware Composed: Independent Flip,0,4544.588014,16.873,16.440,0.202,1.819,1.879,0.108,NA,2775,9001,61,52,NA,NA,NA,NA,NA,NA,0.586,0.848,0.586,69,101,101,NA,4381,15, 39,42.155, 65,31,1,22,1,19,1,9,1,76,1,73,1,1,1,1,1,16,13,11,11,NA,NA,NA,NA,NA,NA,NA,NA,NA,NA,NA,NA,NA,NA,NA,NA,NA,NA,NA,NA,NA,NA,NA,NA,NA,NA,NA,NA,NA,NA,NA,NA,NA,NA,NA,NA,NA,NA,NA,NA,NA,NA,NA,NA,NA,NA,NA,NA
ImmortalsOfAveum-Win64-Shipping.exe,NVIDIA GeForce RTX 4060 Ti,12th Gen Intel(R) Core(TM) i7-12700,3840x2160,D3D12,0,20336,0x0000000063F0AD60,0,0,Hardware Composed: Independent Flip,0,4544.605269,17.255,17.935,0.204,0.338,2.559,0.020,NA,2775,9001,61,52,NA,NA,NA,NA,NA,NA,0.573,0.830,0.573,69,101,101,NA,4381,15, 39,42.155, 65,31,1,22,1,19,1,9,1,76,1,73,1,1,1,1,1,16,13,11,11,NA,NA,NA,NA,NA,NA,NA,NA,NA,NA,NA,NA,NA,NA,NA,NA,NA,NA,NA,NA,NA,NA,NA,NA,NA,NA,NA,NA,NA,NA,NA,NA,NA,NA,NA,NA,NA,NA,NA,NA,NA,NA,NA,NA,NA,NA,NA,NA
ImmortalsOfAveum-Win64-Shipping.exe,NVIDIA GeForce RTX 4060 Ti,12th Gen Intel(R) Core(TM) i7-12700,3840x2160,D3D12,0,20336,0x0000000063F0AD60,0,0,Hardware Composed: Independent Flip,0,4544.622393,17.124,16.950,0.235,2.326,2.386,0.136,NA,2775,9001,61,52,NA,NA,NA,NA,NA,NA,0.578,0.836,0.578,69,101,101,NA,4381,15, 39,42.155, 65,31,1,22,1,19,1,9,1,76,1,73,1,1,1,1,1,16,13,11,11,NA,NA,NA,NA,NA,NA,NA,NA,NA,NA,NA,NA,NA,NA,NA,NA,NA,NA,NA,NA,NA,NA,NA,NA,NA,NA,NA,NA,NA,NA,NA,NA,NA,NA,NA,NA,NA,NA,NA,NA,NA,NA,NA,NA,NA,NA,NA,NA
ImmortalsOfAveum-Win64-Shipping.exe,NVIDIA GeForce RTX 4060 Ti,12th Gen Intel(R) Core(TM) i7-12700,3840x2160,D3D12,0,20336,0x0000000063F0AD60,0,0,Hardware Composed: Independent Flip,0,4544.637601,15.208,14.820,0.157,0.525,1.997,0.035,NA,2775,9001,61,52,NA,NA,NA,NA,NA,NA,0.651,0.941,0.651,69,101,101,NA,4381,15, 42,43.651, 65,31,1,22,1,19,1,9,1,76,1,73,1,1,1,1,1,16,13,11,11,NA,NA,NA,NA,NA,NA,NA,NA,NA,NA,NA,NA,NA,NA,NA,NA,NA,NA,NA,NA,NA,NA,NA,NA,NA,NA,NA,NA,NA,NA,NA,NA,NA,NA,NA,NA,NA,NA,NA,NA,NA,NA,NA,NA,NA,NA,NA,NA
ImmortalsOfAveum-Win64-Shipping.exe,NVIDIA GeForce RTX 4060 Ti,12th Gen Intel(R) Core(TM) i7-12700,3840x2160,D3D12,0,20336,0x0000000063F0AD60,0,0,Hardware Composed: Independent Flip,0,4544.654373,16.772,16.732,0.259,1.896,1.958,0.113,NA,2775,9001,61,52,NA,NA,NA,NA,NA,NA,0.590,0.854,0.590,69,101,101,NA,4381,15, 42,43.651, 65,31,1,22,1,19,1,9,1,76,1,73,1,1,1,1,1,16,13,11,11,NA,NA,NA,NA,NA,NA,NA,NA,NA,NA,NA,NA,NA,NA,NA,NA,NA,NA,NA,NA,NA,NA,NA,NA,NA,NA,NA,NA,NA,NA,NA,NA,NA,NA,NA,NA,NA,NA,NA,NA,NA,NA,NA,NA,NA,NA,NA,NA
ImmortalsOfAveum-Win64-Shipping.exe,NVIDIA GeForce RTX 4060 Ti,12th Gen Intel(R) Core(TM) i7-12700,3840x2160,D3D12,0,20336,0x0000000063F0AD60,0,0,Hardware Composed: Independent Flip,0,4544.672775,18.403,19.331,0.172,0.351,2.886,0.019,NA,2775,9001,61,52,NA,NA,NA,NA,NA,NA,0.538,0.778,0.538,69,101,101,NA,4381,15, 42,43.651, 65,31,1,22,1,19,1,9,1,76,1,73,1,1,1,1,1,16,13,11,11,NA,NA,NA,NA,NA,NA,NA,NA,NA,NA,NA,NA,NA,NA,NA,NA,NA,NA,NA,NA,NA,NA,NA,NA,NA,NA,NA,NA,NA,NA,NA,NA,NA,NA,NA,NA,NA,NA,NA,NA,NA,NA,NA,NA,NA,NA,NA,NA
ImmortalsOfAveum-Win64-Shipping.exe,NVIDIA GeForce RTX 4060 Ti,12th Gen Intel(R) Core(TM) i7-12700,3840x2160,D3D12,0,20336,0x0000000063F0AD60,0,0,Hardware Composed: Independent Flip,0,4544.689899,17.123,16.228,0.238,1.976,1.991,0.115,NA,2775,9001,61,52,NA,NA,NA,NA,NA,NA,0.578,0.836,0.578,69,101,101,NA,4381,15, 42,43.651, 65,31,1,22,1,19,1,9,1,76,1,73,1,1,1,1,1,16,13,11,11,NA,NA,NA,NA,NA,NA,NA,NA,NA,NA,NA,NA,NA,NA,NA,NA,NA,NA,NA,NA,NA,NA,NA,NA,NA,NA,NA,NA,NA,NA,NA,NA,NA,NA,NA,NA,NA,NA,NA,NA,NA,NA,NA,NA,NA,NA,NA,NA
ImmortalsOfAveum-Win64-Shipping.exe,NVIDIA GeForce RTX 4060 Ti,12th Gen Intel(R) Core(TM) i7-12700,3840x2160,D3D12,0,20336,0x0000000063F0AD60,0,0,Hardware Composed: Independent Flip,0,4544.705714,15.816,15.585,0.153,0.539,1.760,0.034,NA,2775,9001,61,52,NA,NA,NA,NA,NA,NA,0.626,0.905,0.626,69,101,101,NA,4381,15, 42,43.651, 65,31,1,22,1,19,1,9,1,76,1,73,1,1,1,1,1,16,13,11,11,NA,NA,NA,NA,NA,NA,NA,NA,NA,NA,NA,NA,NA,NA,NA,NA,NA,NA,NA,NA,NA,NA,NA,NA,NA,NA,NA,NA,NA,NA,NA,NA,NA,NA,NA,NA,NA,NA,NA,NA,NA,NA,NA,NA,NA,NA,NA,NA
ImmortalsOfAveum-Win64-Shipping.exe,NVIDIA GeForce RTX 4060 Ti,12th Gen Intel(R) Core(TM) i7-12700,3840x2160,D3D12,0,20336,0x0000000063F0AD60,0,0,Hardware Composed: Independent Flip,0,4544.722993,17.279,17.991,0.237,2.407,2.471,0.139,NA,2775,9001,61,52,NA,NA,NA,NA,NA,NA,0.573,0.829,0.573,69,101,101,NA,4381,15, 42,43.651, 65,31,1,22,1,19,1,9,1,76,1,73,1,1,1,1,1,16,13,11,11,NA,NA,NA,NA,NA,NA,NA,NA,NA,NA,NA,NA,NA,NA,NA,NA,NA,NA,NA,NA,NA,NA,NA,NA,NA,NA,NA,NA,NA,NA,NA,NA,NA,NA,NA,NA,NA,NA,NA,NA,NA,NA,NA,NA,NA,NA,NA,NA
ImmortalsOfAveum-Win64-Shipping.exe,NVIDIA GeForce RTX 4060 Ti,12th Gen Intel(R) Core(TM) i7-12700,3840x2160,D3D12,0,20336,0x0000000063F0AD60,0,0,Hardware Composed: Independent Flip,0,4544.738277,15.283,14.885,0.145,0.546,2.073,0.036,NA,2775,9001,61,52,NA,NA,NA,NA,NA,NA,0.647,0.937,0.647,69,101,101,NA,4381,15, 42,43.651, 65,31,1,22,1,19,1,9,1,76,1,73,1,1,1,1,1,16,13,11,11,NA,NA,NA,NA,NA,NA,NA,NA,NA,NA,NA,NA,NA,NA,NA,NA,NA,NA,NA,NA,NA,NA,NA,NA,NA,NA,NA,NA,NA,NA,NA,NA,NA,NA,NA,NA,NA,NA,NA,NA,NA,NA,NA,NA,NA,NA,NA,NA
ImmortalsOfAveum-Win64-Shipping.exe,NVIDIA GeForce RTX 4060 Ti,12th Gen Intel(R) Core(TM) i7-12700,3840x2160,D3D12,0,20336,0x0000000063F0AD60,0,0,Hardware Composed: Independent Flip,0,4544.754886,16.609,16.461,0.198,1.864,1.925,0.112,NA,2775,9001,61,52,NA,NA,NA,NA,NA,NA,0.596,0.862,0.596,69,101,101,NA,4381,15, 42,43.651, 65,31,1,22,1,19,1,9,1,76,1,73,1,1,1,1,1,16,13,11,11,NA,NA,NA,NA,NA,NA,NA,NA,NA,NA,NA,NA,NA,NA,NA,NA,NA,NA,NA,NA,NA,NA,NA,NA,NA,NA,NA,NA,NA,NA,NA,NA,NA,NA,NA,NA,NA,NA,NA,NA,NA,NA,NA,NA,NA,NA,NA,NA
ImmortalsOfAveum-Win64-Shipping.exe,NVIDIA GeForce RTX 4060 Ti,12th Gen Intel(R) Core(TM) i7-12700,3840x2160,D3D12,0,20336,0x0000000063F0AD60,0,0,Hardware Composed: Independent Flip,0,4544.772218,17.332,18.782,0.181,0.354,3.375,0.020,NA,2775,9001,61,52,NA,NA,NA,NA,NA,NA,0.571,0.826,0.571,69,101,101,NA,4381,15, 42,43.651, 65,31,1,22,1,19,1,9,1,76,1,73,1,1,1,1,1,16,13,11,11,NA,NA,NA,NA,NA,NA,NA,NA,NA,NA,NA,NA,NA,NA,NA,NA,NA,NA,NA,NA,NA,NA,NA,NA,NA,NA,NA,NA,NA,NA,NA,NA,NA,NA,NA,NA,NA,NA,NA,NA,NA,NA,NA,NA,NA,NA,NA,NA
ImmortalsOfAveum-Win64-Shipping.exe,NVIDIA GeForce RTX 4060 Ti,12th Gen Intel(R) Core(TM) i7-12700,3840x2160,D3D12,0,20336,0x0000000063F0AD60,0,0,Hardware Composed: Independent Flip,0,4544.789154,16.936,15.582,0.225,2.009,2.022,0.119,NA,2775,9001,61,52,NA,NA,NA,NA,NA,NA,0.584,0.845,0.584,69,101,101,NA,4381,15, 42,43.651, 65,31,1,22,1,19,1,9,1,76,1,73,1,1,1,1,1,16,13,11,11,NA,NA,NA,NA,NA,NA,NA,NA,NA,NA,NA,NA,NA,NA,NA,NA,NA,NA,NA,NA,NA,NA,NA,NA,NA,NA,NA,NA,NA,NA,NA,NA,NA,NA,NA,NA,NA,NA,NA,NA,NA,NA,NA,NA,NA,NA,NA,NA
ImmortalsOfAveum-Win64-Shipping.exe,NVIDIA GeForce RTX 4060 Ti,12th Gen Intel(R) Core(TM) i7-12700,3840x2160,D3D12,0,20336,0x0000000063F0AD60,0,0,Hardware Composed: Independent Flip,0,4544.805052,15.898,16.343,0.154,0.561,2.467,0.035,NA,2775,9001,61,52,NA,NA,NA,NA,NA,NA,0.622,0.901,0.622,69,101,101,NA,4381,15, 42,43.651, 65,31,1,22,1,19,1,9,1,76,1,73,1,1,1,1,1,16,13,11,11,NA,NA,NA,NA,NA,NA,NA,NA,NA,NA,NA,NA,NA,NA,NA,NA,NA,NA,NA,NA,NA,NA,NA,NA,NA,NA,NA,NA,NA,NA,NA,NA,NA,NA,NA,NA,NA,NA,NA,NA,NA,NA,NA,NA,NA,NA,NA,NA
ImmortalsOfAveum-Win64-Shipping.exe,NVIDIA GeForce RTX 4060 Ti,12th Gen Intel(R) Core(TM) i7-12700,3840x2160,D3D12,0,20336,0x0000000063F0AD60,0,0,Hardware Composed: Independent Flip,0,4544.822027,16.975,16.442,0.236,1.874,1.933,0.110,NA,2775,9001,61,52,NA,NA,NA,NA,NA,NA,0.583,0.843,0.583,69,101,101,NA,4381,15, 42,43.651, 65,31,1,22,1,19,1,9,1,76,1,73,1,1,1,1,1,16,13,11,11,NA,NA,NA,NA,NA,NA,NA,NA,NA,NA,NA,NA,NA,NA,NA,NA,NA,NA,NA,NA,NA,NA,NA,NA,NA,NA,NA,NA,NA,NA,NA,NA,NA,NA,NA,NA,NA,NA,NA,NA,NA,NA,NA,NA,NA,NA,NA,NA
ImmortalsOfAveum-Win64-Shipping.exe,NVIDIA GeForce RTX 4060 Ti,12th Gen Intel(R) Core(TM) i7-12700,3840x2160,D3D12,0,20336,0x0000000063F0AD60,0,0,Hardware Composed: Independent Flip,0,4544.838261,16.234,16.170,0.159,0.359,1.870,0.022,NA,2775,9001,61,52,NA,NA,NA,NA,NA,NA,0.610,0.882,0.610,69,101,101,NA,4381,15, 40,41.357, 65,31,1,22,1,19,1,9,1,76,1,73,1,1,1,1,1,16,13,11,11,NA,NA,NA,NA,NA,NA,NA,NA,NA,NA,NA,NA,NA,NA,NA,NA,NA,NA,NA,NA,NA,NA,NA,NA,NA,NA,NA,NA,NA,NA,NA,NA,NA,NA,NA,NA,NA,NA,NA,NA,NA,NA,NA,NA,NA,NA,NA,NA
ImmortalsOfAveum-Win64-Shipping.exe,NVIDIA GeForce RTX 4060 Ti,12th Gen Intel(R) Core(TM) i7-12700,3840x2160,D3D12,0,20336,0x0000000063F0AD60,0,0,Hardware Composed: Independent Flip,0,4544.855039,16.778,17.403,0.241,2.423,2.495,0.144,NA,2775,9001,61,52,NA,NA,NA,NA,NA,NA,0.590,0.853,0.590,69,101,101,NA,4381,15, 40,41.357, 65,31,1,22,1,19,1,9,1,76,1,73,1,1,1,1,1,16,13,11,11,NA,NA,NA,NA,NA,NA,NA,NA,NA,NA,NA,NA,NA,NA,NA,NA,NA,NA,NA,NA,NA,NA,NA,NA,NA,NA,NA,NA,NA,NA,NA,NA,NA,NA,NA,NA,NA,NA,NA,NA,NA,NA,NA,NA,NA,NA,NA,NA
ImmortalsOfAveum-Win64-Shipping.exe,NVIDIA GeForce RTX 4060 Ti,12th Gen Intel(R) Core(TM) i7-12700,3840x2160,D3D12,0,20336,0x0000000063F0AD60,0,0,Hardware Composed: Independent Flip,0,4544.871408,16.370,16.078,0.151,0.558,2.203,0.034,NA,2775,9001,61,52,NA,NA,NA,NA,NA,NA,0.604,0.875,0.604,69,101,101,NA,4381,15, 40,41.357, 65,31,1,22,1,19,1,9,1,76,1,73,1,1,1,1,1,16,13,11,11,NA,NA,NA,NA,NA,NA,NA,NA,NA,NA,NA,NA,NA,NA,NA,NA,NA,NA,NA,NA,NA,NA,NA,NA,NA,NA,NA,NA,NA,NA,NA,NA,NA,NA,NA,NA,NA,NA,NA,NA,NA,NA,NA,NA,NA,NA,NA,NA
ImmortalsOfAveum-Win64-Shipping.exe,NVIDIA GeForce RTX 4060 Ti,12th Gen Intel(R) Core(TM) i7-12700,3840x2160,D3D12,0,20336,0x0000000063F0AD60,0,0,Hardware Composed: Independent Flip,0,4544.888266,16.857,16.470,0.222,1.757,1.816,0.104,NA,2775,9001,61,52,NA,NA,NA,NA,NA,NA,0.587,0.849,0.587,69,101,101,NA,4381,15, 40,41.357, 65,31,1,22,1,19,1,9,1,76,1,73,1,1,1,1,1,16,13,11,11,NA,NA,NA,NA,NA,NA,NA,NA,NA,NA,NA,NA,NA,NA,NA,NA,NA,NA,NA,NA,NA,NA,NA,NA,NA,NA,NA,NA,NA,NA,NA,NA,NA,NA,NA,NA,NA,NA,NA,NA,NA,NA,NA,NA,NA,NA,NA,NA
ImmortalsOfAveum-Win64-Shipping.exe,NVIDIA GeForce RTX 4060 Ti,12th Gen Intel(R) Core(TM) i7-12700,3840x2160,D3D12,0,20336,0x0000000063F0AD60,0,0,Hardware Composed: Independent Flip,0,4544.905549,17.283,18.105,0.157,0.350,2.638,0.020,NA,2775,9001,61,52,NA,NA,NA,NA,NA,NA,0.573,0.828,0.573,69,101,101,NA,4381,15, 40,41.357, 65,31,1,22,1,19,1,9,1,76,1,73,1,1,1,1,1,16,13,11,11,NA,NA,NA,NA,NA,NA,NA,NA,NA,NA,NA,NA,NA,NA,NA,NA,NA,NA,NA,NA,NA,NA,NA,NA,NA,NA,NA,NA,NA,NA,NA,NA,NA,NA,NA,NA,NA,NA,NA,NA,NA,NA,NA,NA,NA,NA,NA,NA
ImmortalsOfAveum-Win64-Shipping.exe,NVIDIA GeForce RTX 4060 Ti,12th Gen Intel(R) Core(TM) i7-12700,3840x2160,D3D12,0,20336,0x0000000063F0AD60,0,0,Hardware Composed: Independent Flip,0,4544.922629,17.079,15.937,0.178,1.474,1.495,0.086,NA,2775,9001,61,52,NA,NA,NA,NA,NA,NA,0.579,0.838,0.579,69,101,101,NA,4381,15, 40,41.357, 65,31,1,22,1,19,1,9,1,76,1,73,1,1,1,1,1,16,13,11,11,NA,NA,NA,NA,NA,NA,NA,NA,NA,NA,NA,NA,NA,NA,NA,NA,NA,NA,NA,NA,NA,NA,NA,NA,NA,NA,NA,NA,NA,NA,NA,NA,NA,NA,NA,NA,NA,NA,NA,NA,NA,NA,NA,NA,NA,NA,NA,NA
ImmortalsOfAveum-Win64-Shipping.exe,NVIDIA GeForce RTX 4060 Ti,12th Gen Intel(R) Core(TM) i7-12700,3840x2160,D3D12,0,20336,0x0000000063F0AD60,0,0,Hardware Composed: Independent Flip,0,4544.937985,15.356,15.856,0.148,0.531,1.995,0.035,NA,2775,9001,61,52,NA,NA,NA,NA,NA,NA,0.644,0.932,0.644,69,101,101,NA,4381,15, 40,41.357, 65,31,1,22,1,19,1,9,1,76,1,73,1,1,1,1,1,16,13,11,11,NA,NA,NA,NA,NA,NA,NA,NA,NA,NA,NA,NA,NA,NA,NA,NA,NA,NA,NA,NA,NA,NA,NA,NA,NA,NA,NA,NA,NA,NA,NA,NA,NA,NA,NA,NA,NA,NA,NA,NA,NA,NA,NA,NA,NA,NA,NA,NA
ImmortalsOfAveum-Win64-Shipping.exe,NVIDIA GeForce RTX 4060 Ti,12th Gen Intel(R) Core(TM) i7-12700,3840x2160,D3D12,0,20336,0x0000000063F0AD60,0,0,Hardware Composed: Independent Flip,0,4544.954887,16.902,17.258,0.244,2.288,2.350,0.135,NA,2775,9001,61,52,NA,NA,NA,NA,NA,NA,0.585,0.847,0.585,69,101,101,NA,4381,15, 40,41.357, 65,31,1,22,1,19,1,9,1,76,1,73,1,1,1,1,1,16,13,11,11,NA,NA,NA,NA,NA,NA,NA,NA,NA,NA,NA,NA,NA,NA,NA,NA,NA,NA,NA,NA,NA,NA,NA,NA,NA,NA,NA,NA,NA,NA,NA,NA,NA,NA,NA,NA,NA,NA,NA,NA,NA,NA,NA,NA,NA,NA,NA,NA
ImmortalsOfAveum-Win64-Shipping.exe,NVIDIA GeForce RTX 4060 Ti,12th Gen Intel(R) Core(TM) i7-12700,3840x2160,D3D12,0,20336,0x0000000063F0AD60,0,0,Hardware Composed: Independent Flip,0,4544.972671,17.784,17.270,0.189,0.356,1.836,0.020,NA,2775,9001,62,52,NA,NA,NA,NA,NA,NA,0.558,0.807,0.558,69,100,100,NA,4360,13, 40,41.357, 65,28,0,18,0,13,0,10,0,72,0,77,0,2,0,0,0,13,10,8,8,NA,NA,NA,NA,NA,NA,NA,NA,NA,NA,NA,NA,NA,NA,NA,NA,NA,NA,NA,NA,NA,NA,NA,NA,NA,NA,NA,NA,NA,NA,NA,NA,NA,NA,NA,NA,NA,NA,NA,NA,NA,NA,NA,NA,NA,NA,NA,NA
ImmortalsOfAveum-Win64-Shipping.exe,NVIDIA GeForce RTX 4060 Ti,12th Gen Intel(R) Core(TM) i7-12700,3840x2160,D3D12,0,20336,0x0000000063F0AD60,0,0,Hardware Composed: Independent Flip,0,4544.989674,17.004,17.751,0.286,2.520,2.583,0.148,NA,2775,9001,62,52,NA,NA,NA,NA,NA,NA,0.583,0.844,0.583,69,100,100,NA,4360,13, 40,41.357, 65,28,0,18,0,13,0,10,0,72,0,77,0,2,0,0,0,13,10,8,8,NA,NA,NA,NA,NA,NA,NA,NA,NA,NA,NA,NA,NA,NA,NA,NA,NA,NA,NA,NA,NA,NA,NA,NA,NA,NA,NA,NA,NA,NA,NA,NA,NA,NA,NA,NA,NA,NA,NA,NA,NA,NA,NA,NA,NA,NA,NA,NA
ImmortalsOfAveum-Win64-Shipping.exe,NVIDIA GeForce RTX 4060 Ti,12th Gen Intel(R) Core(TM) i7-12700,3840x2160,D3D12,0,20336,0x0000000063F0AD60,0,0,Hardware Composed: Independent Flip,0,4545.005067,15.392,14.806,0.239,0.531,1.997,0.035,NA,2775,9001,62,52,NA,NA,NA,NA,NA,NA,0.644,0.933,0.644,69,100,100,NA,4360,13, 40,41.357, 65,28,0,18,0,13,0,10,0,72,0,77,0,2,0,0,0,13,10,8,8,NA,NA,NA,NA,NA,NA,NA,NA,NA,NA,NA,NA,NA,NA,NA,NA,NA,NA,NA,NA,NA,NA,NA,NA,NA,NA,NA,NA,NA,NA,NA,NA,NA,NA,NA,NA,NA,NA,NA,NA,NA,NA,NA,NA,NA,NA,NA,NA
ImmortalsOfAveum-Win64-Shipping.exe,NVIDIA GeForce RTX 4060 Ti,12th Gen Intel(R) Core(TM) i7-12700,3840x2160,D3D12,0,20336,0x0000000063F0AD60,0,0,Hardware Composed: Independent Flip,0,4545.022074,17.007,17.001,0.248,1.934,1.991,0.114,NA,2775,9001,62,52,NA,NA,NA,NA,NA,NA,0.583,0.844,0.583,69,100,100,NA,4360,13, 40,41.357, 65,28,0,18,0,13,0,10,0,72,0,77,0,2,0,0,0,13,10,8,8,NA,NA,NA,NA,NA,NA,NA,NA,NA,NA,NA,NA,NA,NA,NA,NA,NA,NA,NA,NA,NA,NA,NA,NA,NA,NA,NA,NA,NA,NA,NA,NA,NA,NA,NA,NA,NA,NA,NA,NA,NA,NA,NA,NA,NA,NA,NA,NA
ImmortalsOfAveum-Win64-Shipping.exe,NVIDIA GeForce RTX 4060 Ti,12th Gen Intel(R) Core(TM) i7-12700,3840x2160,D3D12,0,20336,0x0000000063F0AD60,0,0,Hardware Composed: Independent Flip,0,4545.038482,16.408,17.706,0.173,0.356,3.289,0.022,NA,2775,9001,62,52,NA,NA,NA,NA,NA,NA,0.604,0.875,0.604,69,100,100,NA,4360,13, 40,41.799, 65,28,0,18,0,13,0,10,0,72,0,77,0,2,0,0,0,13,10,8,8,NA,NA,NA,NA,NA,NA,NA,NA,NA,NA,NA,NA,NA,NA,NA,NA,NA,NA,NA,NA,NA,NA,NA,NA,NA,NA,NA,NA,NA,NA,NA,NA,NA,NA,NA,NA,NA,NA,NA,NA,NA,NA,NA,NA,NA,NA,NA,NA
ImmortalsOfAveum-Win64-Shipping.exe,NVIDIA GeForce RTX 4060 Ti,12th Gen Intel(R) Core(TM) i7-12700,3840x2160,D3D12,0,20336,0x0000000063F0AD60,0,0,Hardware Composed: Independent Flip,0,4545.055157,16.676,15.652,0.266,2.207,2.266,0.132,NA,2775,9001,62,52,NA,NA,NA,NA,NA,NA,0.595,0.861,0.595,69,100,100,NA,4360,13, 40,41.799, 65,28,0,18,0,13,0,10,0,72,0,77,0,2,0,0,0,13,10,8,8,NA,NA,NA,NA,NA,NA,NA,NA,NA,NA,NA,NA,NA,NA,NA,NA,NA,NA,NA,NA,NA,NA,NA,NA,NA,NA,NA,NA,NA,NA,NA,NA,NA,NA,NA,NA,NA,NA,NA,NA,NA,NA,NA,NA,NA,NA,NA,NA
ImmortalsOfAveum-Win64-Shipping.exe,NVIDIA GeForce RTX 4060 Ti,12th Gen Intel(R) Core(TM) i7-12700,3840x2160,D3D12,0,20336,0x0000000063F0AD60,0,0,Hardware Composed: Independent Flip,0,4545.071128,15.971,16.839,0.141,0.553,3.134,0.035,NA,2775,9001,62,52,NA,NA,NA,NA,NA,NA,0.621,0.899,0.621,69,100,100,NA,4360,13, 40,41.799, 65,28,0,18,0,13,0,10,0,72,0,77,0,2,0,0,0,13,10,8,8,NA,NA,NA,NA,NA,NA,NA,NA,NA,NA,NA,NA,NA,NA,NA,NA,NA,NA,NA,NA,NA,NA,NA,NA,NA,NA,NA,NA,NA,NA,NA,NA,NA,NA,NA,NA,NA,NA,NA,NA,NA,NA,NA,NA,NA,NA,NA,NA
ImmortalsOfAveum-Win64-Shipping.exe,NVIDIA GeForce RTX 4060 Ti,12th Gen Intel(R) Core(TM) i7-12700,3840x2160,D3D12,0,20336,0x0000000063F0AD60,0,0,Hardware Composed: Independent Flip,0,4545.087912,16.784,16.189,0.275,2.482,2.539,0.148,NA,2775,9001,62,52,NA,NA,NA,NA,NA,NA,0.591,0.855,0.591,69,100,100,NA,4360,13, 40,41.799, 65,28,0,18,0,13,0,10,0,72,0,77,0,2,0,0,0,13,10,8,8,NA,NA,NA,NA,NA,NA,NA,NA,NA,NA,NA,NA,NA,NA,NA,NA,NA,NA,NA,NA,NA,NA,NA,NA,NA,NA,NA,NA,NA,NA,NA,NA,NA,NA,NA,NA,NA,NA,NA,NA,NA,NA,NA,NA,NA,NA,NA,NA
ImmortalsOfAveum-Win64-Shipping.exe,NVIDIA GeForce RTX 4060 Ti,12th Gen Intel(R) Core(TM) i7-12700,3840x2160,D3D12,0,20336,0x0000000063F0AD60,0,0,Hardware Composed: Independent Flip,0,4545.104200,16.288,16.265,0.138,0.538,2.516,0.033,NA,2775,9001,62,52,NA,NA,NA,NA,NA,NA,0.609,0.881,0.609,69,100,100,NA,4360,13, 40,41.799, 65,28,0,18,0,13,0,10,0,72,0,77,0,2,0,0,0,13,10,8,8,NA,NA,NA,NA,NA,NA,NA,NA,NA,NA,NA,NA,NA,NA,NA,NA,NA,NA,NA,NA,NA,NA,NA,NA,NA,NA,NA,NA,NA,NA,NA,NA,NA,NA,NA,NA,NA,NA,NA,NA,NA,NA,NA,NA,NA,NA,NA,NA
ImmortalsOfAveum-Win64-Shipping.exe,NVIDIA GeForce RTX 4060 Ti,12th Gen Intel(R) Core(TM) i7-12700,3840x2160,D3D12,0,20336,0x0000000063F0AD60,0,0,Hardware Composed: Independent Flip,0,4545.120881,16.681,16.112,0.200,1.887,1.947,0.113,NA,2775,9001,62,52,NA,NA,NA,NA,NA,NA,0.594,0.860,0.594,69,100,100,NA,4360,13, 40,41.799, 65,28,0,18,0,13,0,10,0,72,0,77,0,2,0,0,0,13,10,8,8,NA,NA,NA,NA,NA,NA,NA,NA,NA,NA,NA,NA,NA,NA,NA,NA,NA,NA,NA,NA,NA,NA,NA,NA,NA,NA,NA,NA,NA,NA,NA,NA,NA,NA,NA,NA,NA,NA,NA,NA,NA,NA,NA,NA,NA,NA,NA,NA
ImmortalsOfAveum-Win64-Shipping.exe,NVIDIA GeForce RTX 4060 Ti,12th Gen Intel(R) Core(TM) i7-12700,3840x2160,D3D12,0,20336,0x0000000063F0AD60,0,0,Hardware Composed: Independent Flip,0,4545.138143,17.262,17.594,0.153,0.348,2.279,0.020,NA,2775,9001,62,52,NA,NA,NA,NA,NA,NA,0.574,0.832,0.574,69,100,100,NA,4360,13, 40,41.799, 65,28,0,18,0,13,0,10,0,72,0,77,0,2,0,0,0,13,10,8,8,NA,NA,NA,NA,NA,NA,NA,NA,NA,NA,NA,NA,NA,NA,NA,NA,NA,NA,NA,NA,NA,NA,NA,NA,NA,NA,NA,NA,NA,NA,NA,NA,NA,NA,NA,NA,NA,NA,NA,NA,NA,NA,NA,NA,NA,NA,NA,NA
ImmortalsOfAveum-Win64-Shipping.exe,NVIDIA GeForce RTX 4060 Ti,12th Gen Intel(R) Core(TM) i7-12700,3840x2160,D3D12,0,20336,0x0000000063F0AD60,0,0,Hardware Composed: Independent Flip,0,4545.155252,17.108,16.483,0.263,1.587,1.654,0.093,NA,2775,9001,62,52,NA,NA,NA,NA,NA,NA,0.580,0.839,0.580,69,100,100,NA,4360,13, 40,41.799, 65,28,0,18,0,13,0,10,0,72,0,77,0,2,0,0,0,13,10,8,8,NA,NA,NA,NA,NA,NA,NA,NA,NA,NA,NA,NA,NA,NA,NA,NA,NA,NA,NA,NA,NA,NA,NA,NA,NA,NA,NA,NA,NA,NA,NA,NA,NA,NA,NA,NA,NA,NA,NA,NA,NA,NA,NA,NA,NA,NA,NA,NA
ImmortalsOfAveum-Win64-Shipping.exe,NVIDIA GeForce RTX 4060 Ti,12th Gen Intel(R) Core(TM) i7-12700,3840x2160,D3D12,0,20336,0x0000000063F0AD60,0,0,Hardware Composed: Independent Flip,0,4545.171519,16.267,16.144,0.194,0.345,1.531,0.021,NA,2775,9001,62,52,NA,NA,NA,NA,NA,NA,0.610,0.882,0.610,69,100,100,NA,4360,13, 40,41.799, 65,28,0,18,0,13,0,10,0,72,0,77,0,2,0,0,0,13,10,8,8,NA,NA,NA,NA,NA,NA,NA,NA,NA,NA,NA,NA,NA,NA,NA,NA,NA,NA,NA,NA,NA,NA,NA,NA,NA,NA,NA,NA,NA,NA,NA,NA,NA,NA,NA,NA,NA,NA,NA,NA,NA,NA,NA,NA,NA,NA,NA,NA
ImmortalsOfAveum-Win64-Shipping.exe,NVIDIA GeForce RTX 4060 Ti,12th Gen Intel(R) Core(TM) i7-12700,3840x2160,D3D12,0,20336,0x0000000063F0AD60,0,0,Hardware Composed: Independent Flip,0,4545.188646,17.128,17.772,0.251,2.111,2.176,0.123,NA,2775,9001,62,52,NA,NA,NA,NA,NA,NA,0.579,0.838,0.579,69,100,100,NA,4360,13, 40,41.799, 65,28,0,18,0,13,0,10,0,72,0,77,0,2,0,0,0,13,10,8,8,NA,NA,NA,NA,NA,NA,NA,NA,NA,NA,NA,NA,NA,NA,NA,NA,NA,NA,NA,NA,NA,NA,NA,NA,NA,NA,NA,NA,NA,NA,NA,NA,NA,NA,NA,NA,NA,NA,NA,NA,NA,NA,NA,NA,NA,NA,NA,NA
ImmortalsOfAveum-Win64-Shipping.exe,NVIDIA GeForce RTX 4060 Ti,12th Gen Intel(R) Core(TM) i7-12700,3840x2160,D3D12,0,20336,0x0000000063F0AD60,0,0,Hardware Composed: Independent Flip,0,4545.206270,17.623,17.133,0.169,0.348,1.686,0.020,NA,2775,9001,62,52,NA,NA,NA,NA,NA,NA,0.563,0.814,0.563,69,100,100,NA,4360,13, 40,41.799, 65,28,0,18,0,13,0,10,0,72,0,77,0,2,0,0,0,13,10,8,8,NA,NA,NA,NA,NA,NA,NA,NA,NA,NA,NA,NA,NA,NA,NA,NA,NA,NA,NA,NA,NA,NA,NA,NA,NA,NA,NA,NA,NA,NA,NA,NA,NA,NA,NA,NA,NA,NA,NA,NA,NA,NA,NA,NA,NA,NA,NA,NA
ImmortalsOfAveum-Win64-Shipping.exe,NVIDIA GeForce RTX 4060 Ti,12th Gen Intel(R) Core(TM) i7-12700,3840x2160,D3D12,0,20336,0x0000000063F0AD60,0,0,Hardware Composed: Independent Flip,0,4545.223535,17.265,17.535,0.200,1.888,1.955,0.109,NA,2775,9001,62,52,NA,NA,NA,NA,NA,NA,0.574,0.831,0.574,69,100,100,NA,4360,13, 40,41.799, 65,28,0,18,0,13,0,10,0,72,0,77,0,2,0,0,0,13,10,8,8,NA,NA,NA,NA,NA,NA,NA,NA,NA,NA,NA,NA,NA,NA,NA,NA,NA,NA,NA,NA,NA,NA,NA,NA,NA,NA,NA,NA,NA,NA,NA,NA,NA,NA,NA,NA,NA,NA,NA,NA,NA,NA,NA,NA,NA,NA,NA,NA
ImmortalsOfAveum-Win64-Shipping.exe,NVIDIA GeForce RTX 4060 Ti,12th Gen Intel(R) Core(TM) i7-12700,3840x2160,D3D12,0,20336,0x0000000063F0AD60,0,0,Hardware Composed: Independent Flip,0,4545.238949,15.415,15.459,0.164,0.350,2.000,0.023,NA,2775,9001,62,52,NA,NA,NA,NA,NA,NA,0.643,0.931,0.643,69,100,100,NA,4360,13, 40,43.827, 65,28,0,18,0,13,0,10,0,72,0,77,0,2,0,0,0,13,10,8,8,NA,NA,NA,NA,NA,NA,NA,NA,NA,NA,NA,NA,NA,NA,NA,NA,NA,NA,NA,NA,NA,NA,NA,NA,NA,NA,NA,NA,NA,NA,NA,NA,NA,NA,NA,NA,NA,NA,NA,NA,NA,NA,NA,NA,NA,NA,NA,NA
ImmortalsOfAveum-Win64-Shipping.exe,NVIDIA GeForce RTX 4060 Ti,12th Gen Intel(R) Core(TM) i7-12700,3840x2160,D3D12,0,20336,0x0000000063F0AD60,0,0,Hardware Composed: Independent Flip,0,4545.255922,16.973,18.100,0.198,2.073,3.128,0.122,NA,2775,9001,62,52,NA,NA,NA,NA,NA,NA,0.584,0.846,0.584,69,100,100,NA,4360,13, 40,43.827, 65,28,0,18,0,13,0,10,0,72,0,77,0,2,0,0,0,13,10,8,8,NA,NA,NA,NA,NA,NA,NA,NA,NA,NA,NA,NA,NA,NA,NA,NA,NA,NA,NA,NA,NA,NA,NA,NA,NA,NA,NA,NA,NA,NA,NA,NA,NA,NA,NA,NA,NA,NA,NA,NA,NA,NA,NA,NA,NA,NA,NA,NA
ImmortalsOfAveum-Win64-Shipping.exe,NVIDIA GeForce RTX 4060 Ti,12th Gen Intel(R) Core(TM) i7-12700,3840x2160,D3D12,0,20336,0x0000000063F0AD60,0,0,Hardware Composed: Independent Flip,0,4545.270658,14.736,14.836,0.137,0.544,3.228,0.037,NA,2775,9001,62,52,NA,NA,NA,NA,NA,NA,0.673,0.974,0.673,69,100,100,NA,4360,13, 40,43.827, 65,28,0,18,0,13,0,10,0,72,0,77,0,2,0,0,0,13,10,8,8,NA,NA,NA,NA,NA,NA,NA,NA,NA,NA,NA,NA,NA,NA,NA,NA,NA,NA,NA,NA,NA,NA,NA,NA,NA,NA,NA,NA,NA,NA,NA,NA,NA,NA,NA,NA,NA,NA,NA,NA,NA,NA,NA,NA,NA,NA,NA,NA
ImmortalsOfAveum-Win64-Shipping.exe,NVIDIA GeForce RTX 4060 Ti,12th Gen Intel(R) Core(TM) i7-12700,3840x2160,D3D12,0,20336,0x0000000063F0AD60,0,0,Hardware Composed: Independent Flip,0,4545.286919,16.261,15.028,0.209,1.977,1.995,0.122,NA,2775,9001,62,52,NA,NA,NA,NA,NA,NA,0.610,0.883,0.610,69,100,100,NA,4360,13, 40,43.827, 65,28,0,18,0,13,0,10,0,72,0,77,0,2,0,0,0,13,10,8,8,NA,NA,NA,NA,NA,NA,NA,NA,NA,NA,NA,NA,NA,NA,NA,NA,NA,NA,NA,NA,NA,NA,NA,NA,NA,NA,NA,NA,NA,NA,NA,NA,NA,NA,NA,NA,NA,NA,NA,NA,NA,NA,NA,NA,NA,NA,NA,NA
ImmortalsOfAveum-Win64-Shipping.exe,NVIDIA GeForce RTX 4060 Ti,12th Gen Intel(R) Core(TM) i7-12700,3840x2160,D3D12,0,20336,0x0000000063F0AD60,0,0,Hardware Composed: Independent Flip,0,4545.305293,18.374,19.601,0.170,0.345,3.221,0.019,NA,2775,9001,62,52,NA,NA,NA,NA,NA,NA,0.540,0.781,0.540,69,100,100,NA,4360,13, 40,43.827, 65,28,0,18,0,13,0,10,0,72,0,77,0,2,0,0,0,13,10,8,8,NA,NA,NA,NA,NA,NA,NA,NA,NA,NA,NA,NA,NA,NA,NA,NA,NA,NA,NA,NA,NA,NA,NA,NA,NA,NA,NA,NA,NA,NA,NA,NA,NA,NA,NA,NA,NA,NA,NA,NA,NA,NA,NA,NA,NA,NA,NA,NA
ImmortalsOfAveum-Win64-Shipping.exe,NVIDIA GeForce RTX 4060 Ti,12th Gen Intel(R) Core(TM) i7-12700,3840x2160,D3D12,0,20336,0x0000000063F0AD60,0,0,Hardware Composed: Independent Flip,0,4545.322140,16.847,15.416,0.183,1.726,1.791,0.102,NA,2775,9001,62,52,NA,NA,NA,NA,NA,NA,0.589,0.852,0.589,69,100,100,NA,4360,13, 40,43.827, 65,28,0,18,0,13,0,10,0,72,0,77,0,2,0,0,0,13,10,8,8,NA,NA,NA,NA,NA,NA,NA,NA,NA,NA,NA,NA,NA,NA,NA,NA,NA,NA,NA,NA,NA,NA,NA,NA,NA,NA,NA,NA,NA,NA,NA,NA,NA,NA,NA,NA,NA,NA,NA,NA,NA,NA,NA,NA,NA,NA,NA,NA
ImmortalsOfAveum-Win64-Shipping.exe,NVIDIA GeForce RTX 4060 Ti,12th Gen Intel(R) Core(TM) i7-12700,3840x2160,D3D12,0,20336,0x0000000063F0AD60,0,0,Hardware Composed: Independent Flip,0,4545.337776,15.636,16.582,0.150,0.732,2.737,0.047,NA,2775,9001,62,52,NA,NA,NA,NA,NA,NA,0.634,0.918,0.634,69,100,100,NA,4360,13, 40,43.827, 65,28,0,18,0,13,0,10,0,72,0,77,0,2,0,0,0,13,10,8,8,NA,NA,NA,NA,NA,NA,NA,NA,NA,NA,NA,NA,NA,NA,NA,NA,NA,NA,NA,NA,NA,NA,NA,NA,NA,NA,NA,NA,NA,NA,NA,NA,NA,NA,NA,NA,NA,NA,NA,NA,NA,NA,NA,NA,NA,NA,NA,NA
ImmortalsOfAveum-Win64-Shipping.exe,NVIDIA GeForce RTX 4060 Ti,12th Gen Intel(R) Core(TM) i7-12700,3840x2160,D3D12,0,20336,0x0000000063F0AD60,0,0,Hardware Composed: Independent Flip,0,4545.354837,17.061,16.788,0.259,2.451,2.464,0.144,NA,2775,9001,62,52,NA,NA,NA,NA,NA,NA,0.581,0.841,0.581,69,100,100,NA,4360,13, 40,43.827, 65,28,0,18,0,13,0,10,0,72,0,77,0,2,0,0,0,13,10,8,8,NA,NA,NA,NA,NA,NA,NA,NA,NA,NA,NA,NA,NA,NA,NA,NA,NA,NA,NA,NA,NA,NA,NA,NA,NA,NA,NA,NA,NA,NA,NA,NA,NA,NA,NA,NA,NA,NA,NA,NA,NA,NA,NA,NA,NA,NA,NA,NA
ImmortalsOfAveum-Win64-Shipping.exe,NVIDIA GeForce RTX 4060 Ti,12th Gen Intel(R) Core(TM) i7-12700,3840x2160,D3D12,0,20336,0x0000000063F0AD60,0,0,Hardware Composed: Independent Flip,0,4545.371046,16.208,15.691,0.150,0.543,1.947,0.034,NA,2775,9001,62,52,NA,NA,NA,NA,NA,NA,0.612,0.886,0.612,69,100,100,NA,4360,13, 40,43.827, 65,28,0,18,0,13,0,10,0,72,0,77,0,2,0,0,0,13,10,8,8,NA,NA,NA,NA,NA,NA,NA,NA,NA,NA,NA,NA,NA,NA,NA,NA,NA,NA,NA,NA,NA,NA,NA,NA,NA,NA,NA,NA,NA,NA,NA,NA,NA,NA,NA,NA,NA,NA,NA,NA,NA,NA,NA,NA,NA,NA,NA,NA
ImmortalsOfAveum-Win64-Shipping.exe,NVIDIA GeForce RTX 4060 Ti,12th Gen Intel(R) Core(TM) i7-12700,3840x2160,D3D12,0,20336,0x0000000063F0AD60,0,0,Hardware Composed: Independent Flip,0,4545.387650,16.604,16.769,0.236,2.052,2.111,0.124,NA,2775,9001,62,52,NA,NA,NA,NA,NA,NA,0.597,0.864,0.597,69,100,100,NA,4360,13, 40,43.827, 65,28,0,18,0,13,0,10,0,72,0,77,0,2,0,0,0,13,10,8,8,NA,NA,NA,NA,NA,NA,NA,NA,NA,NA,NA,NA,NA,NA,NA,NA,NA,NA,NA,NA,NA,NA,NA,NA,NA,NA,NA,NA,NA,NA,NA,NA,NA,NA,NA,NA,NA,NA,NA,NA,NA,NA,NA,NA,NA,NA,NA,NA
ImmortalsOfAveum-Win64-Shipping.exe,NVIDIA GeForce RTX 4060 Ti,12th Gen Intel(R) Core(TM) i7-12700,3840x2160,D3D12,0,20336,0x0000000063F0AD60,0,0,Hardware Composed: Independent Flip,0,4545.405243,17.593,17.782,0.198,0.360,2.300,0.020,NA,2775,9001,62,52,NA,NA,NA,NA,NA,NA,0.564,0.816,0.564,69,100,100,NA,4360,13, 40,43.827, 65,28,0,18,0,13,0,10,0,72,0,77,0,2,0,0,0,13,10,8,8,NA,NA,NA,NA,NA,NA,NA,NA,NA,NA,NA,NA,NA,NA,NA,NA,NA,NA,NA,NA,NA,NA,NA,NA,NA,NA,NA,NA,NA,NA,NA,NA,NA,NA,NA,NA,NA,NA,NA,NA,NA,NA,NA,NA,NA,NA,NA,NA
ImmortalsOfAveum-Win64-Shipping.exe,NVIDIA GeForce RTX 4060 Ti,12th Gen Intel(R) Core(TM) i7-12700,3840x2160,D3D12,0,20336,0x0000000063F0AD60,0,0,Hardware Composed: Independent Flip,0,4545.422293,17.050,17.021,0.191,2.212,2.271,0.130,NA,2775,9001,62,52,NA,NA,NA,NA,NA,NA,0.582,0.842,0.582,69,100,100,NA,4360,13, 40,43.827, 65,28,0,18,0,13,0,10,0,72,0,77,0,2,0,0,0,13,10,8,8,NA,NA,NA,NA,NA,NA,NA,NA,NA,NA,NA,NA,NA,NA,NA,NA,NA,NA,NA,NA,NA,NA,NA,NA,NA,NA,NA,NA,NA,NA,NA,NA,NA,NA,NA,NA,NA,NA,NA,NA,NA,NA,NA,NA,NA,NA,NA,NA
ImmortalsOfAveum-Win64-Shipping.exe,NVIDIA GeForce RTX 4060 Ti,12th Gen Intel(R) Core(TM) i7-12700,3840x2160,D3D12,0,20336,0x0000000063F0AD60,0,0,Hardware Composed: Independent Flip,0,4545.438255,15.962,15.654,0.148,0.536,1.963,0.034,NA,2775,9001,62,52,NA,NA,NA,NA,NA,NA,0.621,0.899,0.621,69,100,100,NA,4360,13, 41,42.804, 65,28,0,18,0,13,0,10,0,72,0,77,0,2,0,0,0,13,10,8,8,NA,NA,NA,NA,NA,NA,NA,NA,NA,NA,NA,NA,NA,NA,NA,NA,NA,NA,NA,NA,NA,NA,NA,NA,NA,NA,NA,NA,NA,NA,NA,NA,NA,NA,NA,NA,NA,NA,NA,NA,NA,NA,NA,NA,NA,NA,NA,NA
ImmortalsOfAveum-Win64-Shipping.exe,NVIDIA GeForce RTX 4060 Ti,12th Gen Intel(R) Core(TM) i7-12700,3840x2160,D3D12,0,20336,0x0000000063F0AD60,0,0,Hardware Composed: Independent Flip,0,4545.455320,17.065,16.880,0.320,1.716,1.778,0.101,NA,2775,9001,62,52,NA,NA,NA,NA,NA,NA,0.581,0.841,0.581,69,100,100,NA,4360,13, 41,42.804, 65,28,0,18,0,13,0,10,0,72,0,77,0,2,0,0,0,13,10,8,8,NA,NA,NA,NA,NA,NA,NA,NA,NA,NA,NA,NA,NA,NA,NA,NA,NA,NA,NA,NA,NA,NA,NA,NA,NA,NA,NA,NA,NA,NA,NA,NA,NA,NA,NA,NA,NA,NA,NA,NA,NA,NA,NA,NA,NA,NA,NA,NA
ImmortalsOfAveum-Win64-Shipping.exe,NVIDIA GeForce RTX 4060 Ti,12th Gen Intel(R) Core(TM) i7-12700,3840x2160,D3D12,0,20336,0x0000000063F0AD60,0,0,Hardware Composed: Independent Flip,0,4545.472569,17.249,17.933,0.181,0.358,2.462,0.021,NA,2775,9001,62,52,NA,NA,NA,NA,NA,NA,0.575,0.832,0.575,69,100,100,NA,4360,13, 41,42.804, 65,28,0,18,0,13,0,10,0,72,0,77,0,2,0,0,0,13,10,8,8,NA,NA,NA,NA,NA,NA,NA,NA,NA,NA,NA,NA,NA,NA,NA,NA,NA,NA,NA,NA,NA,NA,NA,NA,NA,NA,NA,NA,NA,NA,NA,NA,NA,NA,NA,NA,NA,NA,NA,NA,NA,NA,NA,NA,NA,NA,NA,NA
ImmortalsOfAveum-Win64-Shipping.exe,NVIDIA GeForce RTX 4060 Ti,12th Gen Intel(R) Core(TM) i7-12700,3840x2160,D3D12,0,20336,0x0000000063F0AD60,0,0,Hardware Composed: Independent Flip,0,4545.489623,17.053,16.536,0.247,1.930,1.945,0.113,NA,2775,9001,62,52,NA,NA,NA,NA,NA,NA,0.581,0.840,0.581,69,100,100,NA,4380,14, 41,42.804, 65,31,1,22,1,17,1,5,1,69,1,84,1,2,1,1,1,17,13,12,12,NA,NA,NA,NA,NA,NA,NA,NA,NA,NA,NA,NA,NA,NA,NA,NA,NA,NA,NA,NA,NA,NA,NA,NA,NA,NA,NA,NA,NA,NA,NA,NA,NA,NA,NA,NA,NA,NA,NA,NA,NA,NA,NA,NA,NA,NA,NA,NA
ImmortalsOfAveum-Win64-Shipping.exe,NVIDIA GeForce RTX 4060 Ti,12th Gen Intel(R) Core(TM) i7-12700,3840x2160,D3D12,0,20336,0x0000000063F0AD60,0,0,Hardware Composed: Independent Flip,0,4545.505306,15.683,15.776,0.195,0.472,2.038,0.030,NA,2775,9001,62,52,NA,NA,NA,NA,NA,NA,0.632,0.914,0.632,69,100,100,NA,4380,14, 41,42.804, 65,31,1,22,1,17,1,5,1,69,1,84,1,2,1,1,1,17,13,12,12,NA,NA,NA,NA,NA,NA,NA,NA,NA,NA,NA,NA,NA,NA,NA,NA,NA,NA,NA,NA,NA,NA,NA,NA,NA,NA,NA,NA,NA,NA,NA,NA,NA,NA,NA,NA,NA,NA,NA,NA,NA,NA,NA,NA,NA,NA,NA,NA
ImmortalsOfAveum-Win64-Shipping.exe,NVIDIA GeForce RTX 4060 Ti,12th Gen Intel(R) Core(TM) i7-12700,3840x2160,D3D12,0,20336,0x0000000063F0AD60,0,0,Hardware Composed: Independent Flip,0,4545.522222,16.916,17.411,0.192,2.519,2.533,0.149,NA,2775,9001,62,52,NA,NA,NA,NA,NA,NA,0.586,0.847,0.586,69,100,100,NA,4380,14, 41,42.804, 65,31,1,22,1,17,1,5,1,69,1,84,1,2,1,1,1,17,13,12,12,NA,NA,NA,NA,NA,NA,NA,NA,NA,NA,NA,NA,NA,NA,NA,NA,NA,NA,NA,NA,NA,NA,NA,NA,NA,NA,NA,NA,NA,NA,NA,NA,NA,NA,NA,NA,NA,NA,NA,NA,NA,NA,NA,NA,NA,NA,NA,NA
ImmortalsOfAveum-Win64-Shipping.exe,NVIDIA GeForce RTX 4060 Ti,12th Gen Intel(R) Core(TM) i7-12700,3840x2160,D3D12,0,20336,0x0000000063F0AD60,0,0,Hardware Composed: Independent Flip,0,4545.537549,15.327,15.461,0.150,0.720,2.667,0.047,NA,2775,9001,62,52,NA,NA,NA,NA,NA,NA,0.646,0.935,0.646,69,100,100,NA,4380,14, 41,42.804, 65,31,1,22,1,17,1,5,1,69,1,84,1,2,1,1,1,17,13,12,12,NA,NA,NA,NA,NA,NA,NA,NA,NA,NA,NA,NA,NA,NA,NA,NA,NA,NA,NA,NA,NA,NA,NA,NA,NA,NA,NA,NA,NA,NA,NA,NA,NA,NA,NA,NA,NA,NA,NA,NA,NA,NA,NA,NA,NA,NA,NA,NA
ImmortalsOfAveum-Win64-Shipping.exe,NVIDIA GeForce RTX 4060 Ti,12th Gen Intel(R) Core(TM) i7-12700,3840x2160,D3D12,0,20336,0x0000000063F0AD60,0,0,Hardware Composed: Independent Flip,0,4545.554034,16.485,16.035,0.204,2.159,2.217,0.131,NA,2775,9001,62,52,NA,NA,NA,NA,NA,NA,0.601,0.869,0.601,69,100,100,NA,4380,14, 41,42.804, 65,31,1,22,1,17,1,5,1,69,1,84,1,2,1,1,1,17,13,12,12,NA,NA,NA,NA,NA,NA,NA,NA,NA,NA,NA,NA,NA,NA,NA,NA,NA,NA,NA,NA,NA,NA,NA,NA,NA,NA,NA,NA,NA,NA,NA,NA,NA,NA,NA,NA,NA,NA,NA,NA,NA,NA,NA,NA,NA,NA,NA,NA
ImmortalsOfAveum-Win64-Shipping.exe,NVIDIA GeForce RTX 4060 Ti,12th Gen Intel(R) Core(TM) i7-12700,3840x2160,D3D12,0,20336,0x0000000063F0AD60,0,0,Hardware Composed: Independent Flip,0,4545.571582,17.548,18.592,0.163,0.355,3.260,0.020,NA,2775,9001,62,52,NA,NA,NA,NA,NA,NA,0.565,0.816,0.565,69,100,100,NA,4380,14, 41,42.804, 65,31,1,22,1,17,1,5,1,69,1,84,1,2,1,1,1,17,13,12,12,NA,NA,NA,NA,NA,NA,NA,NA,NA,NA,NA,NA,NA,NA,NA,NA,NA,NA,NA,NA,NA,NA,NA,NA,NA,NA,NA,NA,NA,NA,NA,NA,NA,NA,NA,NA,NA,NA,NA,NA,NA,NA,NA,NA,NA,NA,NA,NA
ImmortalsOfAveum-Win64-Shipping.exe,NVIDIA GeForce RTX 4060 Ti,12th Gen Intel(R) Core(TM) i7-12700,3840x2160,D3D12,0,20336,0x0000000063F0AD60,0,0,Hardware Composed: Independent Flip,0,4545.588402,16.820,15.711,0.200,2.139,2.151,0.127,NA,2775,9001,62,52,NA,NA,NA,NA,NA,NA,0.589,0.852,0.589,69,100,100,NA,4380,14, 41,42.804, 65,31,1,22,1,17,1,5,1,69,1,84,1,2,1,1,1,17,13,12,12,NA,NA,NA,NA,NA,NA,NA,NA,NA,NA,NA,NA,NA,NA,NA,NA,NA,NA,NA,NA,NA,NA,NA,NA,NA,NA,NA,NA,NA,NA,NA,NA,NA,NA,NA,NA,NA,NA,NA,NA,NA,NA,NA,NA,NA,NA,NA,NA
ImmortalsOfAveum-Win64-Shipping.exe,NVIDIA GeForce RTX 4060 Ti,12th Gen Intel(R) Core(TM) i7-12700,3840x2160,D3D12,0,20336,0x0000000063F0AD60,0,0,Hardware Composed: Independent Flip,0,4545.604380,15.977,15.992,0.145,0.542,2.167,0.034,NA,2775,9001,62,52,NA,NA,NA,NA,NA,NA,0.620,0.897,0.620,69,100,100,NA,4380,14, 41,42.804, 65,31,1,22,1,17,1,5,1,69,1,84,1,2,1,1,1,17,13,12,12,NA,NA,NA,NA,NA,NA,NA,NA,NA,NA,NA,NA,NA,NA,NA,NA,NA,NA,NA,NA,NA,NA,NA,NA,NA,NA,NA,NA,NA,NA,NA,NA,NA,NA,NA,NA,NA,NA,NA,NA,NA,NA,NA,NA,NA,NA,NA,NA
ImmortalsOfAveum-Win64-Shipping.exe,NVIDIA GeForce RTX 4060 Ti,12th Gen Intel(R) Core(TM) i7-12700,3840x2160,D3D12,0,20336,0x0000000063F0AD60,0,0,Hardware Composed: Independent Flip,0,4545.621227,16.847,17.180,0.199,2.440,2.499,0.145,NA,2775,9001,62,52,NA,NA,NA,NA,NA,NA,0.588,0.850,0.588,69,100,100,NA,4380,14, 41,42.804, 65,31,1,22,1,17,1,5,1,69,1,84,1,2,1,1,1,17,13,12,12,NA,NA,NA,NA,NA,NA,NA,NA,NA,NA,NA,NA,NA,NA,NA,NA,NA,NA,NA,NA,NA,NA,NA,NA,NA,NA,NA,NA,NA,NA,NA,NA,NA,NA,NA,NA,NA,NA,NA,NA,NA,NA,NA,NA,NA,NA,NA,NA
ImmortalsOfAveum-Win64-Shipping.exe,NVIDIA GeForce RTX 4060 Ti,12th Gen Intel(R) Core(TM) i7-12700,3840x2160,D3D12,0,20336,0x0000000063F0AD60,0,0,Hardware Composed: Independent Flip,0,4545.638043,16.816,16.148,0.144,0.363,1.830,0.022,NA,2775,9001,62,52,NA,NA,NA,NA,NA,NA,0.589,0.852,0.589,69,100,100,NA,4380,14, 40,45.422, 65,31,1,22,1,17,1,5,1,69,1,84,1,2,1,1,1,17,13,12,12,NA,NA,NA,NA,NA,NA,NA,NA,NA,NA,NA,NA,NA,NA,NA,NA,NA,NA,NA,NA,NA,NA,NA,NA,NA,NA,NA,NA,NA,NA,NA,NA,NA,NA,NA,NA,NA,NA,NA,NA,NA,NA,NA,NA,NA,NA,NA,NA
ImmortalsOfAveum-Win64-Shipping.exe,NVIDIA GeForce RTX 4060 Ti,12th Gen Intel(R) Core(TM) i7-12700,3840x2160,D3D12,0,20336,0x0000000063F0AD60,0,0,Hardware Composed: Independent Flip,0,4545.654920,16.876,17.432,0.205,2.326,2.386,0.138,NA,2775,9001,62,52,NA,NA,NA,NA,NA,NA,0.587,0.849,0.587,69,100,100,NA,4380,14, 40,45.422, 65,31,1,22,1,17,1,5,1,69,1,84,1,2,1,1,1,17,13,12,12,NA,NA,NA,NA,NA,NA,NA,NA,NA,NA,NA,NA,NA,NA,NA,NA,NA,NA,NA,NA,NA,NA,NA,NA,NA,NA,NA,NA,NA,NA,NA,NA,NA,NA,NA,NA,NA,NA,NA,NA,NA,NA,NA,NA,NA,NA,NA,NA
ImmortalsOfAveum-Win64-Shipping.exe,NVIDIA GeForce RTX 4060 Ti,12th Gen Intel(R) Core(TM) i7-12700,3840x2160,D3D12,0,20336,0x0000000063F0AD60,0,0,Hardware Composed: Independent Flip,0,4545.671730,16.810,16.759,0.161,0.352,2.335,0.021,NA,2775,9001,62,52,NA,NA,NA,NA,NA,NA,0.589,0.852,0.589,69,100,100,NA,4380,14, 40,45.422, 65,31,1,22,1,17,1,5,1,69,1,84,1,2,1,1,1,17,13,12,12,NA,NA,NA,NA,NA,NA,NA,NA,NA,NA,NA,NA,NA,NA,NA,NA,NA,NA,NA,NA,NA,NA,NA,NA,NA,NA,NA,NA,NA,NA,NA,NA,NA,NA,NA,NA,NA,NA,NA,NA,NA,NA,NA,NA,NA,NA,NA,NA
ImmortalsOfAveum-Win64-Shipping.exe,NVIDIA GeForce RTX 4060 Ti,12th Gen Intel(R) Core(TM) i7-12700,3840x2160,D3D12,0,20336,0x0000000063F0AD60,0,0,Hardware Composed: Independent Flip,0,4545.688825,17.095,16.470,0.220,1.649,1.710,0.096,NA,2775,9001,62,52,NA,NA,NA,NA,NA,NA,0.580,0.838,0.580,69,100,100,NA,4380,14, 40,45.422, 65,31,1,22,1,17,1,5,1,69,1,84,1,2,1,1,1,17,13,12,12,NA,NA,NA,NA,NA,NA,NA,NA,NA,NA,NA,NA,NA,NA,NA,NA,NA,NA,NA,NA,NA,NA,NA,NA,NA,NA,NA,NA,NA,NA,NA,NA,NA,NA,NA,NA,NA,NA,NA,NA,NA,NA,NA,NA,NA,NA,NA,NA
ImmortalsOfAveum-Win64-Shipping.exe,NVIDIA GeForce RTX 4060 Ti,12th Gen Intel(R) Core(TM) i7-12700,3840x2160,D3D12,0,20336,0x0000000063F0AD60,0,0,Hardware Composed: Independent Flip,0,4545.704308,15.484,16.606,0.163,0.532,2.833,0.034,NA,2775,9001,62,52,NA,NA,NA,NA,NA,NA,0.640,0.925,0.640,69,100,100,NA,4380,14, 40,45.422, 65,31,1,22,1,17,1,5,1,69,1,84,1,2,1,1,1,17,13,12,12,NA,NA,NA,NA,NA,NA,NA,NA,NA,NA,NA,NA,NA,NA,NA,NA,NA,NA,NA,NA,NA,NA,NA,NA,NA,NA,NA,NA,NA,NA,NA,NA,NA,NA,NA,NA,NA,NA,NA,NA,NA,NA,NA,NA,NA,NA,NA,NA
ImmortalsOfAveum-Win64-Shipping.exe,NVIDIA GeForce RTX 4060 Ti,12th Gen Intel(R) Core(TM) i7-12700,3840x2160,D3D12,0,20336,0x0000000063F0AD60,0,0,Hardware Composed: Independent Flip,0,4545.720996,16.688,15.535,0.182,1.620,1.680,0.097,NA,2775,9001,62,52,NA,NA,NA,NA,NA,NA,0.594,0.859,0.594,69,100,100,NA,4380,14, 40,45.422, 65,31,1,22,1,17,1,5,1,69,1,84,1,2,1,1,1,17,13,12,12,NA,NA,NA,NA,NA,NA,NA,NA,NA,NA,NA,NA,NA,NA,NA,NA,NA,NA,NA,NA,NA,NA,NA,NA,NA,NA,NA,NA,NA,NA,NA,NA,NA,NA,NA,NA,NA,NA,NA,NA,NA,NA,NA,NA,NA,NA,NA,NA
ImmortalsOfAveum-Win64-Shipping.exe,NVIDIA GeForce RTX 4060 Ti,12th Gen Intel(R) Core(TM) i7-12700,3840x2160,D3D12,0,20336,0x0000000063F0AD60,0,0,Hardware Composed: Independent Flip,0,4545.737958,16.962,17.861,0.157,0.355,2.578,0.021,NA,2775,9001,62,52,NA,NA,NA,NA,NA,NA,0.584,0.845,0.584,69,100,100,NA,4380,14, 40,45.422, 65,31,1,22,1,17,1,5,1,69,1,84,1,2,1,1,1,17,13,12,12,NA,NA,NA,NA,NA,NA,NA,NA,NA,NA,NA,NA,NA,NA,NA,NA,NA,NA,NA,NA,NA,NA,NA,NA,NA,NA,NA,NA,NA,NA,NA,NA,NA,NA,NA,NA,NA,NA,NA,NA,NA,NA,NA,NA,NA,NA,NA,NA
ImmortalsOfAveum-Win64-Shipping.exe,NVIDIA GeForce RTX 4060 Ti,12th Gen Intel(R) Core(TM) i7-12700,3840x2160,D3D12,0,20336,0x0000000063F0AD60,0,0,Hardware Composed: Independent Flip,0,4545.754748,16.790,16.815,0.197,2.590,2.604,0.154,NA,2775,9001,62,52,NA,NA,NA,NA,NA,NA,0.590,0.853,0.590,69,100,100,NA,4380,14, 40,45.422, 65,31,1,22,1,17,1,5,1,69,1,84,1,2,1,1,1,17,13,12,12,NA,NA,NA,NA,NA,NA,NA,NA,NA,NA,NA,NA,NA,NA,NA,NA,NA,NA,NA,NA,NA,NA,NA,NA,NA,NA,NA,NA,NA,NA,NA,NA,NA,NA,NA,NA,NA,NA,NA,NA,NA,NA,NA,NA,NA,NA,NA,NA
ImmortalsOfAveum-Win64-Shipping.exe,NVIDIA GeForce RTX 4060 Ti,12th Gen Intel(R) Core(TM) i7-12700,3840x2160,D3D12,0,20336,0x0000000063F0AD60,0,0,Hardware Composed: Independent Flip,0,4545.771010,16.262,15.257,0.144,0.548,1.599,0.034,NA,2775,9001,62,52,NA,NA,NA,NA,NA,NA,0.609,0.881,0.609,69,100,100,NA,4380,14, 40,45.422, 65,31,1,22,1,17,1,5,1,69,1,84,1,2,1,1,1,17,13,12,12,NA,NA,NA,NA,NA,NA,NA,NA,NA,NA,NA,NA,NA,NA,NA,NA,NA,NA,NA,NA,NA,NA,NA,NA,NA,NA,NA,NA,NA,NA,NA,NA,NA,NA,NA,NA,NA,NA,NA,NA,NA,NA,NA,NA,NA,NA,NA,NA
ImmortalsOfAveum-Win64-Shipping.exe,NVIDIA GeForce RTX 4060 Ti,12th Gen Intel(R) Core(TM) i7-12700,3840x2160,D3D12,0,20336,0x0000000063F0AD60,0,0,Hardware Composed: Independent Flip,0,4545.788030,17.021,17.889,0.194,2.452,2.467,0.144,NA,2775,9001,62,52,NA,NA,NA,NA,NA,NA,0.582,0.842,0.582,69,100,100,NA,4380,14, 40,45.422, 65,31,1,22,1,17,1,5,1,69,1,84,1,2,1,1,1,17,13,12,12,NA,NA,NA,NA,NA,NA,NA,NA,NA,NA,NA,NA,NA,NA,NA,NA,NA,NA,NA,NA,NA,NA,NA,NA,NA,NA,NA,NA,NA,NA,NA,NA,NA,NA,NA,NA,NA,NA,NA,NA,NA,NA,NA,NA,NA,NA,NA,NA
ImmortalsOfAveum-Win64-Shipping.exe,NVIDIA GeForce RTX 4060 Ti,12th Gen Intel(R) Core(TM) i7-12700,3840x2160,D3D12,0,20336,0x0000000063F0AD60,0,0,Hardware Composed: Independent Flip,0,4545.804981,16.951,16.656,0.149,0.351,2.172,0.021,NA,2775,9001,62,52,NA,NA,NA,NA,NA,NA,0.585,0.845,0.585,69,100,100,NA,4380,14, 40,45.422, 65,31,1,22,1,17,1,5,1,69,1,84,1,2,1,1,1,17,13,12,12,NA,NA,NA,NA,NA,NA,NA,NA,NA,NA,NA,NA,NA,NA,NA,NA,NA,NA,NA,NA,NA,NA,NA,NA,NA,NA,NA,NA,NA,NA,NA,NA,NA,NA,NA,NA,NA,NA,NA,NA,NA,NA,NA,NA,NA,NA,NA,NA
ImmortalsOfAveum-Win64-Shipping.exe,NVIDIA GeForce RTX 4060 Ti,12th Gen Intel(R) Core(TM) i7-12700,3840x2160,D3D12,0,20336,0x0000000063F0AD60,0,0,Hardware Composed: Independent Flip,0,4545.822089,17.108,16.693,0.207,1.701,1.758,0.099,NA,2775,9001,62,52,NA,NA,NA,NA,NA,NA,0.579,0.838,0.579,69,100,100,NA,4380,14, 40,45.422, 65,31,1,22,1,17,1,5,1,69,1,84,1,2,1,1,1,17,13,12,12,NA,NA,NA,NA,NA,NA,NA,NA,NA,NA,NA,NA,NA,NA,NA,NA,NA,NA,NA,NA,NA,NA,NA,NA,NA,NA,NA,NA,NA,NA,NA,NA,NA,NA,NA,NA,NA,NA,NA,NA,NA,NA,NA,NA,NA,NA,NA,NA
ImmortalsOfAveum-Win64-Shipping.exe,NVIDIA GeForce RTX 4060 Ti,12th Gen Intel(R) Core(TM) i7-12700,3840x2160,D3D12,0,20336,0x0000000063F0AD60,0,0,Hardware Composed: Independent Flip,0,4545.837629,15.540,16.756,0.148,0.549,2.975,0.035,NA,2775,9001,62,52,NA,NA,NA,NA,NA,NA,0.638,0.922,0.638,69,100,100,NA,4380,14, 41,42.888, 65,31,1,22,1,17,1,5,1,69,1,84,1,2,1,1,1,17,13,12,12,NA,NA,NA,NA,NA,NA,NA,NA,NA,NA,NA,NA,NA,NA,NA,NA,NA,NA,NA,NA,NA,NA,NA,NA,NA,NA,NA,NA,NA,NA,NA,NA,NA,NA,NA,NA,NA,NA,NA,NA,NA,NA,NA,NA,NA,NA,NA,NA
ImmortalsOfAveum-Win64-Shipping.exe,NVIDIA GeForce RTX 4060 Ti,12th Gen Intel(R) Core(TM) i7-12700,3840x2160,D3D12,0,20336,0x0000000063F0AD60,0,0,Hardware Composed: Independent Flip,0,4545.854529,16.901,16.046,0.207,2.106,2.119,0.125,NA,2775,9001,62,52,NA,NA,NA,NA,NA,NA,0.586,0.848,0.586,69,100,100,NA,4380,14, 41,42.888, 65,31,1,22,1,17,1,5,1,69,1,84,1,2,1,1,1,17,13,12,12,NA,NA,NA,NA,NA,NA,NA,NA,NA,NA,NA,NA,NA,NA,NA,NA,NA,NA,NA,NA,NA,NA,NA,NA,NA,NA,NA,NA,NA,NA,NA,NA,NA,NA,NA,NA,NA,NA,NA,NA,NA,NA,NA,NA,NA,NA,NA,NA
ImmortalsOfAveum-Win64-Shipping.exe,NVIDIA GeForce RTX 4060 Ti,12th Gen Intel(R) Core(TM) i7-12700,3840x2160,D3D12,0,20336,0x0000000063F0AD60,0,0,Hardware Composed: Independent Flip,0,4545.873204,18.675,19.292,0.197,0.349,2.737,0.019,NA,2775,9001,62,52,NA,NA,NA,NA,NA,NA,0.531,0.767,0.531,69,100,100,NA,4380,14, 41,42.888, 65,31,1,22,1,17,1,5,1,69,1,84,1,2,1,1,1,17,13,12,12,NA,NA,NA,NA,NA,NA,NA,NA,NA,NA,NA,NA,NA,NA,NA,NA,NA,NA,NA,NA,NA,NA,NA,NA,NA,NA,NA,NA,NA,NA,NA,NA,NA,NA,NA,NA,NA,NA,NA,NA,NA,NA,NA,NA,NA,NA,NA,NA
ImmortalsOfAveum-Win64-Shipping.exe,NVIDIA GeForce RTX 4060 Ti,12th Gen Intel(R) Core(TM) i7-12700,3840x2160,D3D12,0,20336,0x0000000063F0AD60,0,0,Hardware Composed: Independent Flip,0,4545.890499,17.295,16.745,0.222,2.124,2.187,0.123,NA,2775,9001,62,52,NA,NA,NA,NA,NA,NA,0.573,0.828,0.573,69,100,100,NA,4380,14, 41,42.888, 65,31,1,22,1,17,1,5,1,69,1,84,1,2,1,1,1,17,13,12,12,NA,NA,NA,NA,NA,NA,NA,NA,NA,NA,NA,NA,NA,NA,NA,NA,NA,NA,NA,NA,NA,NA,NA,NA,NA,NA,NA,NA,NA,NA,NA,NA,NA,NA,NA,NA,NA,NA,NA,NA,NA,NA,NA,NA,NA,NA,NA,NA
ImmortalsOfAveum-Win64-Shipping.exe,NVIDIA GeForce RTX 4060 Ti,12th Gen Intel(R) Core(TM) i7-12700,3840x2160,D3D12,0,20336,0x0000000063F0AD60,0,0,Hardware Composed: Independent Flip,0,4545.905344,14.845,13.947,0.186,0.536,1.289,0.036,NA,2775,9001,62,52,NA,NA,NA,NA,NA,NA,0.667,0.965,0.667,69,100,100,NA,4380,14, 41,42.888, 65,31,1,22,1,17,1,5,1,69,1,84,1,2,1,1,1,17,13,12,12,NA,NA,NA,NA,NA,NA,NA,NA,NA,NA,NA,NA,NA,NA,NA,NA,NA,NA,NA,NA,NA,NA,NA,NA,NA,NA,NA,NA,NA,NA,NA,NA,NA,NA,NA,NA,NA,NA,NA,NA,NA,NA,NA,NA,NA,NA,NA,NA
ImmortalsOfAveum-Win64-Shipping.exe,NVIDIA GeForce RTX 4060 Ti,12th Gen Intel(R) Core(TM) i7-12700,3840x2160,D3D12,0,20336,0x0000000063F0AD60,0,0,Hardware Composed: Independent Flip,0,4545.922510,17.166,17.739,0.257,1.841,1.862,0.107,NA,2775,9001,62,52,NA,NA,NA,NA,NA,NA,0.577,0.835,0.577,69,100,100,NA,4380,14, 41,42.888, 65,31,1,22,1,17,1,5,1,69,1,84,1,2,1,1,1,17,13,12,12,NA,NA,NA,NA,NA,NA,NA,NA,NA,NA,NA,NA,NA,NA,NA,NA,NA,NA,NA,NA,NA,NA,NA,NA,NA,NA,NA,NA,NA,NA,NA,NA,NA,NA,NA,NA,NA,NA,NA,NA,NA,NA,NA,NA,NA,NA,NA,NA
ImmortalsOfAveum-Win64-Shipping.exe,NVIDIA GeForce RTX 4060 Ti,12th Gen Intel(R) Core(TM) i7-12700,3840x2160,D3D12,0,20336,0x0000000063F0AD60,0,0,Hardware Composed: Independent Flip,0,4545.938954,16.444,17.065,0.171,0.338,2.483,0.021,NA,2775,9001,62,52,NA,NA,NA,NA,NA,NA,0.603,0.871,0.603,69,100,100,NA,4380,14, 41,42.888, 65,31,1,22,1,17,1,5,1,69,1,84,1,2,1,1,1,17,13,12,12,NA,NA,NA,NA,NA,NA,NA,NA,NA,NA,NA,NA,NA,NA,NA,NA,NA,NA,NA,NA,NA,NA,NA,NA,NA,NA,NA,NA,NA,NA,NA,NA,NA,NA,NA,NA,NA,NA,NA,NA,NA,NA,NA,NA,NA,NA,NA,NA
ImmortalsOfAveum-Win64-Shipping.exe,NVIDIA GeForce RTX 4060 Ti,12th Gen Intel(R) Core(TM) i7-12700,3840x2160,D3D12,0,20336,0x0000000063F0AD60,0,0,Hardware Composed: Independent Flip,0,4545.955602,16.648,16.365,0.224,2.186,2.201,0.131,NA,2775,9001,62,52,NA,NA,NA,NA,NA,NA,0.595,0.861,0.595,69,100,100,NA,4380,14, 41,42.888, 65,31,1,22,1,17,1,5,1,69,1,84,1,2,1,1,1,17,13,12,12,NA,NA,NA,NA,NA,NA,NA,NA,NA,NA,NA,NA,NA,NA,NA,NA,NA,NA,NA,NA,NA,NA,NA,NA,NA,NA,NA,NA,NA,NA,NA,NA,NA,NA,NA,NA,NA,NA,NA,NA,NA,NA,NA,NA,NA,NA,NA,NA
ImmortalsOfAveum-Win64-Shipping.exe,NVIDIA GeForce RTX 4060 Ti,12th Gen Intel(R) Core(TM) i7-12700,3840x2160,D3D12,0,20336,0x0000000063F0AD60,0,0,Hardware Composed: Independent Flip,0,4545.971630,16.028,16.838,0.161,0.550,3.011,0.034,NA,2775,9001,62,52,NA,NA,NA,NA,NA,NA,0.618,0.894,0.618,69,100,100,NA,4380,14, 41,42.888, 65,31,1,22,1,17,1,5,1,69,1,84,1,2,1,1,1,17,13,12,12,NA,NA,NA,NA,NA,NA,NA,NA,NA,NA,NA,NA,NA,NA,NA,NA,NA,NA,NA,NA,NA,NA,NA,NA,NA,NA,NA,NA,NA,NA,NA,NA,NA,NA,NA,NA,NA,NA,NA,NA,NA,NA,NA,NA,NA,NA,NA,NA
ImmortalsOfAveum-Win64-Shipping.exe,NVIDIA GeForce RTX 4060 Ti,12th Gen Intel(R) Core(TM) i7-12700,3840x2160,D3D12,0,20336,0x0000000063F0AD60,0,0,Hardware Composed: Independent Flip,0,4545.988579,16.949,16.522,0.237,2.569,2.584,0.152,NA,2775,9001,62,52,NA,NA,NA,NA,NA,NA,0.586,0.848,0.586,69,100,100,NA,4369,13, 41,42.888, 65,29,0,24,0,16,0,13,0,79,0,73,0,2,0,0,0,13,9,7,7,NA,NA,NA,NA,NA,NA,NA,NA,NA,NA,NA,NA,NA,NA,NA,NA,NA,NA,NA,NA,NA,NA,NA,NA,NA,NA,NA,NA,NA,NA,NA,NA,NA,NA,NA,NA,NA,NA,NA,NA,NA,NA,NA,NA,NA,NA,NA,NA
ImmortalsOfAveum-Win64-Shipping.exe,NVIDIA GeForce RTX 4060 Ti,12th Gen Intel(R) Core(TM) i7-12700,3840x2160,D3D12,0,20336,0x0000000063F0AD60,0,0,Hardware Composed: Independent Flip,0,4546.004936,16.357,16.529,0.143,0.547,2.756,0.033,NA,2775,9001,62,52,NA,NA,NA,NA,NA,NA,0.607,0.879,0.607,69,100,100,NA,4369,13, 41,42.888, 65,29,0,24,0,16,0,13,0,79,0,73,0,2,0,0,0,13,9,7,7,NA,NA,NA,NA,NA,NA,NA,NA,NA,NA,NA,NA,NA,NA,NA,NA,NA,NA,NA,NA,NA,NA,NA,NA,NA,NA,NA,NA,NA,NA,NA,NA,NA,NA,NA,NA,NA,NA,NA,NA,NA,NA,NA,NA,NA,NA,NA,NA
ImmortalsOfAveum-Win64-Shipping.exe,NVIDIA GeForce RTX 4060 Ti,12th Gen Intel(R) Core(TM) i7-12700,3840x2160,D3D12,0,20336,0x0000000063F0AD60,0,0,Hardware Composed: Independent Flip,0,4546.021818,16.882,15.859,0.243,1.717,1.733,0.102,NA,2775,9001,62,52,NA,NA,NA,NA,NA,NA,0.588,0.851,0.588,69,100,100,NA,4369,13, 41,42.888, 65,29,0,24,0,16,0,13,0,79,0,73,0,2,0,0,0,13,9,7,7,NA,NA,NA,NA,NA,NA,NA,NA,NA,NA,NA,NA,NA,NA,NA,NA,NA,NA,NA,NA,NA,NA,NA,NA,NA,NA,NA,NA,NA,NA,NA,NA,NA,NA,NA,NA,NA,NA,NA,NA,NA,NA,NA,NA,NA,NA,NA,NA
ImmortalsOfAveum-Win64-Shipping.exe,NVIDIA GeForce RTX 4060 Ti,12th Gen Intel(R) Core(TM) i7-12700,3840x2160,D3D12,0,20336,0x0000000063F0AD60,0,0,Hardware Composed: Independent Flip,0,4546.038910,17.091,17.895,0.165,0.349,2.537,0.020,NA,2775,9001,62,52,NA,NA,NA,NA,NA,NA,0.581,0.841,0.581,69,100,100,NA,4369,13, 40,41.287, 65,29,0,24,0,16,0,13,0,79,0,73,0,2,0,0,0,13,9,7,7,NA,NA,NA,NA,NA,NA,NA,NA,NA,NA,NA,NA,NA,NA,NA,NA,NA,NA,NA,NA,NA,NA,NA,NA,NA,NA,NA,NA,NA,NA,NA,NA,NA,NA,NA,NA,NA,NA,NA,NA,NA,NA,NA,NA,NA,NA,NA,NA
ImmortalsOfAveum-Win64-Shipping.exe,NVIDIA GeForce RTX 4060 Ti,12th Gen Intel(R) Core(TM) i7-12700,3840x2160,D3D12,0,20336,0x0000000063F0AD60,0,0,Hardware Composed: Independent Flip,0,4546.056067,17.158,16.887,0.189,2.206,2.267,0.129,NA,2775,9001,62,52,NA,NA,NA,NA,NA,NA,0.579,0.838,0.579,69,100,100,NA,4369,13, 40,41.287, 65,29,0,24,0,16,0,13,0,79,0,73,0,2,0,0,0,13,9,7,7,NA,NA,NA,NA,NA,NA,NA,NA,NA,NA,NA,NA,NA,NA,NA,NA,NA,NA,NA,NA,NA,NA,NA,NA,NA,NA,NA,NA,NA,NA,NA,NA,NA,NA,NA,NA,NA,NA,NA,NA,NA,NA,NA,NA,NA,NA,NA,NA
ImmortalsOfAveum-Win64-Shipping.exe,NVIDIA GeForce RTX 4060 Ti,12th Gen Intel(R) Core(TM) i7-12700,3840x2160,D3D12,0,20336,0x0000000063F0AD60,0,0,Hardware Composed: Independent Flip,0,4546.071124,15.057,14.508,0.140,0.556,1.718,0.037,NA,2775,9001,62,52,NA,NA,NA,NA,NA,NA,0.659,0.954,0.659,69,100,100,NA,4369,13, 40,41.287, 65,29,0,24,0,16,0,13,0,79,0,73,0,2,0,0,0,13,9,7,7,NA,NA,NA,NA,NA,NA,NA,NA,NA,NA,NA,NA,NA,NA,NA,NA,NA,NA,NA,NA,NA,NA,NA,NA,NA,NA,NA,NA,NA,NA,NA,NA,NA,NA,NA,NA,NA,NA,NA,NA,NA,NA,NA,NA,NA,NA,NA,NA
ImmortalsOfAveum-Win64-Shipping.exe,NVIDIA GeForce RTX 4060 Ti,12th Gen Intel(R) Core(TM) i7-12700,3840x2160,D3D12,0,20336,0x0000000063F0AD60,0,0,Hardware Composed: Independent Flip,0,4546.087933,16.809,16.885,0.225,1.779,1.794,0.106,NA,2775,9001,62,52,NA,NA,NA,NA,NA,NA,0.591,0.855,0.591,69,100,100,NA,4369,13, 40,41.287, 65,29,0,24,0,16,0,13,0,79,0,73,0,2,0,0,0,13,9,7,7,NA,NA,NA,NA,NA,NA,NA,NA,NA,NA,NA,NA,NA,NA,NA,NA,NA,NA,NA,NA,NA,NA,NA,NA,NA,NA,NA,NA,NA,NA,NA,NA,NA,NA,NA,NA,NA,NA,NA,NA,NA,NA,NA,NA,NA,NA,NA,NA
ImmortalsOfAveum-Win64-Shipping.exe,NVIDIA GeForce RTX 4060 Ti,12th Gen Intel(R) Core(TM) i7-12700,3840x2160,D3D12,0,20336,0x0000000063F0AD60,0,0,Hardware Composed: Independent Flip,0,4546.105105,17.172,18.062,0.163,0.344,2.684,0.020,NA,2775,9001,62,52,NA,NA,NA,NA,NA,NA,0.578,0.837,0.578,69,100,100,NA,4369,13, 40,41.287, 65,29,0,24,0,16,0,13,0,79,0,73,0,2,0,0,0,13,9,7,7,NA,NA,NA,NA,NA,NA,NA,NA,NA,NA,NA,NA,NA,NA,NA,NA,NA,NA,NA,NA,NA,NA,NA,NA,NA,NA,NA,NA,NA,NA,NA,NA,NA,NA,NA,NA,NA,NA,NA,NA,NA,NA,NA,NA,NA,NA,NA,NA
ImmortalsOfAveum-Win64-Shipping.exe,NVIDIA GeForce RTX 4060 Ti,12th Gen Intel(R) Core(TM) i7-12700,3840x2160,D3D12,0,20336,0x0000000063F0AD60,0,0,Hardware Composed: Independent Flip,0,4546.121880,16.775,16.163,0.230,2.059,2.071,0.123,NA,2775,9001,62,52,NA,NA,NA,NA,NA,NA,0.592,0.857,0.592,69,100,100,NA,4369,13, 40,41.287, 65,29,0,24,0,16,0,13,0,79,0,73,0,2,0,0,0,13,9,7,7,NA,NA,NA,NA,NA,NA,NA,NA,NA,NA,NA,NA,NA,NA,NA,NA,NA,NA,NA,NA,NA,NA,NA,NA,NA,NA,NA,NA,NA,NA,NA,NA,NA,NA,NA,NA,NA,NA,NA,NA,NA,NA,NA,NA,NA,NA,NA,NA
ImmortalsOfAveum-Win64-Shipping.exe,NVIDIA GeForce RTX 4060 Ti,12th Gen Intel(R) Core(TM) i7-12700,3840x2160,D3D12,0,20336,0x0000000063F0AD60,0,0,Hardware Composed: Independent Flip,0,4546.139411,17.531,17.559,0.157,0.358,2.100,0.020,NA,2775,9001,62,52,NA,NA,NA,NA,NA,NA,0.566,0.820,0.566,69,100,100,NA,4369,13, 40,41.287, 65,29,0,24,0,16,0,13,0,79,0,73,0,2,0,0,0,13,9,7,7,NA,NA,NA,NA,NA,NA,NA,NA,NA,NA,NA,NA,NA,NA,NA,NA,NA,NA,NA,NA,NA,NA,NA,NA,NA,NA,NA,NA,NA,NA,NA,NA,NA,NA,NA,NA,NA,NA,NA,NA,NA,NA,NA,NA,NA,NA,NA,NA
ImmortalsOfAveum-Win64-Shipping.exe,NVIDIA GeForce RTX 4060 Ti,12th Gen Intel(R) Core(TM) i7-12700,3840x2160,D3D12,0,20336,0x0000000063F0AD60,0,0,Hardware Composed: Independent Flip,0,4546.156726,17.315,17.488,0.237,2.258,2.273,0.130,NA,2775,9001,62,52,NA,NA,NA,NA,NA,NA,0.573,0.830,0.573,69,100,100,NA,4369,13, 40,41.287, 65,29,0,24,0,16,0,13,0,79,0,73,0,2,0,0,0,13,9,7,7,NA,NA,NA,NA,NA,NA,NA,NA,NA,NA,NA,NA,NA,NA,NA,NA,NA,NA,NA,NA,NA,NA,NA,NA,NA,NA,NA,NA,NA,NA,NA,NA,NA,NA,NA,NA,NA,NA,NA,NA,NA,NA,NA,NA,NA,NA,NA,NA
ImmortalsOfAveum-Win64-Shipping.exe,NVIDIA GeForce RTX 4060 Ti,12th Gen Intel(R) Core(TM) i7-12700,3840x2160,D3D12,0,20336,0x0000000063F0AD60,0,0,Hardware Composed: Independent Flip,0,4546.171893,15.167,14.447,0.152,0.519,1.552,0.034,NA,2775,9001,62,52,NA,NA,NA,NA,NA,NA,0.655,0.947,0.655,69,100,100,NA,4369,13, 40,41.287, 65,29,0,24,0,16,0,13,0,79,0,73,0,2,0,0,0,13,9,7,7,NA,NA,NA,NA,NA,NA,NA,NA,NA,NA,NA,NA,NA,NA,NA,NA,NA,NA,NA,NA,NA,NA,NA,NA,NA,NA,NA,NA,NA,NA,NA,NA,NA,NA,NA,NA,NA,NA,NA,NA,NA,NA,NA,NA,NA,NA,NA,NA
ImmortalsOfAveum-Win64-Shipping.exe,NVIDIA GeForce RTX 4060 Ti,12th Gen Intel(R) Core(TM) i7-12700,3840x2160,D3D12,0,20336,0x0000000063F0AD60,0,0,Hardware Composed: Independent Flip,0,4546.188699,16.805,17.644,0.203,2.377,2.391,0.141,NA,2775,9001,62,52,NA,NA,NA,NA,NA,NA,0.591,0.855,0.591,69,100,100,NA,4369,13, 40,41.287, 65,29,0,24,0,16,0,13,0,79,0,73,0,2,0,0,0,13,9,7,7,NA,NA,NA,NA,NA,NA,NA,NA,NA,NA,NA,NA,NA,NA,NA,NA,NA,NA,NA,NA,NA,NA,NA,NA,NA,NA,NA,NA,NA,NA,NA,NA,NA,NA,NA,NA,NA,NA,NA,NA,NA,NA,NA,NA,NA,NA,NA,NA
ImmortalsOfAveum-Win64-Shipping.exe,NVIDIA GeForce RTX 4060 Ti,12th Gen Intel(R) Core(TM) i7-12700,3840x2160,D3D12,0,20336,0x0000000063F0AD60,0,0,Hardware Composed: Independent Flip,0,4546.204889,16.191,16.895,0.141,0.554,3.095,0.034,NA,2775,9001,62,52,NA,NA,NA,NA,NA,NA,0.613,0.888,0.613,69,100,100,NA,4369,13, 40,41.287, 65,29,0,24,0,16,0,13,0,79,0,73,0,2,0,0,0,13,9,7,7,NA,NA,NA,NA,NA,NA,NA,NA,NA,NA,NA,NA,NA,NA,NA,NA,NA,NA,NA,NA,NA,NA,NA,NA,NA,NA,NA,NA,NA,NA,NA,NA,NA,NA,NA,NA,NA,NA,NA,NA,NA,NA,NA,NA,NA,NA,NA,NA
ImmortalsOfAveum-Win64-Shipping.exe,NVIDIA GeForce RTX 4060 Ti,12th Gen Intel(R) Core(TM) i7-12700,3840x2160,D3D12,0,20336,0x0000000063F0AD60,0,0,Hardware Composed: Independent Flip,0,4546.221505,16.616,16.016,0.207,2.433,2.495,0.146,NA,2775,9001,62,52,NA,NA,NA,NA,NA,NA,0.597,0.865,0.597,69,100,100,NA,4369,13, 40,41.287, 65,29,0,24,0,16,0,13,0,79,0,73,0,2,0,0,0,13,9,7,7,NA,NA,NA,NA,NA,NA,NA,NA,NA,NA,NA,NA,NA,NA,NA,NA,NA,NA,NA,NA,NA,NA,NA,NA,NA,NA,NA,NA,NA,NA,NA,NA,NA,NA,NA,NA,NA,NA,NA,NA,NA,NA,NA,NA,NA,NA,NA,NA
ImmortalsOfAveum-Win64-Shipping.exe,NVIDIA GeForce RTX 4060 Ti,12th Gen Intel(R) Core(TM) i7-12700,3840x2160,D3D12,0,20336,0x0000000063F0AD60,0,0,Hardware Composed: Independent Flip,0,4546.238540,17.035,17.802,0.149,0.356,3.263,0.021,NA,2775,9001,62,52,NA,NA,NA,NA,NA,NA,0.583,0.844,0.583,69,100,100,NA,4369,13, 41,41.265, 65,29,0,24,0,16,0,13,0,79,0,73,0,2,0,0,0,13,9,7,7,NA,NA,NA,NA,NA,NA,NA,NA,NA,NA,NA,NA,NA,NA,NA,NA,NA,NA,NA,NA,NA,NA,NA,NA,NA,NA,NA,NA,NA,NA,NA,NA,NA,NA,NA,NA,NA,NA,NA,NA,NA,NA,NA,NA,NA,NA,NA,NA
ImmortalsOfAveum-Win64-Shipping.exe,NVIDIA GeForce RTX 4060 Ti,12th Gen Intel(R) Core(TM) i7-12700,3840x2160,D3D12,0,20336,0x0000000063F0AD60,0,0,Hardware Composed: Independent Flip,0,4546.255554,17.014,16.229,0.189,2.465,2.478,0.145,NA,2775,9001,62,52,NA,NA,NA,NA,NA,NA,0.584,0.845,0.584,69,100,100,NA,4369,13, 41,41.265, 65,29,0,24,0,16,0,13,0,79,0,73,0,2,0,0,0,13,9,7,7,NA,NA,NA,NA,NA,NA,NA,NA,NA,NA,NA,NA,NA,NA,NA,NA,NA,NA,NA,NA,NA,NA,NA,NA,NA,NA,NA,NA,NA,NA,NA,NA,NA,NA,NA,NA,NA,NA,NA,NA,NA,NA,NA,NA,NA,NA,NA,NA
ImmortalsOfAveum-Win64-Shipping.exe,NVIDIA GeForce RTX 4060 Ti,12th Gen Intel(R) Core(TM) i7-12700,3840x2160,D3D12,0,20336,0x0000000063F0AD60,0,0,Hardware Composed: Independent Flip,0,4546.272509,16.955,16.845,0.148,0.357,2.368,0.021,NA,2775,9001,62,52,NA,NA,NA,NA,NA,NA,0.586,0.848,0.586,69,100,100,NA,4369,13, 41,41.265, 65,29,0,24,0,16,0,13,0,79,0,73,0,2,0,0,0,13,9,7,7,NA,NA,NA,NA,NA,NA,NA,NA,NA,NA,NA,NA,NA,NA,NA,NA,NA,NA,NA,NA,NA,NA,NA,NA,NA,NA,NA,NA,NA,NA,NA,NA,NA,NA,NA,NA,NA,NA,NA,NA,NA,NA,NA,NA,NA,NA,NA,NA
ImmortalsOfAveum-Win64-Shipping.exe,NVIDIA GeForce RTX 4060 Ti,12th Gen Intel(R) Core(TM) i7-12700,3840x2160,D3D12,0,20336,0x0000000063F0AD60,0,0,Hardware Composed: Independent Flip,0,4546.289668,17.159,16.900,0.228,2.053,2.110,0.120,NA,2775,9001,62,52,NA,NA,NA,NA,NA,NA,0.579,0.837,0.579,69,100,100,NA,4369,13, 41,41.265, 65,29,0,24,0,16,0,13,0,79,0,73,0,2,0,0,0,13,9,7,7,NA,NA,NA,NA,NA,NA,NA,NA,NA,NA,NA,NA,NA,NA,NA,NA,NA,NA,NA,NA,NA,NA,NA,NA,NA,NA,NA,NA,NA,NA,NA,NA,NA,NA,NA,NA,NA,NA,NA,NA,NA,NA,NA,NA,NA,NA,NA,NA
ImmortalsOfAveum-Win64-Shipping.exe,NVIDIA GeForce RTX 4060 Ti,12th Gen Intel(R) Core(TM) i7-12700,3840x2160,D3D12,0,20336,0x0000000063F0AD60,0,0,Hardware Composed: Independent Flip,0,4546.304548,14.880,15.006,0.133,0.557,2.236,0.037,NA,2775,9001,62,52,NA,NA,NA,NA,NA,NA,0.667,0.966,0.667,69,100,100,NA,4369,13, 41,41.265, 65,29,0,24,0,16,0,13,0,79,0,73,0,2,0,0,0,13,9,7,7,NA,NA,NA,NA,NA,NA,NA,NA,NA,NA,NA,NA,NA,NA,NA,NA,NA,NA,NA,NA,NA,NA,NA,NA,NA,NA,NA,NA,NA,NA,NA,NA,NA,NA,NA,NA,NA,NA,NA,NA,NA,NA,NA,NA,NA,NA,NA,NA
ImmortalsOfAveum-Win64-Shipping.exe,NVIDIA GeForce RTX 4060 Ti,12th Gen Intel(R) Core(TM) i7-12700,3840x2160,D3D12,0,20336,0x0000000063F0AD60,0,0,Hardware Composed: Independent Flip,0,4546.321211,16.663,16.330,0.176,1.840,1.902,0.110,NA,2775,9001,62,52,NA,NA,NA,NA,NA,NA,0.596,0.862,0.596,69,100,100,NA,4369,13, 41,41.265, 65,29,0,24,0,16,0,13,0,79,0,73,0,2,0,0,0,13,9,7,7,NA,NA,NA,NA,NA,NA,NA,NA,NA,NA,NA,NA,NA,NA,NA,NA,NA,NA,NA,NA,NA,NA,NA,NA,NA,NA,NA,NA,NA,NA,NA,NA,NA,NA,NA,NA,NA,NA,NA,NA,NA,NA,NA,NA,NA,NA,NA,NA
ImmortalsOfAveum-Win64-Shipping.exe,NVIDIA GeForce RTX 4060 Ti,12th Gen Intel(R) Core(TM) i7-12700,3840x2160,D3D12,0,20336,0x0000000063F0AD60,0,0,Hardware Composed: Independent Flip,0,4546.338433,17.222,18.297,0.165,0.357,2.978,0.021,NA,2775,9001,62,52,NA,NA,NA,NA,NA,NA,0.576,0.834,0.576,69,100,100,NA,4369,13, 41,41.265, 65,29,0,24,0,16,0,13,0,79,0,73,0,2,0,0,0,13,9,7,7,NA,NA,NA,NA,NA,NA,NA,NA,NA,NA,NA,NA,NA,NA,NA,NA,NA,NA,NA,NA,NA,NA,NA,NA,NA,NA,NA,NA,NA,NA,NA,NA,NA,NA,NA,NA,NA,NA,NA,NA,NA,NA,NA,NA,NA,NA,NA,NA
ImmortalsOfAveum-Win64-Shipping.exe,NVIDIA GeForce RTX 4060 Ti,12th Gen Intel(R) Core(TM) i7-12700,3840x2160,D3D12,0,20336,0x0000000063F0AD60,0,0,Hardware Composed: Independent Flip,0,4546.355173,16.740,15.497,0.220,1.676,1.735,0.100,NA,2775,9001,62,52,NA,NA,NA,NA,NA,NA,0.593,0.858,0.593,69,100,100,NA,4369,13, 41,41.265, 65,29,0,24,0,16,0,13,0,79,0,73,0,2,0,0,0,13,9,7,7,NA,NA,NA,NA,NA,NA,NA,NA,NA,NA,NA,NA,NA,NA,NA,NA,NA,NA,NA,NA,NA,NA,NA,NA,NA,NA,NA,NA,NA,NA,NA,NA,NA,NA,NA,NA,NA,NA,NA,NA,NA,NA,NA,NA,NA,NA,NA,NA
ImmortalsOfAveum-Win64-Shipping.exe,NVIDIA GeForce RTX 4060 Ti,12th Gen Intel(R) Core(TM) i7-12700,3840x2160,D3D12,0,20336,0x0000000063F0AD60,0,0,Hardware Composed: Independent Flip,0,4546.372182,17.009,17.271,0.147,0.366,1.997,0.022,NA,2775,9001,62,52,NA,NA,NA,NA,NA,NA,0.584,0.845,0.584,69,100,100,NA,4369,13, 41,41.265, 65,29,0,24,0,16,0,13,0,79,0,73,0,2,0,0,0,13,9,7,7,NA,NA,NA,NA,NA,NA,NA,NA,NA,NA,NA,NA,NA,NA,NA,NA,NA,NA,NA,NA,NA,NA,NA,NA,NA,NA,NA,NA,NA,NA,NA,NA,NA,NA,NA,NA,NA,NA,NA,NA,NA,NA,NA,NA,NA,NA,NA,NA
ImmortalsOfAveum-Win64-Shipping.exe,NVIDIA GeForce RTX 4060 Ti,12th Gen Intel(R) Core(TM) i7-12700,3840x2160,D3D12,0,20336,0x0000000063F0AD60,0,0,Hardware Composed: Independent Flip,0,4546.389364,17.182,17.066,0.257,1.821,1.881,0.106,NA,2775,9001,62,52,NA,NA,NA,NA,NA,NA,0.578,0.836,0.578,69,100,100,NA,4369,13, 41,41.265, 65,29,0,24,0,16,0,13,0,79,0,73,0,2,0,0,0,13,9,7,7,NA,NA,NA,NA,NA,NA,NA,NA,NA,NA,NA,NA,NA,NA,NA,NA,NA,NA,NA,NA,NA,NA,NA,NA,NA,NA,NA,NA,NA,NA,NA,NA,NA,NA,NA,NA,NA,NA,NA,NA,NA,NA,NA,NA,NA,NA,NA,NA
ImmortalsOfAveum-Win64-Shipping.exe,NVIDIA GeForce RTX 4060 Ti,12th Gen Intel(R) Core(TM) i7-12700,3840x2160,D3D12,0,20336,0x0000000063F0AD60,0,0,Hardware Composed: Independent Flip,0,4546.405022,15.658,15.053,0.163,0.538,1.276,0.034,NA,2775,9001,62,52,NA,NA,NA,NA,NA,NA,0.634,0.918,0.634,69,100,100,NA,4369,13, 41,41.265, 65,29,0,24,0,16,0,13,0,79,0,73,0,2,0,0,0,13,9,7,7,NA,NA,NA,NA,NA,NA,NA,NA,NA,NA,NA,NA,NA,NA,NA,NA,NA,NA,NA,NA,NA,NA,NA,NA,NA,NA,NA,NA,NA,NA,NA,NA,NA,NA,NA,NA,NA,NA,NA,NA,NA,NA,NA,NA,NA,NA,NA,NA
ImmortalsOfAveum-Win64-Shipping.exe,NVIDIA GeForce RTX 4060 Ti,12th Gen Intel(R) Core(TM) i7-12700,3840x2160,D3D12,0,20336,0x0000000063F0AD60,0,0,Hardware Composed: Independent Flip,0,4546.421893,16.872,17.513,0.199,1.857,1.917,0.110,NA,2775,9001,62,52,NA,NA,NA,NA,NA,NA,0.588,0.852,0.588,69,100,100,NA,4369,13, 41,41.265, 65,29,0,24,0,16,0,13,0,79,0,73,0,2,0,0,0,13,9,7,7,NA,NA,NA,NA,NA,NA,NA,NA,NA,NA,NA,NA,NA,NA,NA,NA,NA,NA,NA,NA,NA,NA,NA,NA,NA,NA,NA,NA,NA,NA,NA,NA,NA,NA,NA,NA,NA,NA,NA,NA,NA,NA,NA,NA,NA,NA,NA,NA
ImmortalsOfAveum-Win64-Shipping.exe,NVIDIA GeForce RTX 4060 Ti,12th Gen Intel(R) Core(TM) i7-12700,3840x2160,D3D12,0,20336,0x0000000063F0AD60,0,0,Hardware Composed: Independent Flip,0,4546.439180,17.286,17.460,0.156,0.355,2.091,0.021,NA,2775,9001,62,52,NA,NA,NA,NA,NA,NA,0.574,0.831,0.574,69,100,100,NA,4369,13, 39,41.466, 65,29,0,24,0,16,0,13,0,79,0,73,0,2,0,0,0,13,9,7,7,NA,NA,NA,NA,NA,NA,NA,NA,NA,NA,NA,NA,NA,NA,NA,NA,NA,NA,NA,NA,NA,NA,NA,NA,NA,NA,NA,NA,NA,NA,NA,NA,NA,NA,NA,NA,NA,NA,NA,NA,NA,NA,NA,NA,NA,NA,NA,NA
ImmortalsOfAveum-Win64-Shipping.exe,NVIDIA GeForce RTX 4060 Ti,12th Gen Intel(R) Core(TM) i7-12700,3840x2160,D3D12,0,20336,0x0000000063F0AD60,0,0,Hardware Composed: Independent Flip,0,4546.456271,17.091,16.671,0.238,1.655,1.670,0.097,NA,2775,9001,62,52,NA,NA,NA,NA,NA,NA,0.581,0.841,0.581,69,100,100,NA,4369,13, 39,41.466, 65,29,0,24,0,16,0,13,0,79,0,73,0,2,0,0,0,13,9,7,7,NA,NA,NA,NA,NA,NA,NA,NA,NA,NA,NA,NA,NA,NA,NA,NA,NA,NA,NA,NA,NA,NA,NA,NA,NA,NA,NA,NA,NA,NA,NA,NA,NA,NA,NA,NA,NA,NA,NA,NA,NA,NA,NA,NA,NA,NA,NA,NA
ImmortalsOfAveum-Win64-Shipping.exe,NVIDIA GeForce RTX 4060 Ti,12th Gen Intel(R) Core(TM) i7-12700,3840x2160,D3D12,0,20336,0x0000000063F0AD60,0,0,Hardware Composed: Independent Flip,0,4546.471743,15.471,16.133,0.142,0.567,2.331,0.037,NA,2775,9001,62,52,NA,NA,NA,NA,NA,NA,0.642,0.929,0.642,69,100,100,NA,4369,13, 39,41.466, 65,29,0,24,0,16,0,13,0,79,0,73,0,2,0,0,0,13,9,7,7,NA,NA,NA,NA,NA,NA,NA,NA,NA,NA,NA,NA,NA,NA,NA,NA,NA,NA,NA,NA,NA,NA,NA,NA,NA,NA,NA,NA,NA,NA,NA,NA,NA,NA,NA,NA,NA,NA,NA,NA,NA,NA,NA,NA,NA,NA,NA,NA
ImmortalsOfAveum-Win64-Shipping.exe,NVIDIA GeForce RTX 4060 Ti,12th Gen Intel(R) Core(TM) i7-12700,3840x2160,D3D12,0,20336,0x0000000063F0AD60,0,0,Hardware Composed: Independent Flip,0,4546.488700,16.958,17.139,0.232,2.454,2.513,0.145,NA,2775,9001,62,52,NA,NA,NA,NA,NA,NA,0.585,0.847,0.585,69,100,100,NA,4369,13, 39,41.466, 65,29,0,24,0,16,0,13,0,79,0,73,0,2,0,0,0,13,9,7,7,NA,NA,NA,NA,NA,NA,NA,NA,NA,NA,NA,NA,NA,NA,NA,NA,NA,NA,NA,NA,NA,NA,NA,NA,NA,NA,NA,NA,NA,NA,NA,NA,NA,NA,NA,NA,NA,NA,NA,NA,NA,NA,NA,NA,NA,NA,NA,NA
ImmortalsOfAveum-Win64-Shipping.exe,NVIDIA GeForce RTX 4060 Ti,12th Gen Intel(R) Core(TM) i7-12700,3840x2160,D3D12,0,20336,0x0000000063F0AD60,0,0,Hardware Composed: Independent Flip,0,4546.504860,16.160,16.206,0.159,0.546,2.558,0.034,NA,2775,9001,62,52,NA,NA,NA,NA,NA,NA,0.614,0.888,0.614,69,100,100,NA,4367,14, 39,41.466, 65,29,1,20,1,15,1,7,1,83,1,67,1,6,1,1,1,16,13,11,11,NA,NA,NA,NA,NA,NA,NA,NA,NA,NA,NA,NA,NA,NA,NA,NA,NA,NA,NA,NA,NA,NA,NA,NA,NA,NA,NA,NA,NA,NA,NA,NA,NA,NA,NA,NA,NA,NA,NA,NA,NA,NA,NA,NA,NA,NA,NA,NA
ImmortalsOfAveum-Win64-Shipping.exe,NVIDIA GeForce RTX 4060 Ti,12th Gen Intel(R) Core(TM) i7-12700,3840x2160,D3D12,0,20336,0x0000000063F0AD60,0,0,Hardware Composed: Independent Flip,0,4546.521519,16.659,15.884,0.182,1.722,1.783,0.103,NA,2775,9001,62,52,NA,NA,NA,NA,NA,NA,0.596,0.861,0.596,69,100,100,NA,4367,14, 39,41.466, 65,29,1,20,1,15,1,7,1,83,1,67,1,6,1,1,1,16,13,11,11,NA,NA,NA,NA,NA,NA,NA,NA,NA,NA,NA,NA,NA,NA,NA,NA,NA,NA,NA,NA,NA,NA,NA,NA,NA,NA,NA,NA,NA,NA,NA,NA,NA,NA,NA,NA,NA,NA,NA,NA,NA,NA,NA,NA,NA,NA,NA,NA
ImmortalsOfAveum-Win64-Shipping.exe,NVIDIA GeForce RTX 4060 Ti,12th Gen Intel(R) Core(TM) i7-12700,3840x2160,D3D12,0,20336,0x0000000063F0AD60,0,0,Hardware Composed: Independent Flip,0,4546.538735,17.217,18.256,0.160,0.350,2.823,0.020,NA,2775,9001,62,52,NA,NA,NA,NA,NA,NA,0.576,0.834,0.576,69,100,100,NA,4367,14, 39,41.466, 65,29,1,20,1,15,1,7,1,83,1,67,1,6,1,1,1,16,13,11,11,NA,NA,NA,NA,NA,NA,NA,NA,NA,NA,NA,NA,NA,NA,NA,NA,NA,NA,NA,NA,NA,NA,NA,NA,NA,NA,NA,NA,NA,NA,NA,NA,NA,NA,NA,NA,NA,NA,NA,NA,NA,NA,NA,NA,NA,NA,NA,NA
ImmortalsOfAveum-Win64-Shipping.exe,NVIDIA GeForce RTX 4060 Ti,12th Gen Intel(R) Core(TM) i7-12700,3840x2160,D3D12,0,20336,0x0000000063F0AD60,0,0,Hardware Composed: Independent Flip,0,4546.555809,17.073,16.870,0.205,2.559,2.619,0.150,NA,2775,9001,62,52,NA,NA,NA,NA,NA,NA,0.581,0.840,0.581,69,100,100,NA,4367,14, 39,41.466, 65,29,1,20,1,15,1,7,1,83,1,67,1,6,1,1,1,16,13,11,11,NA,NA,NA,NA,NA,NA,NA,NA,NA,NA,NA,NA,NA,NA,NA,NA,NA,NA,NA,NA,NA,NA,NA,NA,NA,NA,NA,NA,NA,NA,NA,NA,NA,NA,NA,NA,NA,NA,NA,NA,NA,NA,NA,NA,NA,NA,NA,NA
ImmortalsOfAveum-Win64-Shipping.exe,NVIDIA GeForce RTX 4060 Ti,12th Gen Intel(R) Core(TM) i7-12700,3840x2160,D3D12,0,20336,0x0000000063F0AD60,0,0,Hardware Composed: Independent Flip,0,4546.571089,15.280,14.684,0.140,0.744,2.023,0.049,NA,2775,9001,62,52,NA,NA,NA,NA,NA,NA,0.649,0.939,0.649,69,100,100,NA,4367,14, 39,41.466, 65,29,1,20,1,15,1,7,1,83,1,67,1,6,1,1,1,16,13,11,11,NA,NA,NA,NA,NA,NA,NA,NA,NA,NA,NA,NA,NA,NA,NA,NA,NA,NA,NA,NA,NA,NA,NA,NA,NA,NA,NA,NA,NA,NA,NA,NA,NA,NA,NA,NA,NA,NA,NA,NA,NA,NA,NA,NA,NA,NA,NA,NA
ImmortalsOfAveum-Win64-Shipping.exe,NVIDIA GeForce RTX 4060 Ti,12th Gen Intel(R) Core(TM) i7-12700,3840x2160,D3D12,0,20336,0x0000000063F0AD60,0,0,Hardware Composed: Independent Flip,0,4546.587909,16.820,17.361,0.234,2.506,2.565,0.149,NA,2775,9001,62,52,NA,NA,NA,NA,NA,NA,0.590,0.853,0.590,69,100,100,NA,4367,14, 39,41.466, 65,29,1,20,1,15,1,7,1,83,1,67,1,6,1,1,1,16,13,11,11,NA,NA,NA,NA,NA,NA,NA,NA,NA,NA,NA,NA,NA,NA,NA,NA,NA,NA,NA,NA,NA,NA,NA,NA,NA,NA,NA,NA,NA,NA,NA,NA,NA,NA,NA,NA,NA,NA,NA,NA,NA,NA,NA,NA,NA,NA,NA,NA
ImmortalsOfAveum-Win64-Shipping.exe,NVIDIA GeForce RTX 4060 Ti,12th Gen Intel(R) Core(TM) i7-12700,3840x2160,D3D12,0,20336,0x0000000063F0AD60,0,0,Hardware Composed: Independent Flip,0,4546.605891,17.982,18.129,0.160,0.350,2.712,0.019,NA,2775,9001,62,52,NA,NA,NA,NA,NA,NA,0.552,0.798,0.552,69,100,100,NA,4367,14, 39,41.466, 65,29,1,20,1,15,1,7,1,83,1,67,1,6,1,1,1,16,13,11,11,NA,NA,NA,NA,NA,NA,NA,NA,NA,NA,NA,NA,NA,NA,NA,NA,NA,NA,NA,NA,NA,NA,NA,NA,NA,NA,NA,NA,NA,NA,NA,NA,NA,NA,NA,NA,NA,NA,NA,NA,NA,NA,NA,NA,NA,NA,NA,NA
ImmortalsOfAveum-Win64-Shipping.exe,NVIDIA GeForce RTX 4060 Ti,12th Gen Intel(R) Core(TM) i7-12700,3840x2160,D3D12,0,20336,0x0000000063F0AD60,0,0,Hardware Composed: Independent Flip,0,4546.622831,16.940,16.742,0.231,2.447,2.515,0.144,NA,2775,9001,62,52,NA,NA,NA,NA,NA,NA,0.586,0.847,0.586,69,100,100,NA,4367,14, 39,41.466, 65,29,1,20,1,15,1,7,1,83,1,67,1,6,1,1,1,16,13,11,11,NA,NA,NA,NA,NA,NA,NA,NA,NA,NA,NA,NA,NA,NA,NA,NA,NA,NA,NA,NA,NA,NA,NA,NA,NA,NA,NA,NA,NA,NA,NA,NA,NA,NA,NA,NA,NA,NA,NA,NA,NA,NA,NA,NA,NA,NA,NA,NA
ImmortalsOfAveum-Win64-Shipping.exe,NVIDIA GeForce RTX 4060 Ti,12th Gen Intel(R) Core(TM) i7-12700,3840x2160,D3D12,0,20336,0x0000000063F0AD60,0,0,Hardware Composed: Independent Flip,0,4546.638018,15.188,15.159,0.158,0.515,2.486,0.034,NA,2775,9001,62,52,NA,NA,NA,NA,NA,NA,0.653,0.945,0.653,69,100,100,NA,4367,14, 43,41.920, 65,29,1,20,1,15,1,7,1,83,1,67,1,6,1,1,1,16,13,11,11,NA,NA,NA,NA,NA,NA,NA,NA,NA,NA,NA,NA,NA,NA,NA,NA,NA,NA,NA,NA,NA,NA,NA,NA,NA,NA,NA,NA,NA,NA,NA,NA,NA,NA,NA,NA,NA,NA,NA,NA,NA,NA,NA,NA,NA,NA,NA,NA
ImmortalsOfAveum-Win64-Shipping.exe,NVIDIA GeForce RTX 4060 Ti,12th Gen Intel(R) Core(TM) i7-12700,3840x2160,D3D12,0,20336,0x0000000063F0AD60,0,0,Hardware Composed: Independent Flip,0,4546.654847,16.828,16.836,0.207,2.482,2.494,0.147,NA,2775,9001,62,52,NA,NA,NA,NA,NA,NA,0.590,0.853,0.590,69,100,100,NA,4367,14, 43,41.920, 65,29,1,20,1,15,1,7,1,83,1,67,1,6,1,1,1,16,13,11,11,NA,NA,NA,NA,NA,NA,NA,NA,NA,NA,NA,NA,NA,NA,NA,NA,NA,NA,NA,NA,NA,NA,NA,NA,NA,NA,NA,NA,NA,NA,NA,NA,NA,NA,NA,NA,NA,NA,NA,NA,NA,NA,NA,NA,NA,NA,NA,NA
ImmortalsOfAveum-Win64-Shipping.exe,NVIDIA GeForce RTX 4060 Ti,12th Gen Intel(R) Core(TM) i7-12700,3840x2160,D3D12,0,20336,0x0000000063F0AD60,0,0,Hardware Composed: Independent Flip,0,4546.671160,16.313,17.136,0.152,0.551,3.317,0.034,NA,2775,9001,62,52,NA,NA,NA,NA,NA,NA,0.608,0.880,0.608,69,100,100,NA,4367,14, 43,41.920, 65,29,1,20,1,15,1,7,1,83,1,67,1,6,1,1,1,16,13,11,11,NA,NA,NA,NA,NA,NA,NA,NA,NA,NA,NA,NA,NA,NA,NA,NA,NA,NA,NA,NA,NA,NA,NA,NA,NA,NA,NA,NA,NA,NA,NA,NA,NA,NA,NA,NA,NA,NA,NA,NA,NA,NA,NA,NA,NA,NA,NA,NA
ImmortalsOfAveum-Win64-Shipping.exe,NVIDIA GeForce RTX 4060 Ti,12th Gen Intel(R) Core(TM) i7-12700,3840x2160,D3D12,0,20336,0x0000000063F0AD60,0,0,Hardware Composed: Independent Flip,0,4546.687744,16.585,14.990,0.229,1.656,1.722,0.100,NA,2775,9001,62,52,NA,NA,NA,NA,NA,NA,0.598,0.865,0.598,69,100,100,NA,4367,14, 43,41.920, 65,29,1,20,1,15,1,7,1,83,1,67,1,6,1,1,1,16,13,11,11,NA,NA,NA,NA,NA,NA,NA,NA,NA,NA,NA,NA,NA,NA,NA,NA,NA,NA,NA,NA,NA,NA,NA,NA,NA,NA,NA,NA,NA,NA,NA,NA,NA,NA,NA,NA,NA,NA,NA,NA,NA,NA,NA,NA,NA,NA,NA,NA
ImmortalsOfAveum-Win64-Shipping.exe,NVIDIA GeForce RTX 4060 Ti,12th Gen Intel(R) Core(TM) i7-12700,3840x2160,D3D12,0,20336,0x0000000063F0AD60,0,0,Hardware Composed: Independent Flip,0,4546.704794,17.050,18.276,0.141,0.354,2.948,0.021,NA,2775,9001,62,52,NA,NA,NA,NA,NA,NA,0.582,0.842,0.582,69,100,100,NA,4367,14, 43,41.920, 65,29,1,20,1,15,1,7,1,83,1,67,1,6,1,1,1,16,13,11,11,NA,NA,NA,NA,NA,NA,NA,NA,NA,NA,NA,NA,NA,NA,NA,NA,NA,NA,NA,NA,NA,NA,NA,NA,NA,NA,NA,NA,NA,NA,NA,NA,NA,NA,NA,NA,NA,NA,NA,NA,NA,NA,NA,NA,NA,NA,NA,NA
ImmortalsOfAveum-Win64-Shipping.exe,NVIDIA GeForce RTX 4060 Ti,12th Gen Intel(R) Core(TM) i7-12700,3840x2160,D3D12,0,20336,0x0000000063F0AD60,0,0,Hardware Composed: Independent Flip,0,4546.721810,17.016,16.022,0.199,1.894,1.954,0.111,NA,2775,9001,62,52,NA,NA,NA,NA,NA,NA,0.583,0.843,0.583,69,100,100,NA,4367,14, 43,41.920, 65,29,1,20,1,15,1,7,1,83,1,67,1,6,1,1,1,16,13,11,11,NA,NA,NA,NA,NA,NA,NA,NA,NA,NA,NA,NA,NA,NA,NA,NA,NA,NA,NA,NA,NA,NA,NA,NA,NA,NA,NA,NA,NA,NA,NA,NA,NA,NA,NA,NA,NA,NA,NA,NA,NA,NA,NA,NA,NA,NA,NA,NA
ImmortalsOfAveum-Win64-Shipping.exe,NVIDIA GeForce RTX 4060 Ti,12th Gen Intel(R) Core(TM) i7-12700,3840x2160,D3D12,0,20336,0x0000000063F0AD60,0,0,Hardware Composed: Independent Flip,0,4546.737579,15.769,15.293,0.145,0.534,1.477,0.034,NA,2775,9001,62,52,NA,NA,NA,NA,NA,NA,0.629,0.910,0.629,69,100,100,NA,4367,14, 43,41.920, 65,29,1,20,1,15,1,7,1,83,1,67,1,6,1,1,1,16,13,11,11,NA,NA,NA,NA,NA,NA,NA,NA,NA,NA,NA,NA,NA,NA,NA,NA,NA,NA,NA,NA,NA,NA,NA,NA,NA,NA,NA,NA,NA,NA,NA,NA,NA,NA,NA,NA,NA,NA,NA,NA,NA,NA,NA,NA,NA,NA,NA,NA
ImmortalsOfAveum-Win64-Shipping.exe,NVIDIA GeForce RTX 4060 Ti,12th Gen Intel(R) Core(TM) i7-12700,3840x2160,D3D12,0,20336,0x0000000063F0AD60,0,0,Hardware Composed: Independent Flip,0,4546.754459,16.880,17.626,0.234,2.159,2.223,0.128,NA,2775,9001,62,52,NA,NA,NA,NA,NA,NA,0.588,0.850,0.588,69,100,100,NA,4367,14, 43,41.920, 65,29,1,20,1,15,1,7,1,83,1,67,1,6,1,1,1,16,13,11,11,NA,NA,NA,NA,NA,NA,NA,NA,NA,NA,NA,NA,NA,NA,NA,NA,NA,NA,NA,NA,NA,NA,NA,NA,NA,NA,NA,NA,NA,NA,NA,NA,NA,NA,NA,NA,NA,NA,NA,NA,NA,NA,NA,NA,NA,NA,NA,NA
ImmortalsOfAveum-Win64-Shipping.exe,NVIDIA GeForce RTX 4060 Ti,12th Gen Intel(R) Core(TM) i7-12700,3840x2160,D3D12,0,20336,0x0000000063F0AD60,0,0,Hardware Composed: Independent Flip,0,4546.773034,18.575,18.007,0.171,0.352,1.655,0.019,NA,2775,9001,62,52,NA,NA,NA,NA,NA,NA,0.534,0.773,0.534,69,100,100,NA,4367,14, 43,41.920, 65,29,1,20,1,15,1,7,1,83,1,67,1,6,1,1,1,16,13,11,11,NA,NA,NA,NA,NA,NA,NA,NA,NA,NA,NA,NA,NA,NA,NA,NA,NA,NA,NA,NA,NA,NA,NA,NA,NA,NA,NA,NA,NA,NA,NA,NA,NA,NA,NA,NA,NA,NA,NA,NA,NA,NA,NA,NA,NA,NA,NA,NA
ImmortalsOfAveum-Win64-Shipping.exe,NVIDIA GeForce RTX 4060 Ti,12th Gen Intel(R) Core(TM) i7-12700,3840x2160,D3D12,0,20336,0x0000000063F0AD60,0,0,Hardware Composed: Independent Flip,0,4546.790346,17.312,18.239,0.240,2.521,2.582,0.146,NA,2775,9001,62,52,NA,NA,NA,NA,NA,NA,0.573,0.829,0.573,69,100,100,NA,4367,14, 43,41.920, 65,29,1,20,1,15,1,7,1,83,1,67,1,6,1,1,1,16,13,11,11,NA,NA,NA,NA,NA,NA,NA,NA,NA,NA,NA,NA,NA,NA,NA,NA,NA,NA,NA,NA,NA,NA,NA,NA,NA,NA,NA,NA,NA,NA,NA,NA,NA,NA,NA,NA,NA,NA,NA,NA,NA,NA,NA,NA,NA,NA,NA,NA
ImmortalsOfAveum-Win64-Shipping.exe,NVIDIA GeForce RTX 4060 Ti,12th Gen Intel(R) Core(TM) i7-12700,3840x2160,D3D12,0,20336,0x0000000063F0AD60,0,0,Hardware Composed: Independent Flip,0,4546.804573,14.227,13.291,0.142,0.543,1.646,0.038,NA,2775,9001,62,52,NA,NA,NA,NA,NA,NA,0.697,1.009,0.697,69,100,100,NA,4367,14, 43,41.920, 65,29,1,20,1,15,1,7,1,83,1,67,1,6,1,1,1,16,13,11,11,NA,NA,NA,NA,NA,NA,NA,NA,NA,NA,NA,NA,NA,NA,NA,NA,NA,NA,NA,NA,NA,NA,NA,NA,NA,NA,NA,NA,NA,NA,NA,NA,NA,NA,NA,NA,NA,NA,NA,NA,NA,NA,NA,NA,NA,NA,NA,NA
ImmortalsOfAveum-Win64-Shipping.exe,NVIDIA GeForce RTX 4060 Ti,12th Gen Intel(R) Core(TM) i7-12700,3840x2160,D3D12,0,20336,0x0000000063F0AD60,0,0,Hardware Composed: Independent Flip,0,4546.821682,17.109,17.626,0.223,2.104,2.163,0.123,NA,2775,9001,62,52,NA,NA,NA,NA,NA,NA,0.580,0.839,0.580,69,100,100,NA,4367,14, 43,41.920, 65,29,1,20,1,15,1,7,1,83,1,67,1,6,1,1,1,16,13,11,11,NA,NA,NA,NA,NA,NA,NA,NA,NA,NA,NA,NA,NA,NA,NA,NA,NA,NA,NA,NA,NA,NA,NA,NA,NA,NA,NA,NA,NA,NA,NA,NA,NA,NA,NA,NA,NA,NA,NA,NA,NA,NA,NA,NA,NA,NA,NA,NA
ImmortalsOfAveum-Win64-Shipping.exe,NVIDIA GeForce RTX 4060 Ti,12th Gen Intel(R) Core(TM) i7-12700,3840x2160,D3D12,0,20336,0x0000000063F0AD60,0,0,Hardware Composed: Independent Flip,0,4546.839133,17.451,18.662,0.169,0.352,3.374,0.020,NA,2775,9001,62,52,NA,NA,NA,NA,NA,NA,0.569,0.822,0.569,69,100,100,NA,4367,14, 40,41.674, 65,29,1,20,1,15,1,7,1,83,1,67,1,6,1,1,1,16,13,11,11,NA,NA,NA,NA,NA,NA,NA,NA,NA,NA,NA,NA,NA,NA,NA,NA,NA,NA,NA,NA,NA,NA,NA,NA,NA,NA,NA,NA,NA,NA,NA,NA,NA,NA,NA,NA,NA,NA,NA,NA,NA,NA,NA,NA,NA,NA,NA,NA
ImmortalsOfAveum-Win64-Shipping.exe,NVIDIA GeForce RTX 4060 Ti,12th Gen Intel(R) Core(TM) i7-12700,3840x2160,D3D12,0,20336,0x0000000063F0AD60,0,0,Hardware Composed: Independent Flip,0,4546.856028,16.895,16.025,0.197,2.446,2.505,0.145,NA,2775,9001,62,52,NA,NA,NA,NA,NA,NA,0.587,0.849,0.587,69,100,100,NA,4367,14, 40,41.674, 65,29,1,20,1,15,1,7,1,83,1,67,1,6,1,1,1,16,13,11,11,NA,NA,NA,NA,NA,NA,NA,NA,NA,NA,NA,NA,NA,NA,NA,NA,NA,NA,NA,NA,NA,NA,NA,NA,NA,NA,NA,NA,NA,NA,NA,NA,NA,NA,NA,NA,NA,NA,NA,NA,NA,NA,NA,NA,NA,NA,NA,NA
ImmortalsOfAveum-Win64-Shipping.exe,NVIDIA GeForce RTX 4060 Ti,12th Gen Intel(R) Core(TM) i7-12700,3840x2160,D3D12,0,20336,0x0000000063F0AD60,0,0,Hardware Composed: Independent Flip,0,4546.871342,15.314,16.371,0.155,0.532,3.561,0.035,NA,2775,9001,62,52,NA,NA,NA,NA,NA,NA,0.648,0.937,0.648,69,100,100,NA,4367,14, 40,41.674, 65,29,1,20,1,15,1,7,1,83,1,67,1,6,1,1,1,16,13,11,11,NA,NA,NA,NA,NA,NA,NA,NA,NA,NA,NA,NA,NA,NA,NA,NA,NA,NA,NA,NA,NA,NA,NA,NA,NA,NA,NA,NA,NA,NA,NA,NA,NA,NA,NA,NA,NA,NA,NA,NA,NA,NA,NA,NA,NA,NA,NA,NA
ImmortalsOfAveum-Win64-Shipping.exe,NVIDIA GeForce RTX 4060 Ti,12th Gen Intel(R) Core(TM) i7-12700,3840x2160,D3D12,0,20336,0x0000000063F0AD60,0,0,Hardware Composed: Independent Flip,0,4546.888267,16.925,16.014,0.231,2.591,2.650,0.153,NA,2775,9001,62,52,NA,NA,NA,NA,NA,NA,0.586,0.848,0.586,69,100,100,NA,4367,14, 40,41.674, 65,29,1,20,1,15,1,7,1,83,1,67,1,6,1,1,1,16,13,11,11,NA,NA,NA,NA,NA,NA,NA,NA,NA,NA,NA,NA,NA,NA,NA,NA,NA,NA,NA,NA,NA,NA,NA,NA,NA,NA,NA,NA,NA,NA,NA,NA,NA,NA,NA,NA,NA,NA,NA,NA,NA,NA,NA,NA,NA,NA,NA,NA
ImmortalsOfAveum-Win64-Shipping.exe,NVIDIA GeForce RTX 4060 Ti,12th Gen Intel(R) Core(TM) i7-12700,3840x2160,D3D12,0,20336,0x0000000063F0AD60,0,0,Hardware Composed: Independent Flip,0,4546.904656,16.389,17.168,0.160,0.560,3.429,0.034,NA,2775,9001,62,52,NA,NA,NA,NA,NA,NA,0.605,0.876,0.605,69,100,100,NA,4367,14, 40,41.674, 65,29,1,20,1,15,1,7,1,83,1,67,1,6,1,1,1,16,13,11,11,NA,NA,NA,NA,NA,NA,NA,NA,NA,NA,NA,NA,NA,NA,NA,NA,NA,NA,NA,NA,NA,NA,NA,NA,NA,NA,NA,NA,NA,NA,NA,NA,NA,NA,NA,NA,NA,NA,NA,NA,NA,NA,NA,NA,NA,NA,NA,NA
ImmortalsOfAveum-Win64-Shipping.exe,NVIDIA GeForce RTX 4060 Ti,12th Gen Intel(R) Core(TM) i7-12700,3840x2160,D3D12,0,20336,0x0000000063F0AD60,0,0,Hardware Composed: Independent Flip,0,4546.921292,16.637,15.074,0.217,1.808,1.867,0.109,NA,2775,9001,62,52,NA,NA,NA,NA,NA,NA,0.596,0.863,0.596,69,100,100,NA,4367,14, 40,41.674, 65,29,1,20,1,15,1,7,1,83,1,67,1,6,1,1,1,16,13,11,11,NA,NA,NA,NA,NA,NA,NA,NA,NA,NA,NA,NA,NA,NA,NA,NA,NA,NA,NA,NA,NA,NA,NA,NA,NA,NA,NA,NA,NA,NA,NA,NA,NA,NA,NA,NA,NA,NA,NA,NA,NA,NA,NA,NA,NA,NA,NA,NA
ImmortalsOfAveum-Win64-Shipping.exe,NVIDIA GeForce RTX 4060 Ti,12th Gen Intel(R) Core(TM) i7-12700,3840x2160,D3D12,0,20336,0x0000000063F0AD60,0,0,Hardware Composed: Independent Flip,0,4546.938606,17.314,18.089,0.155,0.356,2.642,0.021,NA,2775,9001,62,52,NA,NA,NA,NA,NA,NA,0.573,0.829,0.573,69,100,100,NA,4367,14, 40,41.674, 65,29,1,20,1,15,1,7,1,83,1,67,1,6,1,1,1,16,13,11,11,NA,NA,NA,NA,NA,NA,NA,NA,NA,NA,NA,NA,NA,NA,NA,NA,NA,NA,NA,NA,NA,NA,NA,NA,NA,NA,NA,NA,NA,NA,NA,NA,NA,NA,NA,NA,NA,NA,NA,NA,NA,NA,NA,NA,NA,NA,NA,NA
ImmortalsOfAveum-Win64-Shipping.exe,NVIDIA GeForce RTX 4060 Ti,12th Gen Intel(R) Core(TM) i7-12700,3840x2160,D3D12,0,20336,0x0000000063F0AD60,0,0,Hardware Composed: Independent Flip,0,4546.955768,17.162,17.011,0.217,2.432,2.491,0.142,NA,2775,9001,62,52,NA,NA,NA,NA,NA,NA,0.578,0.836,0.578,69,100,100,NA,4367,14, 40,41.674, 65,29,1,20,1,15,1,7,1,83,1,67,1,6,1,1,1,16,13,11,11,NA,NA,NA,NA,NA,NA,NA,NA,NA,NA,NA,NA,NA,NA,NA,NA,NA,NA,NA,NA,NA,NA,NA,NA,NA,NA,NA,NA,NA,NA,NA,NA,NA,NA,NA,NA,NA,NA,NA,NA,NA,NA,NA,NA,NA,NA,NA,NA
ImmortalsOfAveum-Win64-Shipping.exe,NVIDIA GeForce RTX 4060 Ti,12th Gen Intel(R) Core(TM) i7-12700,3840x2160,D3D12,0,20336,0x0000000063F0AD60,0,0,Hardware Composed: Independent Flip,0,4546.971503,15.735,14.380,0.150,0.362,1.137,0.023,NA,2775,9001,62,52,NA,NA,NA,NA,NA,NA,0.631,0.912,0.631,69,100,100,NA,4367,14, 40,41.674, 65,29,1,20,1,15,1,7,1,83,1,67,1,6,1,1,1,16,13,11,11,NA,NA,NA,NA,NA,NA,NA,NA,NA,NA,NA,NA,NA,NA,NA,NA,NA,NA,NA,NA,NA,NA,NA,NA,NA,NA,NA,NA,NA,NA,NA,NA,NA,NA,NA,NA,NA,NA,NA,NA,NA,NA,NA,NA,NA,NA,NA,NA
ImmortalsOfAveum-Win64-Shipping.exe,NVIDIA GeForce RTX 4060 Ti,12th Gen Intel(R) Core(TM) i7-12700,3840x2160,D3D12,0,20336,0x0000000063F0AD60,0,0,Hardware Composed: Independent Flip,0,4546.988483,16.980,18.338,0.237,2.428,2.494,0.143,NA,2775,9001,62,52,NA,NA,NA,NA,NA,NA,0.584,0.845,0.584,69,100,100,NA,4367,14, 40,41.674, 65,29,1,20,1,15,1,7,1,83,1,67,1,6,1,1,1,16,13,11,11,NA,NA,NA,NA,NA,NA,NA,NA,NA,NA,NA,NA,NA,NA,NA,NA,NA,NA,NA,NA,NA,NA,NA,NA,NA,NA,NA,NA,NA,NA,NA,NA,NA,NA,NA,NA,NA,NA,NA,NA,NA,NA,NA,NA,NA,NA,NA,NA
ImmortalsOfAveum-Win64-Shipping.exe,NVIDIA GeForce RTX 4060 Ti,12th Gen Intel(R) Core(TM) i7-12700,3840x2160,D3D12,0,20336,0x0000000063F0AD60,0,0,Hardware Composed: Independent Flip,0,4547.004898,16.415,16.551,0.161,0.545,2.630,0.033,NA,2775,9001,62,52,NA,NA,NA,NA,NA,NA,0.604,0.874,0.604,69,100,100,NA,4384,13, 40,41.674, 65,30,0,21,0,16,0,0,0,81,0,69,0,0,0,0,0,15,11,9,9,NA,NA,NA,NA,NA,NA,NA,NA,NA,NA,NA,NA,NA,NA,NA,NA,NA,NA,NA,NA,NA,NA,NA,NA,NA,NA,NA,NA,NA,NA,NA,NA,NA,NA,NA,NA,NA,NA,NA,NA,NA,NA,NA,NA,NA,NA,NA,NA
ImmortalsOfAveum-Win64-Shipping.exe,NVIDIA GeForce RTX 4060 Ti,12th Gen Intel(R) Core(TM) i7-12700,3840x2160,D3D12,0,20336,0x0000000063F0AD60,0,0,Hardware Composed: Independent Flip,0,4547.021739,16.840,16.128,0.238,1.860,1.918,0.110,NA,2775,9001,62,52,NA,NA,NA,NA,NA,NA,0.589,0.852,0.589,69,100,100,NA,4384,13, 40,41.674, 65,30,0,21,0,16,0,0,0,81,0,69,0,0,0,0,0,15,11,9,9,NA,NA,NA,NA,NA,NA,NA,NA,NA,NA,NA,NA,NA,NA,NA,NA,NA,NA,NA,NA,NA,NA,NA,NA,NA,NA,NA,NA,NA,NA,NA,NA,NA,NA,NA,NA,NA,NA,NA,NA,NA,NA,NA,NA,NA,NA,NA,NA
ImmortalsOfAveum-Win64-Shipping.exe,NVIDIA GeForce RTX 4060 Ti,12th Gen Intel(R) Core(TM) i7-12700,3840x2160,D3D12,0,20336,0x0000000063F0AD60,0,0,Hardware Composed: Independent Flip,0,4547.037747,16.008,17.494,0.156,0.440,3.404,0.028,NA,2775,9001,62,52,NA,NA,NA,NA,NA,NA,0.619,0.896,0.619,69,100,100,NA,4384,13, 42,42.382, 65,30,0,21,0,16,0,0,0,81,0,69,0,0,0,0,0,15,11,9,9,NA,NA,NA,NA,NA,NA,NA,NA,NA,NA,NA,NA,NA,NA,NA,NA,NA,NA,NA,NA,NA,NA,NA,NA,NA,NA,NA,NA,NA,NA,NA,NA,NA,NA,NA,NA,NA,NA,NA,NA,NA,NA,NA,NA,NA,NA,NA,NA
ImmortalsOfAveum-Win64-Shipping.exe,NVIDIA GeForce RTX 4060 Ti,12th Gen Intel(R) Core(TM) i7-12700,3840x2160,D3D12,0,20336,0x0000000063F0AD60,0,0,Hardware Composed: Independent Flip,0,4547.054685,16.938,15.870,0.241,2.219,2.337,0.131,NA,2775,9001,62,52,NA,NA,NA,NA,NA,NA,0.585,0.847,0.585,69,100,100,NA,4384,13, 42,42.382, 65,30,0,21,0,16,0,0,0,81,0,69,0,0,0,0,0,15,11,9,9,NA,NA,NA,NA,NA,NA,NA,NA,NA,NA,NA,NA,NA,NA,NA,NA,NA,NA,NA,NA,NA,NA,NA,NA,NA,NA,NA,NA,NA,NA,NA,NA,NA,NA,NA,NA,NA,NA,NA,NA,NA,NA,NA,NA,NA,NA,NA,NA
ImmortalsOfAveum-Win64-Shipping.exe,NVIDIA GeForce RTX 4060 Ti,12th Gen Intel(R) Core(TM) i7-12700,3840x2160,D3D12,0,20336,0x0000000063F0AD60,0,0,Hardware Composed: Independent Flip,0,4547.070727,16.042,16.538,0.150,0.555,2.832,0.035,NA,2775,9001,62,52,NA,NA,NA,NA,NA,NA,0.618,0.894,0.618,69,100,100,NA,4384,13, 42,42.382, 65,30,0,21,0,16,0,0,0,81,0,69,0,0,0,0,0,15,11,9,9,NA,NA,NA,NA,NA,NA,NA,NA,NA,NA,NA,NA,NA,NA,NA,NA,NA,NA,NA,NA,NA,NA,NA,NA,NA,NA,NA,NA,NA,NA,NA,NA,NA,NA,NA,NA,NA,NA,NA,NA,NA,NA,NA,NA,NA,NA,NA,NA
ImmortalsOfAveum-Win64-Shipping.exe,NVIDIA GeForce RTX 4060 Ti,12th Gen Intel(R) Core(TM) i7-12700,3840x2160,D3D12,0,20336,0x0000000063F0AD60,0,0,Hardware Composed: Independent Flip,0,4547.087448,16.721,16.177,0.192,2.273,2.288,0.136,NA,2775,9001,62,52,NA,NA,NA,NA,NA,NA,0.593,0.858,0.593,69,100,100,NA,4384,13, 42,42.382, 65,30,0,21,0,16,0,0,0,81,0,69,0,0,0,0,0,15,11,9,9,NA,NA,NA,NA,NA,NA,NA,NA,NA,NA,NA,NA,NA,NA,NA,NA,NA,NA,NA,NA,NA,NA,NA,NA,NA,NA,NA,NA,NA,NA,NA,NA,NA,NA,NA,NA,NA,NA,NA,NA,NA,NA,NA,NA,NA,NA,NA,NA
ImmortalsOfAveum-Win64-Shipping.exe,NVIDIA GeForce RTX 4060 Ti,12th Gen Intel(R) Core(TM) i7-12700,3840x2160,D3D12,0,20336,0x0000000063F0AD60,0,0,Hardware Composed: Independent Flip,0,4547.105094,17.646,17.566,0.198,0.338,2.208,0.019,NA,2775,9001,62,52,NA,NA,NA,NA,NA,NA,0.562,0.813,0.562,69,100,100,NA,4384,13, 42,42.382, 65,30,0,21,0,16,0,0,0,81,0,69,0,0,0,0,0,15,11,9,9,NA,NA,NA,NA,NA,NA,NA,NA,NA,NA,NA,NA,NA,NA,NA,NA,NA,NA,NA,NA,NA,NA,NA,NA,NA,NA,NA,NA,NA,NA,NA,NA,NA,NA,NA,NA,NA,NA,NA,NA,NA,NA,NA,NA,NA,NA,NA,NA
ImmortalsOfAveum-Win64-Shipping.exe,NVIDIA GeForce RTX 4060 Ti,12th Gen Intel(R) Core(TM) i7-12700,3840x2160,D3D12,0,20336,0x0000000063F0AD60,0,0,Hardware Composed: Independent Flip,0,4547.122105,17.011,16.656,0.189,1.794,1.853,0.105,NA,2775,9001,62,52,NA,NA,NA,NA,NA,NA,0.583,0.843,0.583,69,100,100,NA,4384,13, 42,42.382, 65,30,0,21,0,16,0,0,0,81,0,69,0,0,0,0,0,15,11,9,9,NA,NA,NA,NA,NA,NA,NA,NA,NA,NA,NA,NA,NA,NA,NA,NA,NA,NA,NA,NA,NA,NA,NA,NA,NA,NA,NA,NA,NA,NA,NA,NA,NA,NA,NA,NA,NA,NA,NA,NA,NA,NA,NA,NA,NA,NA,NA,NA
ImmortalsOfAveum-Win64-Shipping.exe,NVIDIA GeForce RTX 4060 Ti,12th Gen Intel(R) Core(TM) i7-12700,3840x2160,D3D12,0,20336,0x0000000063F0AD60,0,0,Hardware Composed: Independent Flip,0,4547.137717,15.612,15.463,0.144,0.545,1.704,0.035,NA,2775,9001,62,52,NA,NA,NA,NA,NA,NA,0.635,0.919,0.635,69,100,100,NA,4384,13, 42,42.382, 65,30,0,21,0,16,0,0,0,81,0,69,0,0,0,0,0,15,11,9,9,NA,NA,NA,NA,NA,NA,NA,NA,NA,NA,NA,NA,NA,NA,NA,NA,NA,NA,NA,NA,NA,NA,NA,NA,NA,NA,NA,NA,NA,NA,NA,NA,NA,NA,NA,NA,NA,NA,NA,NA,NA,NA,NA,NA,NA,NA,NA,NA
ImmortalsOfAveum-Win64-Shipping.exe,NVIDIA GeForce RTX 4060 Ti,12th Gen Intel(R) Core(TM) i7-12700,3840x2160,D3D12,0,20336,0x0000000063F0AD60,0,0,Hardware Composed: Independent Flip,0,4547.154719,17.002,17.227,0.228,1.868,1.929,0.110,NA,2775,9001,62,52,NA,NA,NA,NA,NA,NA,0.583,0.844,0.583,69,100,100,NA,4384,13, 42,42.382, 65,30,0,21,0,16,0,0,0,81,0,69,0,0,0,0,0,15,11,9,9,NA,NA,NA,NA,NA,NA,NA,NA,NA,NA,NA,NA,NA,NA,NA,NA,NA,NA,NA,NA,NA,NA,NA,NA,NA,NA,NA,NA,NA,NA,NA,NA,NA,NA,NA,NA,NA,NA,NA,NA,NA,NA,NA,NA,NA,NA,NA,NA
ImmortalsOfAveum-Win64-Shipping.exe,NVIDIA GeForce RTX 4060 Ti,12th Gen Intel(R) Core(TM) i7-12700,3840x2160,D3D12,0,20336,0x0000000063F0AD60,0,0,Hardware Composed: Independent Flip,0,4547.171999,17.280,17.457,0.166,0.351,2.105,0.020,NA,2775,9001,62,52,NA,NA,NA,NA,NA,NA,0.574,0.830,0.574,69,100,100,NA,4384,13, 42,42.382, 65,30,0,21,0,16,0,0,0,81,0,69,0,0,0,0,0,15,11,9,9,NA,NA,NA,NA,NA,NA,NA,NA,NA,NA,NA,NA,NA,NA,NA,NA,NA,NA,NA,NA,NA,NA,NA,NA,NA,NA,NA,NA,NA,NA,NA,NA,NA,NA,NA,NA,NA,NA,NA,NA,NA,NA,NA,NA,NA,NA,NA,NA
ImmortalsOfAveum-Win64-Shipping.exe,NVIDIA GeForce RTX 4060 Ti,12th Gen Intel(R) Core(TM) i7-12700,3840x2160,D3D12,0,20336,0x0000000063F0AD60,0,0,Hardware Composed: Independent Flip,0,4547.189025,17.026,17.011,0.228,2.031,2.090,0.119,NA,2775,9001,62,52,NA,NA,NA,NA,NA,NA,0.582,0.842,0.582,69,100,100,NA,4384,13, 42,42.382, 65,30,0,21,0,16,0,0,0,81,0,69,0,0,0,0,0,15,11,9,9,NA,NA,NA,NA,NA,NA,NA,NA,NA,NA,NA,NA,NA,NA,NA,NA,NA,NA,NA,NA,NA,NA,NA,NA,NA,NA,NA,NA,NA,NA,NA,NA,NA,NA,NA,NA,NA,NA,NA,NA,NA,NA,NA,NA,NA,NA,NA,NA
ImmortalsOfAveum-Win64-Shipping.exe,NVIDIA GeForce RTX 4060 Ti,12th Gen Intel(R) Core(TM) i7-12700,3840x2160,D3D12,0,20336,0x0000000063F0AD60,0,0,Hardware Composed: Independent Flip,0,4547.204981,15.956,16.029,0.155,0.533,2.163,0.033,NA,2775,9001,62,52,NA,NA,NA,NA,NA,NA,0.622,0.899,0.622,69,100,100,NA,4384,13, 42,42.382, 65,30,0,21,0,16,0,0,0,81,0,69,0,0,0,0,0,15,11,9,9,NA,NA,NA,NA,NA,NA,NA,NA,NA,NA,NA,NA,NA,NA,NA,NA,NA,NA,NA,NA,NA,NA,NA,NA,NA,NA,NA,NA,NA,NA,NA,NA,NA,NA,NA,NA,NA,NA,NA,NA,NA,NA,NA,NA,NA,NA,NA,NA
ImmortalsOfAveum-Win64-Shipping.exe,NVIDIA GeForce RTX 4060 Ti,12th Gen Intel(R) Core(TM) i7-12700,3840x2160,D3D12,0,20336,0x0000000063F0AD60,0,0,Hardware Composed: Independent Flip,0,4547.222025,17.044,16.459,0.195,1.566,1.578,0.092,NA,2775,9001,62,52,NA,NA,NA,NA,NA,NA,0.582,0.842,0.582,69,100,100,NA,4384,13, 42,42.382, 65,30,0,21,0,16,0,0,0,81,0,69,0,0,0,0,0,15,11,9,9,NA,NA,NA,NA,NA,NA,NA,NA,NA,NA,NA,NA,NA,NA,NA,NA,NA,NA,NA,NA,NA,NA,NA,NA,NA,NA,NA,NA,NA,NA,NA,NA,NA,NA,NA,NA,NA,NA,NA,NA,NA,NA,NA,NA,NA,NA,NA,NA
ImmortalsOfAveum-Win64-Shipping.exe,NVIDIA GeForce RTX 4060 Ti,12th Gen Intel(R) Core(TM) i7-12700,3840x2160,D3D12,0,20336,0x0000000063F0AD60,0,0,Hardware Composed: Independent Flip,0,4547.237457,15.432,16.527,0.146,0.559,2.673,0.036,NA,2775,9001,62,52,NA,NA,NA,NA,NA,NA,0.643,0.929,0.643,69,100,100,NA,4384,13, 39,41.840, 65,30,0,21,0,16,0,0,0,81,0,69,0,0,0,0,0,15,11,9,9,NA,NA,NA,NA,NA,NA,NA,NA,NA,NA,NA,NA,NA,NA,NA,NA,NA,NA,NA,NA,NA,NA,NA,NA,NA,NA,NA,NA,NA,NA,NA,NA,NA,NA,NA,NA,NA,NA,NA,NA,NA,NA,NA,NA,NA,NA,NA,NA
ImmortalsOfAveum-Win64-Shipping.exe,NVIDIA GeForce RTX 4060 Ti,12th Gen Intel(R) Core(TM) i7-12700,3840x2160,D3D12,0,20336,0x0000000063F0AD60,0,0,Hardware Composed: Independent Flip,0,4547.254103,16.645,16.335,0.246,2.303,2.362,0.138,NA,2775,9001,62,52,NA,NA,NA,NA,NA,NA,0.596,0.862,0.596,69,100,100,NA,4384,13, 39,41.840, 65,30,0,21,0,16,0,0,0,81,0,69,0,0,0,0,0,15,11,9,9,NA,NA,NA,NA,NA,NA,NA,NA,NA,NA,NA,NA,NA,NA,NA,NA,NA,NA,NA,NA,NA,NA,NA,NA,NA,NA,NA,NA,NA,NA,NA,NA,NA,NA,NA,NA,NA,NA,NA,NA,NA,NA,NA,NA,NA,NA,NA,NA
ImmortalsOfAveum-Win64-Shipping.exe,NVIDIA GeForce RTX 4060 Ti,12th Gen Intel(R) Core(TM) i7-12700,3840x2160,D3D12,0,20336,0x0000000063F0AD60,0,0,Hardware Composed: Independent Flip,0,4547.270218,16.115,16.354,0.157,0.534,2.601,0.033,NA,2775,9001,62,52,NA,NA,NA,NA,NA,NA,0.615,0.890,0.615,69,100,100,NA,4384,13, 39,41.840, 65,30,0,21,0,16,0,0,0,81,0,69,0,0,0,0,0,15,11,9,9,NA,NA,NA,NA,NA,NA,NA,NA,NA,NA,NA,NA,NA,NA,NA,NA,NA,NA,NA,NA,NA,NA,NA,NA,NA,NA,NA,NA,NA,NA,NA,NA,NA,NA,NA,NA,NA,NA,NA,NA,NA,NA,NA,NA,NA,NA,NA,NA
ImmortalsOfAveum-Win64-Shipping.exe,NVIDIA GeForce RTX 4060 Ti,12th Gen Intel(R) Core(TM) i7-12700,3840x2160,D3D12,0,20336,0x0000000063F0AD60,0,0,Hardware Composed: Independent Flip,0,4547.286866,16.648,16.360,0.188,2.253,2.313,0.135,NA,2775,9001,62,52,NA,NA,NA,NA,NA,NA,0.596,0.862,0.596,69,100,100,NA,4384,13, 39,41.840, 65,30,0,21,0,16,0,0,0,81,0,69,0,0,0,0,0,15,11,9,9,NA,NA,NA,NA,NA,NA,NA,NA,NA,NA,NA,NA,NA,NA,NA,NA,NA,NA,NA,NA,NA,NA,NA,NA,NA,NA,NA,NA,NA,NA,NA,NA,NA,NA,NA,NA,NA,NA,NA,NA,NA,NA,NA,NA,NA,NA,NA,NA
ImmortalsOfAveum-Win64-Shipping.exe,NVIDIA GeForce RTX 4060 Ti,12th Gen Intel(R) Core(TM) i7-12700,3840x2160,D3D12,0,20336,0x0000000063F0AD60,0,0,Hardware Composed: Independent Flip,0,4547.304617,17.750,17.838,0.161,0.352,2.401,0.020,NA,2775,9001,62,52,NA,NA,NA,NA,NA,NA,0.559,0.808,0.559,69,100,100,NA,4384,13, 39,41.840, 65,30,0,21,0,16,0,0,0,81,0,69,0,0,0,0,0,15,11,9,9,NA,NA,NA,NA,NA,NA,NA,NA,NA,NA,NA,NA,NA,NA,NA,NA,NA,NA,NA,NA,NA,NA,NA,NA,NA,NA,NA,NA,NA,NA,NA,NA,NA,NA,NA,NA,NA,NA,NA,NA,NA,NA,NA,NA,NA,NA,NA,NA
ImmortalsOfAveum-Win64-Shipping.exe,NVIDIA GeForce RTX 4060 Ti,12th Gen Intel(R) Core(TM) i7-12700,3840x2160,D3D12,0,20336,0x0000000063F0AD60,0,0,Hardware Composed: Independent Flip,0,4547.321753,17.136,17.246,0.190,2.449,2.510,0.143,NA,2775,9001,62,52,NA,NA,NA,NA,NA,NA,0.579,0.837,0.579,69,100,100,NA,4384,13, 39,41.840, 65,30,0,21,0,16,0,0,0,81,0,69,0,0,0,0,0,15,11,9,9,NA,NA,NA,NA,NA,NA,NA,NA,NA,NA,NA,NA,NA,NA,NA,NA,NA,NA,NA,NA,NA,NA,NA,NA,NA,NA,NA,NA,NA,NA,NA,NA,NA,NA,NA,NA,NA,NA,NA,NA,NA,NA,NA,NA,NA,NA,NA,NA
ImmortalsOfAveum-Win64-Shipping.exe,NVIDIA GeForce RTX 4060 Ti,12th Gen Intel(R) Core(TM) i7-12700,3840x2160,D3D12,0,20336,0x0000000063F0AD60,0,0,Hardware Composed: Independent Flip,0,4547.338070,16.317,15.593,0.184,0.482,1.786,0.030,NA,2775,9001,62,52,NA,NA,NA,NA,NA,NA,0.608,0.879,0.608,69,100,100,NA,4384,13, 39,41.840, 65,30,0,21,0,16,0,0,0,81,0,69,0,0,0,0,0,15,11,9,9,NA,NA,NA,NA,NA,NA,NA,NA,NA,NA,NA,NA,NA,NA,NA,NA,NA,NA,NA,NA,NA,NA,NA,NA,NA,NA,NA,NA,NA,NA,NA,NA,NA,NA,NA,NA,NA,NA,NA,NA,NA,NA,NA,NA,NA,NA,NA,NA
ImmortalsOfAveum-Win64-Shipping.exe,NVIDIA GeForce RTX 4060 Ti,12th Gen Intel(R) Core(TM) i7-12700,3840x2160,D3D12,0,20336,0x0000000063F0AD60,0,0,Hardware Composed: Independent Flip,0,4547.355225,17.155,17.206,0.354,1.826,1.837,0.106,NA,2775,9001,62,52,NA,NA,NA,NA,NA,NA,0.578,0.836,0.578,69,100,100,NA,4384,13, 39,41.840, 65,30,0,21,0,16,0,0,0,81,0,69,0,0,0,0,0,15,11,9,9,NA,NA,NA,NA,NA,NA,NA,NA,NA,NA,NA,NA,NA,NA,NA,NA,NA,NA,NA,NA,NA,NA,NA,NA,NA,NA,NA,NA,NA,NA,NA,NA,NA,NA,NA,NA,NA,NA,NA,NA,NA,NA,NA,NA,NA,NA,NA,NA
ImmortalsOfAveum-Win64-Shipping.exe,NVIDIA GeForce RTX 4060 Ti,12th Gen Intel(R) Core(TM) i7-12700,3840x2160,D3D12,0,20336,0x0000000063F0AD60,0,0,Hardware Composed: Independent Flip,0,4547.371655,16.430,17.067,0.158,0.353,2.474,0.022,NA,2775,9001,62,52,NA,NA,NA,NA,NA,NA,0.604,0.873,0.604,69,100,100,NA,4384,13, 39,41.840, 65,30,0,21,0,16,0,0,0,81,0,69,0,0,0,0,0,15,11,9,9,NA,NA,NA,NA,NA,NA,NA,NA,NA,NA,NA,NA,NA,NA,NA,NA,NA,NA,NA,NA,NA,NA,NA,NA,NA,NA,NA,NA,NA,NA,NA,NA,NA,NA,NA,NA,NA,NA,NA,NA,NA,NA,NA,NA,NA,NA,NA,NA
ImmortalsOfAveum-Win64-Shipping.exe,NVIDIA GeForce RTX 4060 Ti,12th Gen Intel(R) Core(TM) i7-12700,3840x2160,D3D12,0,20336,0x0000000063F0AD60,0,0,Hardware Composed: Independent Flip,0,4547.388689,17.034,17.037,0.242,2.415,2.477,0.142,NA,2775,9001,62,52,NA,NA,NA,NA,NA,NA,0.582,0.842,0.582,69,100,100,NA,4384,13, 39,41.840, 65,30,0,21,0,16,0,0,0,81,0,69,0,0,0,0,0,15,11,9,9,NA,NA,NA,NA,NA,NA,NA,NA,NA,NA,NA,NA,NA,NA,NA,NA,NA,NA,NA,NA,NA,NA,NA,NA,NA,NA,NA,NA,NA,NA,NA,NA,NA,NA,NA,NA,NA,NA,NA,NA,NA,NA,NA,NA,NA,NA,NA,NA
ImmortalsOfAveum-Win64-Shipping.exe,NVIDIA GeForce RTX 4060 Ti,12th Gen Intel(R) Core(TM) i7-12700,3840x2160,D3D12,0,20336,0x0000000063F0AD60,0,0,Hardware Composed: Independent Flip,0,4547.404829,16.140,16.578,0.140,0.734,2.915,0.045,NA,2775,9001,62,52,NA,NA,NA,NA,NA,NA,0.614,0.889,0.614,69,100,100,NA,4384,13, 39,41.840, 65,30,0,21,0,16,0,0,0,81,0,69,0,0,0,0,0,15,11,9,9,NA,NA,NA,NA,NA,NA,NA,NA,NA,NA,NA,NA,NA,NA,NA,NA,NA,NA,NA,NA,NA,NA,NA,NA,NA,NA,NA,NA,NA,NA,NA,NA,NA,NA,NA,NA,NA,NA,NA,NA,NA,NA,NA,NA,NA,NA,NA,NA
ImmortalsOfAveum-Win64-Shipping.exe,NVIDIA GeForce RTX 4060 Ti,12th Gen Intel(R) Core(TM) i7-12700,3840x2160,D3D12,0,20336,0x0000000063F0AD60,0,0,Hardware Composed: Independent Flip,0,4547.421774,16.945,16.172,0.205,2.085,2.142,0.123,NA,2775,9001,62,52,NA,NA,NA,NA,NA,NA,0.585,0.846,0.585,69,100,100,NA,4384,13, 39,41.840, 65,30,0,21,0,16,0,0,0,81,0,69,0,0,0,0,0,15,11,9,9,NA,NA,NA,NA,NA,NA,NA,NA,NA,NA,NA,NA,NA,NA,NA,NA,NA,NA,NA,NA,NA,NA,NA,NA,NA,NA,NA,NA,NA,NA,NA,NA,NA,NA,NA,NA,NA,NA,NA,NA,NA,NA,NA,NA,NA,NA,NA,NA
ImmortalsOfAveum-Win64-Shipping.exe,NVIDIA GeForce RTX 4060 Ti,12th Gen Intel(R) Core(TM) i7-12700,3840x2160,D3D12,0,20336,0x0000000063F0AD60,0,0,Hardware Composed: Independent Flip,0,4547.438069,16.296,16.948,0.177,0.394,2.794,0.024,NA,2775,9001,62,52,NA,NA,NA,NA,NA,NA,0.609,0.880,0.609,69,100,100,NA,4384,13, 41,42.294, 65,30,0,21,0,16,0,0,0,81,0,69,0,0,0,0,0,15,11,9,9,NA,NA,NA,NA,NA,NA,NA,NA,NA,NA,NA,NA,NA,NA,NA,NA,NA,NA,NA,NA,NA,NA,NA,NA,NA,NA,NA,NA,NA,NA,NA,NA,NA,NA,NA,NA,NA,NA,NA,NA,NA,NA,NA,NA,NA,NA,NA,NA
ImmortalsOfAveum-Win64-Shipping.exe,NVIDIA GeForce RTX 4060 Ti,12th Gen Intel(R) Core(TM) i7-12700,3840x2160,D3D12,0,20336,0x0000000063F0AD60,0,0,Hardware Composed: Independent Flip,0,4547.454758,16.688,15.813,0.215,1.860,1.919,0.111,NA,2775,9001,62,52,NA,NA,NA,NA,NA,NA,0.594,0.859,0.594,69,100,100,NA,4384,13, 41,42.294, 65,30,0,21,0,16,0,0,0,81,0,69,0,0,0,0,0,15,11,9,9,NA,NA,NA,NA,NA,NA,NA,NA,NA,NA,NA,NA,NA,NA,NA,NA,NA,NA,NA,NA,NA,NA,NA,NA,NA,NA,NA,NA,NA,NA,NA,NA,NA,NA,NA,NA,NA,NA,NA,NA,NA,NA,NA,NA,NA,NA,NA,NA
ImmortalsOfAveum-Win64-Shipping.exe,NVIDIA GeForce RTX 4060 Ti,12th Gen Intel(R) Core(TM) i7-12700,3840x2160,D3D12,0,20336,0x0000000063F0AD60,0,0,Hardware Composed: Independent Flip,0,4547.472024,17.266,17.710,0.161,0.358,2.363,0.021,NA,2775,9001,62,52,NA,NA,NA,NA,NA,NA,0.574,0.831,0.574,69,100,100,NA,4384,13, 41,42.294, 65,30,0,21,0,16,0,0,0,81,0,69,0,0,0,0,0,15,11,9,9,NA,NA,NA,NA,NA,NA,NA,NA,NA,NA,NA,NA,NA,NA,NA,NA,NA,NA,NA,NA,NA,NA,NA,NA,NA,NA,NA,NA,NA,NA,NA,NA,NA,NA,NA,NA,NA,NA,NA,NA,NA,NA,NA,NA,NA,NA,NA,NA
ImmortalsOfAveum-Win64-Shipping.exe,NVIDIA GeForce RTX 4060 Ti,12th Gen Intel(R) Core(TM) i7-12700,3840x2160,D3D12,0,20336,0x0000000063F0AD60,0,0,Hardware Composed: Independent Flip,0,4547.488968,16.944,16.189,0.202,1.591,1.609,0.094,NA,2775,9001,62,52,NA,NA,NA,NA,NA,NA,0.585,0.847,0.585,69,100,100,NA,4384,13, 41,42.294, 65,30,0,21,0,16,0,0,0,81,0,69,0,0,0,0,0,15,11,9,9,NA,NA,NA,NA,NA,NA,NA,NA,NA,NA,NA,NA,NA,NA,NA,NA,NA,NA,NA,NA,NA,NA,NA,NA,NA,NA,NA,NA,NA,NA,NA,NA,NA,NA,NA,NA,NA,NA,NA,NA,NA,NA,NA,NA,NA,NA,NA,NA
ImmortalsOfAveum-Win64-Shipping.exe,NVIDIA GeForce RTX 4060 Ti,12th Gen Intel(R) Core(TM) i7-12700,3840x2160,D3D12,0,20336,0x0000000063F0AD60,0,0,Hardware Composed: Independent Flip,0,4547.504383,15.415,15.408,0.139,0.545,1.602,0.035,NA,2775,9001,62,52,NA,NA,NA,NA,NA,NA,0.643,0.930,0.643,69,100,100,NA,4384,13, 41,42.294, 65,30,0,21,0,16,0,0,0,81,0,69,0,0,0,0,0,15,11,9,9,NA,NA,NA,NA,NA,NA,NA,NA,NA,NA,NA,NA,NA,NA,NA,NA,NA,NA,NA,NA,NA,NA,NA,NA,NA,NA,NA,NA,NA,NA,NA,NA,NA,NA,NA,NA,NA,NA,NA,NA,NA,NA,NA,NA,NA,NA,NA,NA
ImmortalsOfAveum-Win64-Shipping.exe,NVIDIA GeForce RTX 4060 Ti,12th Gen Intel(R) Core(TM) i7-12700,3840x2160,D3D12,0,20336,0x0000000063F0AD60,0,0,Hardware Composed: Independent Flip,0,4547.521133,16.751,17.028,0.198,1.819,1.879,0.109,NA,2775,9001,62,52,NA,NA,NA,NA,NA,NA,0.591,0.854,0.591,69,101,101,NA,4372,15, 41,42.294, 65,30,1,21,1,17,1,11,1,79,1,73,1,1,1,1,1,16,13,11,12,NA,NA,NA,NA,NA,NA,NA,NA,NA,NA,NA,NA,NA,NA,NA,NA,NA,NA,NA,NA,NA,NA,NA,NA,NA,NA,NA,NA,NA,NA,NA,NA,NA,NA,NA,NA,NA,NA,NA,NA,NA,NA,NA,NA,NA,NA,NA,NA
ImmortalsOfAveum-Win64-Shipping.exe,NVIDIA GeForce RTX 4060 Ti,12th Gen Intel(R) Core(TM) i7-12700,3840x2160,D3D12,0,20336,0x0000000063F0AD60,0,0,Hardware Composed: Independent Flip,0,4547.538409,17.276,17.178,0.164,0.358,1.781,0.021,NA,2775,9001,62,52,NA,NA,NA,NA,NA,NA,0.573,0.828,0.573,69,101,101,NA,4372,15, 41,42.294, 65,30,1,21,1,17,1,11,1,79,1,73,1,1,1,1,1,16,13,11,12,NA,NA,NA,NA,NA,NA,NA,NA,NA,NA,NA,NA,NA,NA,NA,NA,NA,NA,NA,NA,NA,NA,NA,NA,NA,NA,NA,NA,NA,NA,NA,NA,NA,NA,NA,NA,NA,NA,NA,NA,NA,NA,NA,NA,NA,NA,NA,NA
ImmortalsOfAveum-Win64-Shipping.exe,NVIDIA GeForce RTX 4060 Ti,12th Gen Intel(R) Core(TM) i7-12700,3840x2160,D3D12,0,20336,0x0000000063F0AD60,0,0,Hardware Composed: Independent Flip,0,4547.555218,16.808,17.497,0.218,2.409,2.469,0.143,NA,2775,9001,62,52,NA,NA,NA,NA,NA,NA,0.589,0.851,0.589,69,101,101,NA,4372,15, 41,42.294, 65,30,1,21,1,17,1,11,1,79,1,73,1,1,1,1,1,16,13,11,12,NA,NA,NA,NA,NA,NA,NA,NA,NA,NA,NA,NA,NA,NA,NA,NA,NA,NA,NA,NA,NA,NA,NA,NA,NA,NA,NA,NA,NA,NA,NA,NA,NA,NA,NA,NA,NA,NA,NA,NA,NA,NA,NA,NA,NA,NA,NA,NA
ImmortalsOfAveum-Win64-Shipping.exe,NVIDIA GeForce RTX 4060 Ti,12th Gen Intel(R) Core(TM) i7-12700,3840x2160,D3D12,0,20336,0x0000000063F0AD60,0,0,Hardware Composed: Independent Flip,0,4547.572047,16.829,16.054,0.173,0.351,1.694,0.021,NA,2775,9001,62,52,NA,NA,NA,NA,NA,NA,0.588,0.850,0.588,69,101,101,NA,4372,15, 41,42.294, 65,30,1,21,1,17,1,11,1,79,1,73,1,1,1,1,1,16,13,11,12,NA,NA,NA,NA,NA,NA,NA,NA,NA,NA,NA,NA,NA,NA,NA,NA,NA,NA,NA,NA,NA,NA,NA,NA,NA,NA,NA,NA,NA,NA,NA,NA,NA,NA,NA,NA,NA,NA,NA,NA,NA,NA,NA,NA,NA,NA,NA,NA
ImmortalsOfAveum-Win64-Shipping.exe,NVIDIA GeForce RTX 4060 Ti,12th Gen Intel(R) Core(TM) i7-12700,3840x2160,D3D12,0,20336,0x0000000063F0AD60,0,0,Hardware Composed: Independent Flip,0,4547.589162,17.115,17.863,0.184,2.382,2.441,0.139,NA,2775,9001,62,52,NA,NA,NA,NA,NA,NA,0.578,0.836,0.578,69,101,101,NA,4372,15, 41,42.294, 65,30,1,21,1,17,1,11,1,79,1,73,1,1,1,1,1,16,13,11,12,NA,NA,NA,NA,NA,NA,NA,NA,NA,NA,NA,NA,NA,NA,NA,NA,NA,NA,NA,NA,NA,NA,NA,NA,NA,NA,NA,NA,NA,NA,NA,NA,NA,NA,NA,NA,NA,NA,NA,NA,NA,NA,NA,NA,NA,NA,NA,NA
ImmortalsOfAveum-Win64-Shipping.exe,NVIDIA GeForce RTX 4060 Ti,12th Gen Intel(R) Core(TM) i7-12700,3840x2160,D3D12,0,20336,0x0000000063F0AD60,0,0,Hardware Composed: Independent Flip,0,4547.604384,15.222,15.379,0.140,0.544,2.598,0.036,NA,2775,9001,62,52,NA,NA,NA,NA,NA,NA,0.650,0.940,0.650,69,101,101,NA,4372,15, 41,42.294, 65,30,1,21,1,17,1,11,1,79,1,73,1,1,1,1,1,16,13,11,12,NA,NA,NA,NA,NA,NA,NA,NA,NA,NA,NA,NA,NA,NA,NA,NA,NA,NA,NA,NA,NA,NA,NA,NA,NA,NA,NA,NA,NA,NA,NA,NA,NA,NA,NA,NA,NA,NA,NA,NA,NA,NA,NA,NA,NA,NA,NA,NA
ImmortalsOfAveum-Win64-Shipping.exe,NVIDIA GeForce RTX 4060 Ti,12th Gen Intel(R) Core(TM) i7-12700,3840x2160,D3D12,0,20336,0x0000000063F0AD60,0,0,Hardware Composed: Independent Flip,0,4547.621030,16.646,15.805,0.195,1.697,1.758,0.102,NA,2775,9001,62,52,NA,NA,NA,NA,NA,NA,0.595,0.859,0.595,69,101,101,NA,4372,15, 41,42.294, 65,30,1,21,1,17,1,11,1,79,1,73,1,1,1,1,1,16,13,11,12,NA,NA,NA,NA,NA,NA,NA,NA,NA,NA,NA,NA,NA,NA,NA,NA,NA,NA,NA,NA,NA,NA,NA,NA,NA,NA,NA,NA,NA,NA,NA,NA,NA,NA,NA,NA,NA,NA,NA,NA,NA,NA,NA,NA,NA,NA,NA,NA
ImmortalsOfAveum-Win64-Shipping.exe,NVIDIA GeForce RTX 4060 Ti,12th Gen Intel(R) Core(TM) i7-12700,3840x2160,D3D12,0,20336,0x0000000063F0AD60,0,0,Hardware Composed: Independent Flip,0,4547.638090,17.060,18.669,0.159,0.345,3.367,0.020,NA,2775,9001,62,52,NA,NA,NA,NA,NA,NA,0.580,0.838,0.580,69,101,101,NA,4372,15, 41,43.353, 65,30,1,21,1,17,1,11,1,79,1,73,1,1,1,1,1,16,13,11,12,NA,NA,NA,NA,NA,NA,NA,NA,NA,NA,NA,NA,NA,NA,NA,NA,NA,NA,NA,NA,NA,NA,NA,NA,NA,NA,NA,NA,NA,NA,NA,NA,NA,NA,NA,NA,NA,NA,NA,NA,NA,NA,NA,NA,NA,NA,NA,NA
ImmortalsOfAveum-Win64-Shipping.exe,NVIDIA GeForce RTX 4060 Ti,12th Gen Intel(R) Core(TM) i7-12700,3840x2160,D3D12,0,20336,0x0000000063F0AD60,0,0,Hardware Composed: Independent Flip,0,4547.654834,16.744,15.826,0.179,2.437,2.449,0.146,NA,2775,9001,62,52,NA,NA,NA,NA,NA,NA,0.591,0.854,0.591,69,101,101,NA,4372,15, 41,43.353, 65,30,1,21,1,17,1,11,1,79,1,73,1,1,1,1,1,16,13,11,12,NA,NA,NA,NA,NA,NA,NA,NA,NA,NA,NA,NA,NA,NA,NA,NA,NA,NA,NA,NA,NA,NA,NA,NA,NA,NA,NA,NA,NA,NA,NA,NA,NA,NA,NA,NA,NA,NA,NA,NA,NA,NA,NA,NA,NA,NA,NA,NA
ImmortalsOfAveum-Win64-Shipping.exe,NVIDIA GeForce RTX 4060 Ti,12th Gen Intel(R) Core(TM) i7-12700,3840x2160,D3D12,0,20336,0x0000000063F0AD60,0,0,Hardware Composed: Independent Flip,0,4547.671170,16.336,16.289,0.161,0.549,2.402,0.034,NA,2775,9001,62,52,NA,NA,NA,NA,NA,NA,0.606,0.875,0.606,69,101,101,NA,4372,15, 41,43.353, 65,30,1,21,1,17,1,11,1,79,1,73,1,1,1,1,1,16,13,11,12,NA,NA,NA,NA,NA,NA,NA,NA,NA,NA,NA,NA,NA,NA,NA,NA,NA,NA,NA,NA,NA,NA,NA,NA,NA,NA,NA,NA,NA,NA,NA,NA,NA,NA,NA,NA,NA,NA,NA,NA,NA,NA,NA,NA,NA,NA,NA,NA
ImmortalsOfAveum-Win64-Shipping.exe,NVIDIA GeForce RTX 4060 Ti,12th Gen Intel(R) Core(TM) i7-12700,3840x2160,D3D12,0,20336,0x0000000063F0AD60,0,0,Hardware Composed: Independent Flip,0,4547.688141,16.972,20.383,0.244,2.431,5.814,0.143,NA,2775,9001,62,52,NA,NA,NA,NA,NA,NA,0.583,0.843,0.583,69,101,101,NA,4372,15, 41,43.353, 65,30,1,21,1,17,1,11,1,79,1,73,1,1,1,1,1,16,13,11,12,NA,NA,NA,NA,NA,NA,NA,NA,NA,NA,NA,NA,NA,NA,NA,NA,NA,NA,NA,NA,NA,NA,NA,NA,NA,NA,NA,NA,NA,NA,NA,NA,NA,NA,NA,NA,NA,NA,NA,NA,NA,NA,NA,NA,NA,NA,NA,NA
ImmortalsOfAveum-Win64-Shipping.exe,NVIDIA GeForce RTX 4060 Ti,12th Gen Intel(R) Core(TM) i7-12700,3840x2160,D3D12,0,20336,0x0000000063F0AD60,0,0,Hardware Composed: Independent Flip,0,4547.704177,16.036,12.381,0.143,0.551,2.159,0.034,NA,2775,9001,62,52,NA,NA,NA,NA,NA,NA,0.617,0.892,0.617,69,101,101,NA,4372,15, 41,43.353, 65,30,1,21,1,17,1,11,1,79,1,73,1,1,1,1,1,16,13,11,12,NA,NA,NA,NA,NA,NA,NA,NA,NA,NA,NA,NA,NA,NA,NA,NA,NA,NA,NA,NA,NA,NA,NA,NA,NA,NA,NA,NA,NA,NA,NA,NA,NA,NA,NA,NA,NA,NA,NA,NA,NA,NA,NA,NA,NA,NA,NA,NA
ImmortalsOfAveum-Win64-Shipping.exe,NVIDIA GeForce RTX 4060 Ti,12th Gen Intel(R) Core(TM) i7-12700,3840x2160,D3D12,0,20336,0x0000000063F0AD60,0,0,Hardware Composed: Independent Flip,0,4547.720953,16.776,16.689,0.195,2.013,2.073,0.120,NA,2775,9001,62,52,NA,NA,NA,NA,NA,NA,0.590,0.852,0.590,69,101,101,NA,4372,15, 41,43.353, 65,30,1,21,1,17,1,11,1,79,1,73,1,1,1,1,1,16,13,11,12,NA,NA,NA,NA,NA,NA,NA,NA,NA,NA,NA,NA,NA,NA,NA,NA,NA,NA,NA,NA,NA,NA,NA,NA,NA,NA,NA,NA,NA,NA,NA,NA,NA,NA,NA,NA,NA,NA,NA,NA,NA,NA,NA,NA,NA,NA,NA,NA
ImmortalsOfAveum-Win64-Shipping.exe,NVIDIA GeForce RTX 4060 Ti,12th Gen Intel(R) Core(TM) i7-12700,3840x2160,D3D12,0,20336,0x0000000063F0AD60,0,0,Hardware Composed: Independent Flip,0,4547.738419,17.466,18.765,0.161,0.348,3.372,0.020,NA,2775,9001,62,52,NA,NA,NA,NA,NA,NA,0.567,0.819,0.567,69,101,101,NA,4372,15, 41,43.353, 65,30,1,21,1,17,1,11,1,79,1,73,1,1,1,1,1,16,13,11,12,NA,NA,NA,NA,NA,NA,NA,NA,NA,NA,NA,NA,NA,NA,NA,NA,NA,NA,NA,NA,NA,NA,NA,NA,NA,NA,NA,NA,NA,NA,NA,NA,NA,NA,NA,NA,NA,NA,NA,NA,NA,NA,NA,NA,NA,NA,NA,NA
ImmortalsOfAveum-Win64-Shipping.exe,NVIDIA GeForce RTX 4060 Ti,12th Gen Intel(R) Core(TM) i7-12700,3840x2160,D3D12,0,20336,0x0000000063F0AD60,0,0,Hardware Composed: Independent Flip,0,4547.755576,17.157,15.952,0.225,2.108,2.167,0.123,NA,2775,9001,62,52,NA,NA,NA,NA,NA,NA,0.577,0.834,0.577,69,101,101,NA,4372,15, 41,43.353, 65,30,1,21,1,17,1,11,1,79,1,73,1,1,1,1,1,16,13,11,12,NA,NA,NA,NA,NA,NA,NA,NA,NA,NA,NA,NA,NA,NA,NA,NA,NA,NA,NA,NA,NA,NA,NA,NA,NA,NA,NA,NA,NA,NA,NA,NA,NA,NA,NA,NA,NA,NA,NA,NA,NA,NA,NA,NA,NA,NA,NA,NA
ImmortalsOfAveum-Win64-Shipping.exe,NVIDIA GeForce RTX 4060 Ti,12th Gen Intel(R) Core(TM) i7-12700,3840x2160,D3D12,0,20336,0x0000000063F0AD60,0,0,Hardware Composed: Independent Flip,0,4547.771398,15.823,17.233,0.141,0.554,3.577,0.035,NA,2775,9001,62,52,NA,NA,NA,NA,NA,NA,0.625,0.904,0.625,69,101,101,NA,4372,15, 41,43.353, 65,30,1,21,1,17,1,11,1,79,1,73,1,1,1,1,1,16,13,11,12,NA,NA,NA,NA,NA,NA,NA,NA,NA,NA,NA,NA,NA,NA,NA,NA,NA,NA,NA,NA,NA,NA,NA,NA,NA,NA,NA,NA,NA,NA,NA,NA,NA,NA,NA,NA,NA,NA,NA,NA,NA,NA,NA,NA,NA,NA,NA,NA
ImmortalsOfAveum-Win64-Shipping.exe,NVIDIA GeForce RTX 4060 Ti,12th Gen Intel(R) Core(TM) i7-12700,3840x2160,D3D12,0,20336,0x0000000063F0AD60,0,0,Hardware Composed: Independent Flip,0,4547.788458,17.060,15.300,0.211,1.758,1.818,0.103,NA,2775,9001,62,52,NA,NA,NA,NA,NA,NA,0.580,0.838,0.580,69,101,101,NA,4372,15, 41,43.353, 65,30,1,21,1,17,1,11,1,79,1,73,1,1,1,1,1,16,13,11,12,NA,NA,NA,NA,NA,NA,NA,NA,NA,NA,NA,NA,NA,NA,NA,NA,NA,NA,NA,NA,NA,NA,NA,NA,NA,NA,NA,NA,NA,NA,NA,NA,NA,NA,NA,NA,NA,NA,NA,NA,NA,NA,NA,NA,NA,NA,NA,NA
ImmortalsOfAveum-Win64-Shipping.exe,NVIDIA GeForce RTX 4060 Ti,12th Gen Intel(R) Core(TM) i7-12700,3840x2160,D3D12,0,20336,0x0000000063F0AD60,0,0,Hardware Composed: Independent Flip,0,4547.805656,17.198,18.745,0.194,0.342,3.364,0.020,NA,2775,9001,62,52,NA,NA,NA,NA,NA,NA,0.575,0.832,0.575,69,101,101,NA,4372,15, 41,43.353, 65,30,1,21,1,17,1,11,1,79,1,73,1,1,1,1,1,16,13,11,12,NA,NA,NA,NA,NA,NA,NA,NA,NA,NA,NA,NA,NA,NA,NA,NA,NA,NA,NA,NA,NA,NA,NA,NA,NA,NA,NA,NA,NA,NA,NA,NA,NA,NA,NA,NA,NA,NA,NA,NA,NA,NA,NA,NA,NA,NA,NA,NA
ImmortalsOfAveum-Win64-Shipping.exe,NVIDIA GeForce RTX 4060 Ti,12th Gen Intel(R) Core(TM) i7-12700,3840x2160,D3D12,0,20336,0x0000000063F0AD60,0,0,Hardware Composed: Independent Flip,0,4547.822666,17.010,15.134,0.202,1.476,1.488,0.087,NA,2775,9001,62,52,NA,NA,NA,NA,NA,NA,0.582,0.841,0.582,69,101,101,NA,4372,15, 41,43.353, 65,30,1,21,1,17,1,11,1,79,1,73,1,1,1,1,1,16,13,11,12,NA,NA,NA,NA,NA,NA,NA,NA,NA,NA,NA,NA,NA,NA,NA,NA,NA,NA,NA,NA,NA,NA,NA,NA,NA,NA,NA,NA,NA,NA,NA,NA,NA,NA,NA,NA,NA,NA,NA,NA,NA,NA,NA,NA,NA,NA,NA,NA
ImmortalsOfAveum-Win64-Shipping.exe,NVIDIA GeForce RTX 4060 Ti,12th Gen Intel(R) Core(TM) i7-12700,3840x2160,D3D12,0,20336,0x0000000063F0AD60,0,0,Hardware Composed: Independent Flip,0,4547.838071,15.405,16.632,0.144,0.532,2.715,0.035,NA,2775,9001,62,52,NA,NA,NA,NA,NA,NA,0.642,0.928,0.642,69,101,101,NA,4372,15, 41,42.967, 65,30,1,21,1,17,1,11,1,79,1,73,1,1,1,1,1,16,13,11,12,NA,NA,NA,NA,NA,NA,NA,NA,NA,NA,NA,NA,NA,NA,NA,NA,NA,NA,NA,NA,NA,NA,NA,NA,NA,NA,NA,NA,NA,NA,NA,NA,NA,NA,NA,NA,NA,NA,NA,NA,NA,NA,NA,NA,NA,NA,NA,NA
ImmortalsOfAveum-Win64-Shipping.exe,NVIDIA GeForce RTX 4060 Ti,12th Gen Intel(R) Core(TM) i7-12700,3840x2160,D3D12,0,20336,0x0000000063F0AD60,0,0,Hardware Composed: Independent Flip,0,4547.854959,16.889,16.440,0.241,2.205,2.266,0.131,NA,2775,9001,62,52,NA,NA,NA,NA,NA,NA,0.586,0.847,0.586,69,101,101,NA,4372,15, 41,42.967, 65,30,1,21,1,17,1,11,1,79,1,73,1,1,1,1,1,16,13,11,12,NA,NA,NA,NA,NA,NA,NA,NA,NA,NA,NA,NA,NA,NA,NA,NA,NA,NA,NA,NA,NA,NA,NA,NA,NA,NA,NA,NA,NA,NA,NA,NA,NA,NA,NA,NA,NA,NA,NA,NA,NA,NA,NA,NA,NA,NA,NA,NA
ImmortalsOfAveum-Win64-Shipping.exe,NVIDIA GeForce RTX 4060 Ti,12th Gen Intel(R) Core(TM) i7-12700,3840x2160,D3D12,0,20336,0x0000000063F0AD60,0,0,Hardware Composed: Independent Flip,0,4547.871728,16.768,16.279,0.155,0.357,1.777,0.021,NA,2775,9001,62,52,NA,NA,NA,NA,NA,NA,0.590,0.853,0.590,69,101,101,NA,4372,15, 41,42.967, 65,30,1,21,1,17,1,11,1,79,1,73,1,1,1,1,1,16,13,11,12,NA,NA,NA,NA,NA,NA,NA,NA,NA,NA,NA,NA,NA,NA,NA,NA,NA,NA,NA,NA,NA,NA,NA,NA,NA,NA,NA,NA,NA,NA,NA,NA,NA,NA,NA,NA,NA,NA,NA,NA,NA,NA,NA,NA,NA,NA,NA,NA
ImmortalsOfAveum-Win64-Shipping.exe,NVIDIA GeForce RTX 4060 Ti,12th Gen Intel(R) Core(TM) i7-12700,3840x2160,D3D12,0,20336,0x0000000063F0AD60,0,0,Hardware Composed: Independent Flip,0,4547.888520,16.793,16.967,0.235,1.936,1.951,0.115,NA,2775,9001,62,52,NA,NA,NA,NA,NA,NA,0.589,0.852,0.589,69,101,101,NA,4372,15, 41,42.967, 65,30,1,21,1,17,1,11,1,79,1,73,1,1,1,1,1,16,13,11,12,NA,NA,NA,NA,NA,NA,NA,NA,NA,NA,NA,NA,NA,NA,NA,NA,NA,NA,NA,NA,NA,NA,NA,NA,NA,NA,NA,NA,NA,NA,NA,NA,NA,NA,NA,NA,NA,NA,NA,NA,NA,NA,NA,NA,NA,NA,NA,NA
ImmortalsOfAveum-Win64-Shipping.exe,NVIDIA GeForce RTX 4060 Ti,12th Gen Intel(R) Core(TM) i7-12700,3840x2160,D3D12,0,20336,0x0000000063F0AD60,0,0,Hardware Composed: Independent Flip,0,4547.904110,15.590,15.675,0.138,0.542,2.036,0.035,NA,2775,9001,62,52,NA,NA,NA,NA,NA,NA,0.635,0.917,0.635,69,101,101,NA,4372,15, 41,42.967, 65,30,1,21,1,17,1,11,1,79,1,73,1,1,1,1,1,16,13,11,12,NA,NA,NA,NA,NA,NA,NA,NA,NA,NA,NA,NA,NA,NA,NA,NA,NA,NA,NA,NA,NA,NA,NA,NA,NA,NA,NA,NA,NA,NA,NA,NA,NA,NA,NA,NA,NA,NA,NA,NA,NA,NA,NA,NA,NA,NA,NA,NA
ImmortalsOfAveum-Win64-Shipping.exe,NVIDIA GeForce RTX 4060 Ti,12th Gen Intel(R) Core(TM) i7-12700,3840x2160,D3D12,0,20336,0x0000000063F0AD60,0,0,Hardware Composed: Independent Flip,0,4547.920873,16.762,16.856,0.251,2.115,2.129,0.126,NA,2775,9001,62,52,NA,NA,NA,NA,NA,NA,0.590,0.853,0.590,69,101,101,NA,4372,15, 41,42.967, 65,30,1,21,1,17,1,11,1,79,1,73,1,1,1,1,1,16,13,11,12,NA,NA,NA,NA,NA,NA,NA,NA,NA,NA,NA,NA,NA,NA,NA,NA,NA,NA,NA,NA,NA,NA,NA,NA,NA,NA,NA,NA,NA,NA,NA,NA,NA,NA,NA,NA,NA,NA,NA,NA,NA,NA,NA,NA,NA,NA,NA,NA
ImmortalsOfAveum-Win64-Shipping.exe,NVIDIA GeForce RTX 4060 Ti,12th Gen Intel(R) Core(TM) i7-12700,3840x2160,D3D12,0,20336,0x0000000063F0AD60,0,0,Hardware Composed: Independent Flip,0,4547.938461,17.588,17.920,0.187,0.333,2.460,0.019,NA,2775,9001,62,52,NA,NA,NA,NA,NA,NA,0.563,0.813,0.563,69,101,101,NA,4372,15, 41,42.967, 65,30,1,21,1,17,1,11,1,79,1,73,1,1,1,1,1,16,13,11,12,NA,NA,NA,NA,NA,NA,NA,NA,NA,NA,NA,NA,NA,NA,NA,NA,NA,NA,NA,NA,NA,NA,NA,NA,NA,NA,NA,NA,NA,NA,NA,NA,NA,NA,NA,NA,NA,NA,NA,NA,NA,NA,NA,NA,NA,NA,NA,NA
ImmortalsOfAveum-Win64-Shipping.exe,NVIDIA GeForce RTX 4060 Ti,12th Gen Intel(R) Core(TM) i7-12700,3840x2160,D3D12,0,20336,0x0000000063F0AD60,0,0,Hardware Composed: Independent Flip,0,4547.955394,16.932,16.197,0.225,1.712,1.725,0.101,NA,2775,9001,62,52,NA,NA,NA,NA,NA,NA,0.584,0.845,0.584,69,101,101,NA,4372,15, 41,42.967, 65,30,1,21,1,17,1,11,1,79,1,73,1,1,1,1,1,16,13,11,12,NA,NA,NA,NA,NA,NA,NA,NA,NA,NA,NA,NA,NA,NA,NA,NA,NA,NA,NA,NA,NA,NA,NA,NA,NA,NA,NA,NA,NA,NA,NA,NA,NA,NA,NA,NA,NA,NA,NA,NA,NA,NA,NA,NA,NA,NA,NA,NA
ImmortalsOfAveum-Win64-Shipping.exe,NVIDIA GeForce RTX 4060 Ti,12th Gen Intel(R) Core(TM) i7-12700,3840x2160,D3D12,0,20336,0x0000000063F0AD60,0,0,Hardware Composed: Independent Flip,0,4547.970855,15.461,15.862,0.144,0.543,2.125,0.035,NA,2775,9001,62,52,NA,NA,NA,NA,NA,NA,0.640,0.925,0.640,69,101,101,NA,4372,15, 41,42.967, 65,30,1,21,1,17,1,11,1,79,1,73,1,1,1,1,1,16,13,11,12,NA,NA,NA,NA,NA,NA,NA,NA,NA,NA,NA,NA,NA,NA,NA,NA,NA,NA,NA,NA,NA,NA,NA,NA,NA,NA,NA,NA,NA,NA,NA,NA,NA,NA,NA,NA,NA,NA,NA,NA,NA,NA,NA,NA,NA,NA,NA,NA
ImmortalsOfAveum-Win64-Shipping.exe,NVIDIA GeForce RTX 4060 Ti,12th Gen Intel(R) Core(TM) i7-12700,3840x2160,D3D12,0,20336,0x0000000063F0AD60,0,0,Hardware Composed: Independent Flip,0,4547.987769,16.914,16.450,0.190,1.601,1.661,0.095,NA,2775,9001,62,52,NA,NA,NA,NA,NA,NA,0.585,0.845,0.585,69,101,101,NA,4372,15, 41,42.967, 65,30,1,21,1,17,1,11,1,79,1,73,1,1,1,1,1,16,13,11,12,NA,NA,NA,NA,NA,NA,NA,NA,NA,NA,NA,NA,NA,NA,NA,NA,NA,NA,NA,NA,NA,NA,NA,NA,NA,NA,NA,NA,NA,NA,NA,NA,NA,NA,NA,NA,NA,NA,NA,NA,NA,NA,NA,NA,NA,NA,NA,NA
ImmortalsOfAveum-Win64-Shipping.exe,NVIDIA GeForce RTX 4060 Ti,12th Gen Intel(R) Core(TM) i7-12700,3840x2160,D3D12,0,20336,0x0000000063F0AD60,0,0,Hardware Composed: Independent Flip,0,4548.005855,18.086,18.514,0.181,0.348,2.089,0.019,NA,2775,9001,62,52,NA,NA,NA,NA,NA,NA,0.547,0.791,0.547,69,101,101,NA,4372,15, 41,42.967, 65,30,1,21,1,17,1,11,1,79,1,73,1,1,1,1,1,16,13,11,12,NA,NA,NA,NA,NA,NA,NA,NA,NA,NA,NA,NA,NA,NA,NA,NA,NA,NA,NA,NA,NA,NA,NA,NA,NA,NA,NA,NA,NA,NA,NA,NA,NA,NA,NA,NA,NA,NA,NA,NA,NA,NA,NA,NA,NA,NA,NA,NA
ImmortalsOfAveum-Win64-Shipping.exe,NVIDIA GeForce RTX 4060 Ti,12th Gen Intel(R) Core(TM) i7-12700,3840x2160,D3D12,0,20336,0x0000000063F0AD60,0,0,Hardware Composed: Independent Flip,0,4548.022964,17.108,17.158,0.238,2.075,2.138,0.121,NA,2775,9001,62,52,NA,NA,NA,NA,NA,NA,0.578,0.836,0.578,69,101,101,NA,4372,13, 41,42.967, 65,26,0,18,0,16,0,12,0,72,0,78,0,0,0,0,0,13,9,8,7,NA,NA,NA,NA,NA,NA,NA,NA,NA,NA,NA,NA,NA,NA,NA,NA,NA,NA,NA,NA,NA,NA,NA,NA,NA,NA,NA,NA,NA,NA,NA,NA,NA,NA,NA,NA,NA,NA,NA,NA,NA,NA,NA,NA,NA,NA,NA,NA
ImmortalsOfAveum-Win64-Shipping.exe,NVIDIA GeForce RTX 4060 Ti,12th Gen Intel(R) Core(TM) i7-12700,3840x2160,D3D12,0,20336,0x0000000063F0AD60,0,0,Hardware Composed: Independent Flip,0,4548.037750,14.786,13.848,0.179,0.502,1.200,0.034,NA,2775,9001,62,52,NA,NA,NA,NA,NA,NA,0.669,0.967,0.669,69,101,101,NA,4372,13, 43,43.087, 65,26,0,18,0,16,0,12,0,72,0,78,0,0,0,0,0,13,9,8,7,NA,NA,NA,NA,NA,NA,NA,NA,NA,NA,NA,NA,NA,NA,NA,NA,NA,NA,NA,NA,NA,NA,NA,NA,NA,NA,NA,NA,NA,NA,NA,NA,NA,NA,NA,NA,NA,NA,NA,NA,NA,NA,NA,NA,NA,NA,NA,NA
ImmortalsOfAveum-Win64-Shipping.exe,NVIDIA GeForce RTX 4060 Ti,12th Gen Intel(R) Core(TM) i7-12700,3840x2160,D3D12,0,20336,0x0000000063F0AD60,0,0,Hardware Composed: Independent Flip,0,4548.054657,16.907,17.330,0.200,1.610,1.623,0.095,NA,2775,9001,62,52,NA,NA,NA,NA,NA,NA,0.585,0.846,0.585,69,101,101,NA,4372,13, 43,43.087, 65,26,0,18,0,16,0,12,0,72,0,78,0,0,0,0,0,13,9,8,7,NA,NA,NA,NA,NA,NA,NA,NA,NA,NA,NA,NA,NA,NA,NA,NA,NA,NA,NA,NA,NA,NA,NA,NA,NA,NA,NA,NA,NA,NA,NA,NA,NA,NA,NA,NA,NA,NA,NA,NA,NA,NA,NA,NA,NA,NA,NA,NA
ImmortalsOfAveum-Win64-Shipping.exe,NVIDIA GeForce RTX 4060 Ti,12th Gen Intel(R) Core(TM) i7-12700,3840x2160,D3D12,0,20336,0x0000000063F0AD60,0,0,Hardware Composed: Independent Flip,0,4548.071829,17.173,18.245,0.157,0.348,2.696,0.020,NA,2775,9001,62,52,NA,NA,NA,NA,NA,NA,0.576,0.833,0.576,69,101,101,NA,4372,13, 43,43.087, 65,26,0,18,0,16,0,12,0,72,0,78,0,0,0,0,0,13,9,8,7,NA,NA,NA,NA,NA,NA,NA,NA,NA,NA,NA,NA,NA,NA,NA,NA,NA,NA,NA,NA,NA,NA,NA,NA,NA,NA,NA,NA,NA,NA,NA,NA,NA,NA,NA,NA,NA,NA,NA,NA,NA,NA,NA,NA,NA,NA,NA,NA
ImmortalsOfAveum-Win64-Shipping.exe,NVIDIA GeForce RTX 4060 Ti,12th Gen Intel(R) Core(TM) i7-12700,3840x2160,D3D12,0,20336,0x0000000063F0AD60,0,0,Hardware Composed: Independent Flip,0,4548.088565,16.736,16.048,0.197,1.950,2.008,0.117,NA,2775,9001,62,52,NA,NA,NA,NA,NA,NA,0.591,0.855,0.591,69,101,101,NA,4372,13, 43,43.087, 65,26,0,18,0,16,0,12,0,72,0,78,0,0,0,0,0,13,9,8,7,NA,NA,NA,NA,NA,NA,NA,NA,NA,NA,NA,NA,NA,NA,NA,NA,NA,NA,NA,NA,NA,NA,NA,NA,NA,NA,NA,NA,NA,NA,NA,NA,NA,NA,NA,NA,NA,NA,NA,NA,NA,NA,NA,NA,NA,NA,NA,NA
ImmortalsOfAveum-Win64-Shipping.exe,NVIDIA GeForce RTX 4060 Ti,12th Gen Intel(R) Core(TM) i7-12700,3840x2160,D3D12,0,20336,0x0000000063F0AD60,0,0,Hardware Composed: Independent Flip,0,4548.104991,16.426,16.657,0.163,0.352,2.239,0.021,NA,2775,9001,62,52,NA,NA,NA,NA,NA,NA,0.602,0.871,0.602,69,101,101,NA,4372,13, 43,43.087, 65,26,0,18,0,16,0,12,0,72,0,78,0,0,0,0,0,13,9,8,7,NA,NA,NA,NA,NA,NA,NA,NA,NA,NA,NA,NA,NA,NA,NA,NA,NA,NA,NA,NA,NA,NA,NA,NA,NA,NA,NA,NA,NA,NA,NA,NA,NA,NA,NA,NA,NA,NA,NA,NA,NA,NA,NA,NA,NA,NA,NA,NA
ImmortalsOfAveum-Win64-Shipping.exe,NVIDIA GeForce RTX 4060 Ti,12th Gen Intel(R) Core(TM) i7-12700,3840x2160,D3D12,0,20336,0x0000000063F0AD60,0,0,Hardware Composed: Independent Flip,0,4548.122049,17.059,16.714,0.215,1.880,1.894,0.110,NA,2775,9001,62,52,NA,NA,NA,NA,NA,NA,0.580,0.838,0.580,69,101,101,NA,4372,13, 43,43.087, 65,26,0,18,0,16,0,12,0,72,0,78,0,0,0,0,0,13,9,8,7,NA,NA,NA,NA,NA,NA,NA,NA,NA,NA,NA,NA,NA,NA,NA,NA,NA,NA,NA,NA,NA,NA,NA,NA,NA,NA,NA,NA,NA,NA,NA,NA,NA,NA,NA,NA,NA,NA,NA,NA,NA,NA,NA,NA,NA,NA,NA,NA
ImmortalsOfAveum-Win64-Shipping.exe,NVIDIA GeForce RTX 4060 Ti,12th Gen Intel(R) Core(TM) i7-12700,3840x2160,D3D12,0,20336,0x0000000063F0AD60,0,0,Hardware Composed: Independent Flip,0,4548.137730,15.680,15.896,0.142,0.541,2.110,0.035,NA,2775,9001,62,52,NA,NA,NA,NA,NA,NA,0.631,0.912,0.631,69,101,101,NA,4372,13, 43,43.087, 65,26,0,18,0,16,0,12,0,72,0,78,0,0,0,0,0,13,9,8,7,NA,NA,NA,NA,NA,NA,NA,NA,NA,NA,NA,NA,NA,NA,NA,NA,NA,NA,NA,NA,NA,NA,NA,NA,NA,NA,NA,NA,NA,NA,NA,NA,NA,NA,NA,NA,NA,NA,NA,NA,NA,NA,NA,NA,NA,NA,NA,NA
ImmortalsOfAveum-Win64-Shipping.exe,NVIDIA GeForce RTX 4060 Ti,12th Gen Intel(R) Core(TM) i7-12700,3840x2160,D3D12,0,20336,0x0000000063F0AD60,0,0,Hardware Composed: Independent Flip,0,4548.154356,16.626,16.404,0.223,1.827,1.888,0.110,NA,2775,9001,62,52,NA,NA,NA,NA,NA,NA,0.595,0.860,0.595,69,101,101,NA,4372,13, 43,43.087, 65,26,0,18,0,16,0,12,0,72,0,78,0,0,0,0,0,13,9,8,7,NA,NA,NA,NA,NA,NA,NA,NA,NA,NA,NA,NA,NA,NA,NA,NA,NA,NA,NA,NA,NA,NA,NA,NA,NA,NA,NA,NA,NA,NA,NA,NA,NA,NA,NA,NA,NA,NA,NA,NA,NA,NA,NA,NA,NA,NA,NA,NA
ImmortalsOfAveum-Win64-Shipping.exe,NVIDIA GeForce RTX 4060 Ti,12th Gen Intel(R) Core(TM) i7-12700,3840x2160,D3D12,0,20336,0x0000000063F0AD60,0,0,Hardware Composed: Independent Flip,0,4548.171577,17.221,17.642,0.169,0.346,2.309,0.020,NA,2775,9001,62,52,NA,NA,NA,NA,NA,NA,0.575,0.830,0.575,69,101,101,NA,4372,13, 43,43.087, 65,26,0,18,0,16,0,12,0,72,0,78,0,0,0,0,0,13,9,8,7,NA,NA,NA,NA,NA,NA,NA,NA,NA,NA,NA,NA,NA,NA,NA,NA,NA,NA,NA,NA,NA,NA,NA,NA,NA,NA,NA,NA,NA,NA,NA,NA,NA,NA,NA,NA,NA,NA,NA,NA,NA,NA,NA,NA,NA,NA,NA,NA
ImmortalsOfAveum-Win64-Shipping.exe,NVIDIA GeForce RTX 4060 Ti,12th Gen Intel(R) Core(TM) i7-12700,3840x2160,D3D12,0,20336,0x0000000063F0AD60,0,0,Hardware Composed: Independent Flip,0,4548.188459,16.882,16.994,0.186,2.407,2.421,0.143,NA,2775,9001,62,52,NA,NA,NA,NA,NA,NA,0.586,0.847,0.586,69,101,101,NA,4372,13, 43,43.087, 65,26,0,18,0,16,0,12,0,72,0,78,0,0,0,0,0,13,9,8,7,NA,NA,NA,NA,NA,NA,NA,NA,NA,NA,NA,NA,NA,NA,NA,NA,NA,NA,NA,NA,NA,NA,NA,NA,NA,NA,NA,NA,NA,NA,NA,NA,NA,NA,NA,NA,NA,NA,NA,NA,NA,NA,NA,NA,NA,NA,NA,NA
ImmortalsOfAveum-Win64-Shipping.exe,NVIDIA GeForce RTX 4060 Ti,12th Gen Intel(R) Core(TM) i7-12700,3840x2160,D3D12,0,20336,0x0000000063F0AD60,0,0,Hardware Composed: Independent Flip,0,4548.204631,16.172,15.637,0.140,0.546,1.886,0.034,NA,2775,9001,62,52,NA,NA,NA,NA,NA,NA,0.612,0.884,0.612,69,101,101,NA,4372,13, 43,43.087, 65,26,0,18,0,16,0,12,0,72,0,78,0,0,0,0,0,13,9,8,7,NA,NA,NA,NA,NA,NA,NA,NA,NA,NA,NA,NA,NA,NA,NA,NA,NA,NA,NA,NA,NA,NA,NA,NA,NA,NA,NA,NA,NA,NA,NA,NA,NA,NA,NA,NA,NA,NA,NA,NA,NA,NA,NA,NA,NA,NA,NA,NA
ImmortalsOfAveum-Win64-Shipping.exe,NVIDIA GeForce RTX 4060 Ti,12th Gen Intel(R) Core(TM) i7-12700,3840x2160,D3D12,0,20336,0x0000000063F0AD60,0,0,Hardware Composed: Independent Flip,0,4548.221635,17.004,16.806,0.240,1.674,1.688,0.098,NA,2775,9001,62,52,NA,NA,NA,NA,NA,NA,0.582,0.841,0.582,69,101,101,NA,4372,13, 43,43.087, 65,26,0,18,0,16,0,12,0,72,0,78,0,0,0,0,0,13,9,8,7,NA,NA,NA,NA,NA,NA,NA,NA,NA,NA,NA,NA,NA,NA,NA,NA,NA,NA,NA,NA,NA,NA,NA,NA,NA,NA,NA,NA,NA,NA,NA,NA,NA,NA,NA,NA,NA,NA,NA,NA,NA,NA,NA,NA,NA,NA,NA,NA
ImmortalsOfAveum-Win64-Shipping.exe,NVIDIA GeForce RTX 4060 Ti,12th Gen Intel(R) Core(TM) i7-12700,3840x2160,D3D12,0,20336,0x0000000063F0AD60,0,0,Hardware Composed: Independent Flip,0,4548.238684,17.048,17.699,0.175,0.335,2.339,0.020,NA,2775,9001,62,52,NA,NA,NA,NA,NA,NA,0.581,0.839,0.581,69,101,101,NA,4372,13, 41,42.019, 65,26,0,18,0,16,0,12,0,72,0,78,0,0,0,0,0,13,9,8,7,NA,NA,NA,NA,NA,NA,NA,NA,NA,NA,NA,NA,NA,NA,NA,NA,NA,NA,NA,NA,NA,NA,NA,NA,NA,NA,NA,NA,NA,NA,NA,NA,NA,NA,NA,NA,NA,NA,NA,NA,NA,NA,NA,NA,NA,NA,NA,NA
ImmortalsOfAveum-Win64-Shipping.exe,NVIDIA GeForce RTX 4060 Ti,12th Gen Intel(R) Core(TM) i7-12700,3840x2160,D3D12,0,20336,0x0000000063F0AD60,0,0,Hardware Composed: Independent Flip,0,4548.255699,17.015,16.472,0.231,1.783,1.796,0.105,NA,2775,9001,62,52,NA,NA,NA,NA,NA,NA,0.582,0.841,0.582,69,101,101,NA,4372,13, 41,42.019, 65,26,0,18,0,16,0,12,0,72,0,78,0,0,0,0,0,13,9,8,7,NA,NA,NA,NA,NA,NA,NA,NA,NA,NA,NA,NA,NA,NA,NA,NA,NA,NA,NA,NA,NA,NA,NA,NA,NA,NA,NA,NA,NA,NA,NA,NA,NA,NA,NA,NA,NA,NA,NA,NA,NA,NA,NA,NA,NA,NA,NA,NA
ImmortalsOfAveum-Win64-Shipping.exe,NVIDIA GeForce RTX 4060 Ti,12th Gen Intel(R) Core(TM) i7-12700,3840x2160,D3D12,0,20336,0x0000000063F0AD60,0,0,Hardware Composed: Independent Flip,0,4548.271299,15.600,15.869,0.173,0.516,2.065,0.033,NA,2775,9001,62,52,NA,NA,NA,NA,NA,NA,0.634,0.917,0.634,69,101,101,NA,4372,13, 41,42.019, 65,26,0,18,0,16,0,12,0,72,0,78,0,0,0,0,0,13,9,8,7,NA,NA,NA,NA,NA,NA,NA,NA,NA,NA,NA,NA,NA,NA,NA,NA,NA,NA,NA,NA,NA,NA,NA,NA,NA,NA,NA,NA,NA,NA,NA,NA,NA,NA,NA,NA,NA,NA,NA,NA,NA,NA,NA,NA,NA,NA,NA,NA
ImmortalsOfAveum-Win64-Shipping.exe,NVIDIA GeForce RTX 4060 Ti,12th Gen Intel(R) Core(TM) i7-12700,3840x2160,D3D12,0,20336,0x0000000063F0AD60,0,0,Hardware Composed: Independent Flip,0,4548.288173,16.874,17.175,0.197,2.305,2.366,0.137,NA,2775,9001,62,52,NA,NA,NA,NA,NA,NA,0.586,0.848,0.586,69,101,101,NA,4372,13, 41,42.019, 65,26,0,18,0,16,0,12,0,72,0,78,0,0,0,0,0,13,9,8,7,NA,NA,NA,NA,NA,NA,NA,NA,NA,NA,NA,NA,NA,NA,NA,NA,NA,NA,NA,NA,NA,NA,NA,NA,NA,NA,NA,NA,NA,NA,NA,NA,NA,NA,NA,NA,NA,NA,NA,NA,NA,NA,NA,NA,NA,NA,NA,NA
ImmortalsOfAveum-Win64-Shipping.exe,NVIDIA GeForce RTX 4060 Ti,12th Gen Intel(R) Core(TM) i7-12700,3840x2160,D3D12,0,20336,0x0000000063F0AD60,0,0,Hardware Composed: Independent Flip,0,4548.304332,16.159,16.201,0.163,0.545,2.408,0.034,NA,2775,9001,62,52,NA,NA,NA,NA,NA,NA,0.612,0.885,0.612,69,101,101,NA,4372,13, 41,42.019, 65,26,0,18,0,16,0,12,0,72,0,78,0,0,0,0,0,13,9,8,7,NA,NA,NA,NA,NA,NA,NA,NA,NA,NA,NA,NA,NA,NA,NA,NA,NA,NA,NA,NA,NA,NA,NA,NA,NA,NA,NA,NA,NA,NA,NA,NA,NA,NA,NA,NA,NA,NA,NA,NA,NA,NA,NA,NA,NA,NA,NA,NA
ImmortalsOfAveum-Win64-Shipping.exe,NVIDIA GeForce RTX 4060 Ti,12th Gen Intel(R) Core(TM) i7-12700,3840x2160,D3D12,0,20336,0x0000000063F0AD60,0,0,Hardware Composed: Independent Flip,0,4548.320988,16.656,16.119,0.191,1.858,1.871,0.112,NA,2775,9001,62,52,NA,NA,NA,NA,NA,NA,0.594,0.859,0.594,69,101,101,NA,4372,13, 41,42.019, 65,26,0,18,0,16,0,12,0,72,0,78,0,0,0,0,0,13,9,8,7,NA,NA,NA,NA,NA,NA,NA,NA,NA,NA,NA,NA,NA,NA,NA,NA,NA,NA,NA,NA,NA,NA,NA,NA,NA,NA,NA,NA,NA,NA,NA,NA,NA,NA,NA,NA,NA,NA,NA,NA,NA,NA,NA,NA,NA,NA,NA,NA
ImmortalsOfAveum-Win64-Shipping.exe,NVIDIA GeForce RTX 4060 Ti,12th Gen Intel(R) Core(TM) i7-12700,3840x2160,D3D12,0,20336,0x0000000063F0AD60,0,0,Hardware Composed: Independent Flip,0,4548.338244,17.256,18.059,0.155,0.354,2.674,0.021,NA,2775,9001,62,52,NA,NA,NA,NA,NA,NA,0.574,0.829,0.574,69,101,101,NA,4372,13, 41,42.019, 65,26,0,18,0,16,0,12,0,72,0,78,0,0,0,0,0,13,9,8,7,NA,NA,NA,NA,NA,NA,NA,NA,NA,NA,NA,NA,NA,NA,NA,NA,NA,NA,NA,NA,NA,NA,NA,NA,NA,NA,NA,NA,NA,NA,NA,NA,NA,NA,NA,NA,NA,NA,NA,NA,NA,NA,NA,NA,NA,NA,NA,NA
ImmortalsOfAveum-Win64-Shipping.exe,NVIDIA GeForce RTX 4060 Ti,12th Gen Intel(R) Core(TM) i7-12700,3840x2160,D3D12,0,20336,0x0000000063F0AD60,0,0,Hardware Composed: Independent Flip,0,4548.355353,17.109,16.318,0.214,1.864,1.882,0.109,NA,2775,9001,62,52,NA,NA,NA,NA,NA,NA,0.578,0.836,0.578,69,101,101,NA,4372,13, 41,42.019, 65,26,0,18,0,16,0,12,0,72,0,78,0,0,0,0,0,13,9,8,7,NA,NA,NA,NA,NA,NA,NA,NA,NA,NA,NA,NA,NA,NA,NA,NA,NA,NA,NA,NA,NA,NA,NA,NA,NA,NA,NA,NA,NA,NA,NA,NA,NA,NA,NA,NA,NA,NA,NA,NA,NA,NA,NA,NA,NA,NA,NA,NA
ImmortalsOfAveum-Win64-Shipping.exe,NVIDIA GeForce RTX 4060 Ti,12th Gen Intel(R) Core(TM) i7-12700,3840x2160,D3D12,0,20336,0x0000000063F0AD60,0,0,Hardware Composed: Independent Flip,0,4548.371100,15.746,15.761,0.134,0.549,1.897,0.035,NA,2775,9001,62,52,NA,NA,NA,NA,NA,NA,0.629,0.908,0.629,69,101,101,NA,4372,13, 41,42.019, 65,26,0,18,0,16,0,12,0,72,0,78,0,0,0,0,0,13,9,8,7,NA,NA,NA,NA,NA,NA,NA,NA,NA,NA,NA,NA,NA,NA,NA,NA,NA,NA,NA,NA,NA,NA,NA,NA,NA,NA,NA,NA,NA,NA,NA,NA,NA,NA,NA,NA,NA,NA,NA,NA,NA,NA,NA,NA,NA,NA,NA,NA
ImmortalsOfAveum-Win64-Shipping.exe,NVIDIA GeForce RTX 4060 Ti,12th Gen Intel(R) Core(TM) i7-12700,3840x2160,D3D12,0,20336,0x0000000063F0AD60,0,0,Hardware Composed: Independent Flip,0,4548.388055,16.955,16.930,0.191,1.815,1.872,0.107,NA,2775,9001,62,52,NA,NA,NA,NA,NA,NA,0.584,0.843,0.584,69,101,101,NA,4372,13, 41,42.019, 65,26,0,18,0,16,0,12,0,72,0,78,0,0,0,0,0,13,9,8,7,NA,NA,NA,NA,NA,NA,NA,NA,NA,NA,NA,NA,NA,NA,NA,NA,NA,NA,NA,NA,NA,NA,NA,NA,NA,NA,NA,NA,NA,NA,NA,NA,NA,NA,NA,NA,NA,NA,NA,NA,NA,NA,NA,NA,NA,NA,NA,NA
ImmortalsOfAveum-Win64-Shipping.exe,NVIDIA GeForce RTX 4060 Ti,12th Gen Intel(R) Core(TM) i7-12700,3840x2160,D3D12,0,20336,0x0000000063F0AD60,0,0,Hardware Composed: Independent Flip,0,4548.405304,17.248,17.318,0.143,0.344,1.941,0.020,NA,2775,9001,62,52,NA,NA,NA,NA,NA,NA,0.574,0.829,0.574,69,101,101,NA,4372,13, 41,42.019, 65,26,0,18,0,16,0,12,0,72,0,78,0,0,0,0,0,13,9,8,7,NA,NA,NA,NA,NA,NA,NA,NA,NA,NA,NA,NA,NA,NA,NA,NA,NA,NA,NA,NA,NA,NA,NA,NA,NA,NA,NA,NA,NA,NA,NA,NA,NA,NA,NA,NA,NA,NA,NA,NA,NA,NA,NA,NA,NA,NA,NA,NA
ImmortalsOfAveum-Win64-Shipping.exe,NVIDIA GeForce RTX 4060 Ti,12th Gen Intel(R) Core(TM) i7-12700,3840x2160,D3D12,0,20336,0x0000000063F0AD60,0,0,Hardware Composed: Independent Flip,0,4548.422313,17.009,16.651,0.192,1.571,1.583,0.092,NA,2775,9001,62,52,NA,NA,NA,NA,NA,NA,0.582,0.841,0.582,69,101,101,NA,4372,13, 41,42.019, 65,26,0,18,0,16,0,12,0,72,0,78,0,0,0,0,0,13,9,8,7,NA,NA,NA,NA,NA,NA,NA,NA,NA,NA,NA,NA,NA,NA,NA,NA,NA,NA,NA,NA,NA,NA,NA,NA,NA,NA,NA,NA,NA,NA,NA,NA,NA,NA,NA,NA,NA,NA,NA,NA,NA,NA,NA,NA,NA,NA,NA,NA
ImmortalsOfAveum-Win64-Shipping.exe,NVIDIA GeForce RTX 4060 Ti,12th Gen Intel(R) Core(TM) i7-12700,3840x2160,D3D12,0,20336,0x0000000063F0AD60,0,0,Hardware Composed: Independent Flip,0,4548.438445,16.133,16.296,0.149,0.351,1.746,0.022,NA,2775,9001,62,52,NA,NA,NA,NA,NA,NA,0.613,0.886,0.613,69,101,101,NA,4372,13, 40,42.264, 65,26,0,18,0,16,0,12,0,72,0,78,0,0,0,0,0,13,9,8,7,NA,NA,NA,NA,NA,NA,NA,NA,NA,NA,NA,NA,NA,NA,NA,NA,NA,NA,NA,NA,NA,NA,NA,NA,NA,NA,NA,NA,NA,NA,NA,NA,NA,NA,NA,NA,NA,NA,NA,NA,NA,NA,NA,NA,NA,NA,NA,NA
ImmortalsOfAveum-Win64-Shipping.exe,NVIDIA GeForce RTX 4060 Ti,12th Gen Intel(R) Core(TM) i7-12700,3840x2160,D3D12,0,20336,0x0000000063F0AD60,0,0,Hardware Composed: Independent Flip,0,4548.455529,17.083,17.107,0.243,1.710,1.770,0.100,NA,2775,9001,62,52,NA,NA,NA,NA,NA,NA,0.579,0.837,0.579,69,101,101,NA,4372,13, 40,42.264, 65,26,0,18,0,16,0,12,0,72,0,78,0,0,0,0,0,13,9,8,7,NA,NA,NA,NA,NA,NA,NA,NA,NA,NA,NA,NA,NA,NA,NA,NA,NA,NA,NA,NA,NA,NA,NA,NA,NA,NA,NA,NA,NA,NA,NA,NA,NA,NA,NA,NA,NA,NA,NA,NA,NA,NA,NA,NA,NA,NA,NA,NA
ImmortalsOfAveum-Win64-Shipping.exe,NVIDIA GeForce RTX 4060 Ti,12th Gen Intel(R) Core(TM) i7-12700,3840x2160,D3D12,0,20336,0x0000000063F0AD60,0,0,Hardware Composed: Independent Flip,0,4548.473668,18.139,18.289,0.158,0.355,1.920,0.020,NA,2775,9001,62,52,NA,NA,NA,NA,NA,NA,0.546,0.788,0.546,69,101,101,NA,4372,13, 40,42.264, 65,26,0,18,0,16,0,12,0,72,0,78,0,0,0,0,0,13,9,8,7,NA,NA,NA,NA,NA,NA,NA,NA,NA,NA,NA,NA,NA,NA,NA,NA,NA,NA,NA,NA,NA,NA,NA,NA,NA,NA,NA,NA,NA,NA,NA,NA,NA,NA,NA,NA,NA,NA,NA,NA,NA,NA,NA,NA,NA,NA,NA,NA
ImmortalsOfAveum-Win64-Shipping.exe,NVIDIA GeForce RTX 4060 Ti,12th Gen Intel(R) Core(TM) i7-12700,3840x2160,D3D12,0,20336,0x0000000063F0AD60,0,0,Hardware Composed: Independent Flip,0,4548.490906,17.239,17.384,0.245,2.006,2.065,0.116,NA,2775,9001,62,52,NA,NA,NA,NA,NA,NA,0.574,0.830,0.574,69,101,101,NA,4372,13, 40,42.264, 65,26,0,18,0,16,0,12,0,72,0,78,0,0,0,0,0,13,9,8,7,NA,NA,NA,NA,NA,NA,NA,NA,NA,NA,NA,NA,NA,NA,NA,NA,NA,NA,NA,NA,NA,NA,NA,NA,NA,NA,NA,NA,NA,NA,NA,NA,NA,NA,NA,NA,NA,NA,NA,NA,NA,NA,NA,NA,NA,NA,NA,NA
ImmortalsOfAveum-Win64-Shipping.exe,NVIDIA GeForce RTX 4060 Ti,12th Gen Intel(R) Core(TM) i7-12700,3840x2160,D3D12,0,20336,0x0000000063F0AD60,0,0,Hardware Composed: Independent Flip,0,4548.504649,13.742,13.152,0.175,0.506,1.475,0.037,NA,2775,9001,62,52,NA,NA,NA,NA,NA,NA,0.720,1.041,0.720,69,101,101,NA,4372,13, 40,42.264, 65,26,0,18,0,16,0,12,0,72,0,78,0,0,0,0,0,13,9,8,7,NA,NA,NA,NA,NA,NA,NA,NA,NA,NA,NA,NA,NA,NA,NA,NA,NA,NA,NA,NA,NA,NA,NA,NA,NA,NA,NA,NA,NA,NA,NA,NA,NA,NA,NA,NA,NA,NA,NA,NA,NA,NA,NA,NA,NA,NA,NA,NA
ImmortalsOfAveum-Win64-Shipping.exe,NVIDIA GeForce RTX 4060 Ti,12th Gen Intel(R) Core(TM) i7-12700,3840x2160,D3D12,0,20336,0x0000000063F0AD60,0,0,Hardware Composed: Independent Flip,0,4548.521303,16.655,17.672,0.192,2.435,2.492,0.146,NA,2775,9001,62,52,NA,NA,NA,NA,NA,NA,0.594,0.859,0.594,69,101,101,NA,4372,13, 40,42.264, 65,26,0,18,0,16,0,12,0,72,0,78,0,0,0,0,0,13,9,8,7,NA,NA,NA,NA,NA,NA,NA,NA,NA,NA,NA,NA,NA,NA,NA,NA,NA,NA,NA,NA,NA,NA,NA,NA,NA,NA,NA,NA,NA,NA,NA,NA,NA,NA,NA,NA,NA,NA,NA,NA,NA,NA,NA,NA,NA,NA,NA,NA
ImmortalsOfAveum-Win64-Shipping.exe,NVIDIA GeForce RTX 4060 Ti,12th Gen Intel(R) Core(TM) i7-12700,3840x2160,D3D12,0,20336,0x0000000063F0AD60,0,0,Hardware Composed: Independent Flip,0,4548.538246,16.943,17.818,0.166,0.343,3.367,0.020,NA,2775,9001,63,51,NA,NA,NA,NA,NA,NA,0.583,0.843,0.583,70,101,101,NA,4375,14, 40,42.264, 65,29,1,20,1,18,1,14,1,75,1,76,1,1,1,1,1,15,12,10,10,NA,NA,NA,NA,NA,NA,NA,NA,NA,NA,NA,NA,NA,NA,NA,NA,NA,NA,NA,NA,NA,NA,NA,NA,NA,NA,NA,NA,NA,NA,NA,NA,NA,NA,NA,NA,NA,NA,NA,NA,NA,NA,NA,NA,NA,NA,NA,NA
ImmortalsOfAveum-Win64-Shipping.exe,NVIDIA GeForce RTX 4060 Ti,12th Gen Intel(R) Core(TM) i7-12700,3840x2160,D3D12,0,20336,0x0000000063F0AD60,0,0,Hardware Composed: Independent Flip,0,4548.554606,16.360,15.106,0.206,2.052,2.114,0.125,NA,2775,9001,63,51,NA,NA,NA,NA,NA,NA,0.604,0.873,0.604,70,101,101,NA,4375,14, 40,42.264, 65,29,1,20,1,18,1,14,1,75,1,76,1,1,1,1,1,15,12,10,10,NA,NA,NA,NA,NA,NA,NA,NA,NA,NA,NA,NA,NA,NA,NA,NA,NA,NA,NA,NA,NA,NA,NA,NA,NA,NA,NA,NA,NA,NA,NA,NA,NA,NA,NA,NA,NA,NA,NA,NA,NA,NA,NA,NA,NA,NA,NA,NA
ImmortalsOfAveum-Win64-Shipping.exe,NVIDIA GeForce RTX 4060 Ti,12th Gen Intel(R) Core(TM) i7-12700,3840x2160,D3D12,0,20336,0x0000000063F0AD60,0,0,Hardware Composed: Independent Flip,0,4548.573099,18.493,19.620,0.158,0.354,3.241,0.019,NA,2775,9001,63,51,NA,NA,NA,NA,NA,NA,0.534,0.772,0.534,70,101,101,NA,4375,14, 40,42.264, 65,29,1,20,1,18,1,14,1,75,1,76,1,1,1,1,1,15,12,10,10,NA,NA,NA,NA,NA,NA,NA,NA,NA,NA,NA,NA,NA,NA,NA,NA,NA,NA,NA,NA,NA,NA,NA,NA,NA,NA,NA,NA,NA,NA,NA,NA,NA,NA,NA,NA,NA,NA,NA,NA,NA,NA,NA,NA,NA,NA,NA,NA
ImmortalsOfAveum-Win64-Shipping.exe,NVIDIA GeForce RTX 4060 Ti,12th Gen Intel(R) Core(TM) i7-12700,3840x2160,D3D12,0,20336,0x0000000063F0AD60,0,0,Hardware Composed: Independent Flip,0,4548.590467,17.368,16.635,0.179,2.448,2.507,0.141,NA,2775,9001,63,51,NA,NA,NA,NA,NA,NA,0.569,0.822,0.569,70,101,101,NA,4375,14, 40,42.264, 65,29,1,20,1,18,1,14,1,75,1,76,1,1,1,1,1,15,12,10,10,NA,NA,NA,NA,NA,NA,NA,NA,NA,NA,NA,NA,NA,NA,NA,NA,NA,NA,NA,NA,NA,NA,NA,NA,NA,NA,NA,NA,NA,NA,NA,NA,NA,NA,NA,NA,NA,NA,NA,NA,NA,NA,NA,NA,NA,NA,NA,NA
ImmortalsOfAveum-Win64-Shipping.exe,NVIDIA GeForce RTX 4060 Ti,12th Gen Intel(R) Core(TM) i7-12700,3840x2160,D3D12,0,20336,0x0000000063F0AD60,0,0,Hardware Composed: Independent Flip,0,4548.604744,14.277,13.062,0.146,0.558,1.292,0.039,NA,2775,9001,63,51,NA,NA,NA,NA,NA,NA,0.692,1.000,0.692,70,101,101,NA,4375,14, 40,42.264, 65,29,1,20,1,18,1,14,1,75,1,76,1,1,1,1,1,15,12,10,10,NA,NA,NA,NA,NA,NA,NA,NA,NA,NA,NA,NA,NA,NA,NA,NA,NA,NA,NA,NA,NA,NA,NA,NA,NA,NA,NA,NA,NA,NA,NA,NA,NA,NA,NA,NA,NA,NA,NA,NA,NA,NA,NA,NA,NA,NA,NA,NA
ImmortalsOfAveum-Win64-Shipping.exe,NVIDIA GeForce RTX 4060 Ti,12th Gen Intel(R) Core(TM) i7-12700,3840x2160,D3D12,0,20336,0x0000000063F0AD60,0,0,Hardware Composed: Independent Flip,0,4548.621522,16.778,17.219,0.185,1.672,1.733,0.100,NA,2775,9001,63,51,NA,NA,NA,NA,NA,NA,0.589,0.851,0.589,70,101,101,NA,4375,14, 40,42.264, 65,29,1,20,1,18,1,14,1,75,1,76,1,1,1,1,1,15,12,10,10,NA,NA,NA,NA,NA,NA,NA,NA,NA,NA,NA,NA,NA,NA,NA,NA,NA,NA,NA,NA,NA,NA,NA,NA,NA,NA,NA,NA,NA,NA,NA,NA,NA,NA,NA,NA,NA,NA,NA,NA,NA,NA,NA,NA,NA,NA,NA,NA
ImmortalsOfAveum-Win64-Shipping.exe,NVIDIA GeForce RTX 4060 Ti,12th Gen Intel(R) Core(TM) i7-12700,3840x2160,D3D12,0,20336,0x0000000063F0AD60,0,0,Hardware Composed: Independent Flip,0,4548.638493,16.970,18.113,0.149,0.363,2.876,0.021,NA,2775,9001,63,51,NA,NA,NA,NA,NA,NA,0.582,0.842,0.582,70,101,101,NA,4375,14, 39,42.929, 65,29,1,20,1,18,1,14,1,75,1,76,1,1,1,1,1,15,12,10,10,NA,NA,NA,NA,NA,NA,NA,NA,NA,NA,NA,NA,NA,NA,NA,NA,NA,NA,NA,NA,NA,NA,NA,NA,NA,NA,NA,NA,NA,NA,NA,NA,NA,NA,NA,NA,NA,NA,NA,NA,NA,NA,NA,NA,NA,NA,NA,NA
ImmortalsOfAveum-Win64-Shipping.exe,NVIDIA GeForce RTX 4060 Ti,12th Gen Intel(R) Core(TM) i7-12700,3840x2160,D3D12,0,20336,0x0000000063F0AD60,0,0,Hardware Composed: Independent Flip,0,4548.655076,16.584,15.878,0.238,2.156,2.170,0.130,NA,2775,9001,63,51,NA,NA,NA,NA,NA,NA,0.596,0.861,0.596,70,101,101,NA,4375,14, 39,42.929, 65,29,1,20,1,18,1,14,1,75,1,76,1,1,1,1,1,15,12,10,10,NA,NA,NA,NA,NA,NA,NA,NA,NA,NA,NA,NA,NA,NA,NA,NA,NA,NA,NA,NA,NA,NA,NA,NA,NA,NA,NA,NA,NA,NA,NA,NA,NA,NA,NA,NA,NA,NA,NA,NA,NA,NA,NA,NA,NA,NA,NA,NA
ImmortalsOfAveum-Win64-Shipping.exe,NVIDIA GeForce RTX 4060 Ti,12th Gen Intel(R) Core(TM) i7-12700,3840x2160,D3D12,0,20336,0x0000000063F0AD60,0,0,Hardware Composed: Independent Flip,0,4548.671748,16.671,16.925,0.157,0.367,2.424,0.022,NA,2775,9001,63,51,NA,NA,NA,NA,NA,NA,0.592,0.857,0.592,70,101,101,NA,4375,14, 39,42.929, 65,29,1,20,1,18,1,14,1,75,1,76,1,1,1,1,1,15,12,10,10,NA,NA,NA,NA,NA,NA,NA,NA,NA,NA,NA,NA,NA,NA,NA,NA,NA,NA,NA,NA,NA,NA,NA,NA,NA,NA,NA,NA,NA,NA,NA,NA,NA,NA,NA,NA,NA,NA,NA,NA,NA,NA,NA,NA,NA,NA,NA,NA
ImmortalsOfAveum-Win64-Shipping.exe,NVIDIA GeForce RTX 4060 Ti,12th Gen Intel(R) Core(TM) i7-12700,3840x2160,D3D12,0,20336,0x0000000063F0AD60,0,0,Hardware Composed: Independent Flip,0,4548.688852,17.104,17.052,0.207,2.310,2.371,0.135,NA,2775,9001,63,51,NA,NA,NA,NA,NA,NA,0.577,0.835,0.577,70,101,101,NA,4375,14, 39,42.929, 65,29,1,20,1,18,1,14,1,75,1,76,1,1,1,1,1,15,12,10,10,NA,NA,NA,NA,NA,NA,NA,NA,NA,NA,NA,NA,NA,NA,NA,NA,NA,NA,NA,NA,NA,NA,NA,NA,NA,NA,NA,NA,NA,NA,NA,NA,NA,NA,NA,NA,NA,NA,NA,NA,NA,NA,NA,NA,NA,NA,NA,NA
ImmortalsOfAveum-Win64-Shipping.exe,NVIDIA GeForce RTX 4060 Ti,12th Gen Intel(R) Core(TM) i7-12700,3840x2160,D3D12,0,20336,0x0000000063F0AD60,0,0,Hardware Composed: Independent Flip,0,4548.705626,16.774,16.283,0.151,0.350,1.880,0.021,NA,2775,9001,63,51,NA,NA,NA,NA,NA,NA,0.589,0.851,0.589,70,101,101,NA,4375,14, 39,42.929, 65,29,1,20,1,18,1,14,1,75,1,76,1,1,1,1,1,15,12,10,10,NA,NA,NA,NA,NA,NA,NA,NA,NA,NA,NA,NA,NA,NA,NA,NA,NA,NA,NA,NA,NA,NA,NA,NA,NA,NA,NA,NA,NA,NA,NA,NA,NA,NA,NA,NA,NA,NA,NA,NA,NA,NA,NA,NA,NA,NA,NA,NA
ImmortalsOfAveum-Win64-Shipping.exe,NVIDIA GeForce RTX 4060 Ti,12th Gen Intel(R) Core(TM) i7-12700,3840x2160,D3D12,0,20336,0x0000000063F0AD60,0,0,Hardware Composed: Independent Flip,0,4548.722663,17.036,16.845,0.207,1.625,1.689,0.095,NA,2775,9001,63,51,NA,NA,NA,NA,NA,NA,0.580,0.838,0.580,70,101,101,NA,4375,14, 39,42.929, 65,29,1,20,1,18,1,14,1,75,1,76,1,1,1,1,1,15,12,10,10,NA,NA,NA,NA,NA,NA,NA,NA,NA,NA,NA,NA,NA,NA,NA,NA,NA,NA,NA,NA,NA,NA,NA,NA,NA,NA,NA,NA,NA,NA,NA,NA,NA,NA,NA,NA,NA,NA,NA,NA,NA,NA,NA,NA,NA,NA,NA,NA
ImmortalsOfAveum-Win64-Shipping.exe,NVIDIA GeForce RTX 4060 Ti,12th Gen Intel(R) Core(TM) i7-12700,3840x2160,D3D12,0,20336,0x0000000063F0AD60,0,0,Hardware Composed: Independent Flip,0,4548.738159,15.496,16.207,0.187,0.498,2.400,0.032,NA,2775,9001,63,51,NA,NA,NA,NA,NA,NA,0.637,0.922,0.637,70,101,101,NA,4375,14, 39,42.929, 65,29,1,20,1,18,1,14,1,75,1,76,1,1,1,1,1,15,12,10,10,NA,NA,NA,NA,NA,NA,NA,NA,NA,NA,NA,NA,NA,NA,NA,NA,NA,NA,NA,NA,NA,NA,NA,NA,NA,NA,NA,NA,NA,NA,NA,NA,NA,NA,NA,NA,NA,NA,NA,NA,NA,NA,NA,NA,NA,NA,NA,NA
ImmortalsOfAveum-Win64-Shipping.exe,NVIDIA GeForce RTX 4060 Ti,12th Gen Intel(R) Core(TM) i7-12700,3840x2160,D3D12,0,20336,0x0000000063F0AD60,0,0,Hardware Composed: Independent Flip,0,4548.754864,16.705,16.931,0.250,2.563,2.626,0.153,NA,2775,9001,63,51,NA,NA,NA,NA,NA,NA,0.591,0.855,0.591,70,101,101,NA,4375,14, 39,42.929, 65,29,1,20,1,18,1,14,1,75,1,76,1,1,1,1,1,15,12,10,10,NA,NA,NA,NA,NA,NA,NA,NA,NA,NA,NA,NA,NA,NA,NA,NA,NA,NA,NA,NA,NA,NA,NA,NA,NA,NA,NA,NA,NA,NA,NA,NA,NA,NA,NA,NA,NA,NA,NA,NA,NA,NA,NA,NA,NA,NA,NA,NA
ImmortalsOfAveum-Win64-Shipping.exe,NVIDIA GeForce RTX 4060 Ti,12th Gen Intel(R) Core(TM) i7-12700,3840x2160,D3D12,0,20336,0x0000000063F0AD60,0,0,Hardware Composed: Independent Flip,0,4548.771508,16.643,16.671,0.153,0.440,2.654,0.026,NA,2775,9001,63,51,NA,NA,NA,NA,NA,NA,0.593,0.858,0.593,70,101,101,NA,4375,14, 39,42.929, 65,29,1,20,1,18,1,14,1,75,1,76,1,1,1,1,1,15,12,10,10,NA,NA,NA,NA,NA,NA,NA,NA,NA,NA,NA,NA,NA,NA,NA,NA,NA,NA,NA,NA,NA,NA,NA,NA,NA,NA,NA,NA,NA,NA,NA,NA,NA,NA,NA,NA,NA,NA,NA,NA,NA,NA,NA,NA,NA,NA,NA,NA
ImmortalsOfAveum-Win64-Shipping.exe,NVIDIA GeForce RTX 4060 Ti,12th Gen Intel(R) Core(TM) i7-12700,3840x2160,D3D12,0,20336,0x0000000063F0AD60,0,0,Hardware Composed: Independent Flip,0,4548.788224,16.716,15.667,0.182,1.547,1.604,0.093,NA,2775,9001,63,51,NA,NA,NA,NA,NA,NA,0.591,0.854,0.591,70,101,101,NA,4375,14, 39,42.929, 65,29,1,20,1,18,1,14,1,75,1,76,1,1,1,1,1,15,12,10,10,NA,NA,NA,NA,NA,NA,NA,NA,NA,NA,NA,NA,NA,NA,NA,NA,NA,NA,NA,NA,NA,NA,NA,NA,NA,NA,NA,NA,NA,NA,NA,NA,NA,NA,NA,NA,NA,NA,NA,NA,NA,NA,NA,NA,NA,NA,NA,NA
ImmortalsOfAveum-Win64-Shipping.exe,NVIDIA GeForce RTX 4060 Ti,12th Gen Intel(R) Core(TM) i7-12700,3840x2160,D3D12,0,20336,0x0000000063F0AD60,0,0,Hardware Composed: Independent Flip,0,4548.805262,17.038,18.117,0.166,0.347,2.683,0.020,NA,2775,9001,63,51,NA,NA,NA,NA,NA,NA,0.580,0.838,0.580,70,101,101,NA,4375,14, 39,42.929, 65,29,1,20,1,18,1,14,1,75,1,76,1,1,1,1,1,15,12,10,10,NA,NA,NA,NA,NA,NA,NA,NA,NA,NA,NA,NA,NA,NA,NA,NA,NA,NA,NA,NA,NA,NA,NA,NA,NA,NA,NA,NA,NA,NA,NA,NA,NA,NA,NA,NA,NA,NA,NA,NA,NA,NA,NA,NA,NA,NA,NA,NA
ImmortalsOfAveum-Win64-Shipping.exe,NVIDIA GeForce RTX 4060 Ti,12th Gen Intel(R) Core(TM) i7-12700,3840x2160,D3D12,0,20336,0x0000000063F0AD60,0,0,Hardware Composed: Independent Flip,0,4548.822301,17.039,16.048,0.223,1.679,1.692,0.099,NA,2775,9001,63,51,NA,NA,NA,NA,NA,NA,0.580,0.838,0.580,70,101,101,NA,4375,14, 39,42.929, 65,29,1,20,1,18,1,14,1,75,1,76,1,1,1,1,1,15,12,10,10,NA,NA,NA,NA,NA,NA,NA,NA,NA,NA,NA,NA,NA,NA,NA,NA,NA,NA,NA,NA,NA,NA,NA,NA,NA,NA,NA,NA,NA,NA,NA,NA,NA,NA,NA,NA,NA,NA,NA,NA,NA,NA,NA,NA,NA,NA,NA,NA
ImmortalsOfAveum-Win64-Shipping.exe,NVIDIA GeForce RTX 4060 Ti,12th Gen Intel(R) Core(TM) i7-12700,3840x2160,D3D12,0,20336,0x0000000063F0AD60,0,0,Hardware Composed: Independent Flip,0,4548.838345,16.044,15.799,0.145,0.343,1.447,0.021,NA,2775,9001,63,51,NA,NA,NA,NA,NA,NA,0.616,0.890,0.616,70,101,101,NA,4375,14, 40,41.802, 65,29,1,20,1,18,1,14,1,75,1,76,1,1,1,1,1,15,12,10,10,NA,NA,NA,NA,NA,NA,NA,NA,NA,NA,NA,NA,NA,NA,NA,NA,NA,NA,NA,NA,NA,NA,NA,NA,NA,NA,NA,NA,NA,NA,NA,NA,NA,NA,NA,NA,NA,NA,NA,NA,NA,NA,NA,NA,NA,NA,NA,NA
ImmortalsOfAveum-Win64-Shipping.exe,NVIDIA GeForce RTX 4060 Ti,12th Gen Intel(R) Core(TM) i7-12700,3840x2160,D3D12,0,20336,0x0000000063F0AD60,0,0,Hardware Composed: Independent Flip,0,4548.855177,16.832,17.228,0.265,1.783,1.843,0.106,NA,2775,9001,63,51,NA,NA,NA,NA,NA,NA,0.587,0.848,0.587,70,101,101,NA,4375,14, 40,41.802, 65,29,1,20,1,18,1,14,1,75,1,76,1,1,1,1,1,15,12,10,10,NA,NA,NA,NA,NA,NA,NA,NA,NA,NA,NA,NA,NA,NA,NA,NA,NA,NA,NA,NA,NA,NA,NA,NA,NA,NA,NA,NA,NA,NA,NA,NA,NA,NA,NA,NA,NA,NA,NA,NA,NA,NA,NA,NA,NA,NA,NA,NA
ImmortalsOfAveum-Win64-Shipping.exe,NVIDIA GeForce RTX 4060 Ti,12th Gen Intel(R) Core(TM) i7-12700,3840x2160,D3D12,0,20336,0x0000000063F0AD60,0,0,Hardware Composed: Independent Flip,0,4548.872416,17.239,16.981,0.156,0.365,1.585,0.021,NA,2775,9001,63,51,NA,NA,NA,NA,NA,NA,0.573,0.828,0.573,70,101,101,NA,4375,14, 40,41.802, 65,29,1,20,1,18,1,14,1,75,1,76,1,1,1,1,1,15,12,10,10,NA,NA,NA,NA,NA,NA,NA,NA,NA,NA,NA,NA,NA,NA,NA,NA,NA,NA,NA,NA,NA,NA,NA,NA,NA,NA,NA,NA,NA,NA,NA,NA,NA,NA,NA,NA,NA,NA,NA,NA,NA,NA,NA,NA,NA,NA,NA,NA
ImmortalsOfAveum-Win64-Shipping.exe,NVIDIA GeForce RTX 4060 Ti,12th Gen Intel(R) Core(TM) i7-12700,3840x2160,D3D12,0,20336,0x0000000063F0AD60,0,0,Hardware Composed: Independent Flip,0,4548.889440,17.024,17.595,0.188,2.089,2.156,0.123,NA,2775,9001,63,51,NA,NA,NA,NA,NA,NA,0.580,0.839,0.580,70,101,101,NA,4375,14, 40,41.802, 65,29,1,20,1,18,1,14,1,75,1,76,1,1,1,1,1,15,12,10,10,NA,NA,NA,NA,NA,NA,NA,NA,NA,NA,NA,NA,NA,NA,NA,NA,NA,NA,NA,NA,NA,NA,NA,NA,NA,NA,NA,NA,NA,NA,NA,NA,NA,NA,NA,NA,NA,NA,NA,NA,NA,NA,NA,NA,NA,NA,NA,NA
ImmortalsOfAveum-Win64-Shipping.exe,NVIDIA GeForce RTX 4060 Ti,12th Gen Intel(R) Core(TM) i7-12700,3840x2160,D3D12,0,20336,0x0000000063F0AD60,0,0,Hardware Composed: Independent Flip,0,4548.904319,14.879,14.607,0.220,0.548,1.885,0.037,NA,2775,9001,63,51,NA,NA,NA,NA,NA,NA,0.664,0.960,0.664,70,101,101,NA,4375,14, 40,41.802, 65,29,1,20,1,18,1,14,1,75,1,76,1,1,1,1,1,15,12,10,10,NA,NA,NA,NA,NA,NA,NA,NA,NA,NA,NA,NA,NA,NA,NA,NA,NA,NA,NA,NA,NA,NA,NA,NA,NA,NA,NA,NA,NA,NA,NA,NA,NA,NA,NA,NA,NA,NA,NA,NA,NA,NA,NA,NA,NA,NA,NA,NA
ImmortalsOfAveum-Win64-Shipping.exe,NVIDIA GeForce RTX 4060 Ti,12th Gen Intel(R) Core(TM) i7-12700,3840x2160,D3D12,0,20336,0x0000000063F0AD60,0,0,Hardware Composed: Independent Flip,0,4548.921065,16.746,17.377,0.202,2.457,2.516,0.147,NA,2775,9001,63,51,NA,NA,NA,NA,NA,NA,0.590,0.853,0.590,70,101,101,NA,4375,14, 40,41.802, 65,29,1,20,1,18,1,14,1,75,1,76,1,1,1,1,1,15,12,10,10,NA,NA,NA,NA,NA,NA,NA,NA,NA,NA,NA,NA,NA,NA,NA,NA,NA,NA,NA,NA,NA,NA,NA,NA,NA,NA,NA,NA,NA,NA,NA,NA,NA,NA,NA,NA,NA,NA,NA,NA,NA,NA,NA,NA,NA,NA,NA,NA
ImmortalsOfAveum-Win64-Shipping.exe,NVIDIA GeForce RTX 4060 Ti,12th Gen Intel(R) Core(TM) i7-12700,3840x2160,D3D12,0,20336,0x0000000063F0AD60,0,0,Hardware Composed: Independent Flip,0,4548.939080,18.016,18.654,0.192,0.337,3.154,0.019,NA,2775,9001,63,51,NA,NA,NA,NA,NA,NA,0.548,0.793,0.548,70,101,101,NA,4375,14, 40,41.802, 65,29,1,20,1,18,1,14,1,75,1,76,1,1,1,1,1,15,12,10,10,NA,NA,NA,NA,NA,NA,NA,NA,NA,NA,NA,NA,NA,NA,NA,NA,NA,NA,NA,NA,NA,NA,NA,NA,NA,NA,NA,NA,NA,NA,NA,NA,NA,NA,NA,NA,NA,NA,NA,NA,NA,NA,NA,NA,NA,NA,NA,NA
ImmortalsOfAveum-Win64-Shipping.exe,NVIDIA GeForce RTX 4060 Ti,12th Gen Intel(R) Core(TM) i7-12700,3840x2160,D3D12,0,20336,0x0000000063F0AD60,0,0,Hardware Composed: Independent Flip,0,4548.955937,16.857,15.643,0.242,1.879,1.941,0.111,NA,2775,9001,63,51,NA,NA,NA,NA,NA,NA,0.586,0.847,0.586,70,101,101,NA,4375,14, 40,41.802, 65,29,1,20,1,18,1,14,1,75,1,76,1,1,1,1,1,15,12,10,10,NA,NA,NA,NA,NA,NA,NA,NA,NA,NA,NA,NA,NA,NA,NA,NA,NA,NA,NA,NA,NA,NA,NA,NA,NA,NA,NA,NA,NA,NA,NA,NA,NA,NA,NA,NA,NA,NA,NA,NA,NA,NA,NA,NA,NA,NA,NA,NA
ImmortalsOfAveum-Win64-Shipping.exe,NVIDIA GeForce RTX 4060 Ti,12th Gen Intel(R) Core(TM) i7-12700,3840x2160,D3D12,0,20336,0x0000000063F0AD60,0,0,Hardware Composed: Independent Flip,0,4548.971596,15.659,16.403,0.179,0.510,2.685,0.033,NA,2775,9001,63,51,NA,NA,NA,NA,NA,NA,0.631,0.912,0.631,70,101,101,NA,4375,14, 40,41.802, 65,29,1,20,1,18,1,14,1,75,1,76,1,1,1,1,1,15,12,10,10,NA,NA,NA,NA,NA,NA,NA,NA,NA,NA,NA,NA,NA,NA,NA,NA,NA,NA,NA,NA,NA,NA,NA,NA,NA,NA,NA,NA,NA,NA,NA,NA,NA,NA,NA,NA,NA,NA,NA,NA,NA,NA,NA,NA,NA,NA,NA,NA
ImmortalsOfAveum-Win64-Shipping.exe,NVIDIA GeForce RTX 4060 Ti,12th Gen Intel(R) Core(TM) i7-12700,3840x2160,D3D12,0,20336,0x0000000063F0AD60,0,0,Hardware Composed: Independent Flip,0,4548.988640,17.043,16.854,0.242,2.435,2.495,0.143,NA,2775,9001,63,51,NA,NA,NA,NA,NA,NA,0.579,0.838,0.579,70,101,101,NA,4375,14, 40,41.802, 65,29,1,20,1,18,1,14,1,75,1,76,1,1,1,1,1,15,12,10,10,NA,NA,NA,NA,NA,NA,NA,NA,NA,NA,NA,NA,NA,NA,NA,NA,NA,NA,NA,NA,NA,NA,NA,NA,NA,NA,NA,NA,NA,NA,NA,NA,NA,NA,NA,NA,NA,NA,NA,NA,NA,NA,NA,NA,NA,NA,NA,NA
ImmortalsOfAveum-Win64-Shipping.exe,NVIDIA GeForce RTX 4060 Ti,12th Gen Intel(R) Core(TM) i7-12700,3840x2160,D3D12,0,20336,0x0000000063F0AD60,0,0,Hardware Composed: Independent Flip,0,4549.004963,16.324,16.182,0.144,0.555,2.353,0.034,NA,2775,9001,63,51,NA,NA,NA,NA,NA,NA,0.605,0.875,0.605,70,101,101,NA,4375,14, 40,41.802, 65,29,1,20,1,18,1,14,1,75,1,76,1,1,1,1,1,15,12,10,10,NA,NA,NA,NA,NA,NA,NA,NA,NA,NA,NA,NA,NA,NA,NA,NA,NA,NA,NA,NA,NA,NA,NA,NA,NA,NA,NA,NA,NA,NA,NA,NA,NA,NA,NA,NA,NA,NA,NA,NA,NA,NA,NA,NA,NA,NA,NA,NA
ImmortalsOfAveum-Win64-Shipping.exe,NVIDIA GeForce RTX 4060 Ti,12th Gen Intel(R) Core(TM) i7-12700,3840x2160,D3D12,0,20336,0x0000000063F0AD60,0,0,Hardware Composed: Independent Flip,0,4549.021699,16.736,16.807,0.211,2.365,2.425,0.141,NA,2775,9001,63,51,NA,NA,NA,NA,NA,NA,0.590,0.853,0.590,70,101,101,NA,4375,14, 40,41.802, 65,29,1,20,1,18,1,14,1,75,1,76,1,1,1,1,1,15,12,10,10,NA,NA,NA,NA,NA,NA,NA,NA,NA,NA,NA,NA,NA,NA,NA,NA,NA,NA,NA,NA,NA,NA,NA,NA,NA,NA,NA,NA,NA,NA,NA,NA,NA,NA,NA,NA,NA,NA,NA,NA,NA,NA,NA,NA,NA,NA,NA,NA
ImmortalsOfAveum-Win64-Shipping.exe,NVIDIA GeForce RTX 4060 Ti,12th Gen Intel(R) Core(TM) i7-12700,3840x2160,D3D12,0,20336,0x0000000063F0AD60,0,0,Hardware Composed: Independent Flip,0,4549.037872,16.172,16.597,0.150,0.732,2.849,0.045,NA,2775,9001,62,51,NA,NA,NA,NA,NA,NA,0.612,0.885,0.612,69,101,101,NA,4369,13, 39,41.462, 65,27,0,18,0,15,0,9,0,71,0,78,0,0,0,0,0,14,10,9,8,NA,NA,NA,NA,NA,NA,NA,NA,NA,NA,NA,NA,NA,NA,NA,NA,NA,NA,NA,NA,NA,NA,NA,NA,NA,NA,NA,NA,NA,NA,NA,NA,NA,NA,NA,NA,NA,NA,NA,NA,NA,NA,NA,NA,NA,NA,NA,NA
ImmortalsOfAveum-Win64-Shipping.exe,NVIDIA GeForce RTX 4060 Ti,12th Gen Intel(R) Core(TM) i7-12700,3840x2160,D3D12,0,20336,0x0000000063F0AD60,0,0,Hardware Composed: Independent Flip,0,4549.054815,16.943,15.762,0.262,1.607,1.669,0.095,NA,2775,9001,62,51,NA,NA,NA,NA,NA,NA,0.584,0.845,0.584,69,101,101,NA,4369,13, 39,41.462, 65,27,0,18,0,15,0,9,0,71,0,78,0,0,0,0,0,14,10,9,8,NA,NA,NA,NA,NA,NA,NA,NA,NA,NA,NA,NA,NA,NA,NA,NA,NA,NA,NA,NA,NA,NA,NA,NA,NA,NA,NA,NA,NA,NA,NA,NA,NA,NA,NA,NA,NA,NA,NA,NA,NA,NA,NA,NA,NA,NA,NA,NA
ImmortalsOfAveum-Win64-Shipping.exe,NVIDIA GeForce RTX 4060 Ti,12th Gen Intel(R) Core(TM) i7-12700,3840x2160,D3D12,0,20336,0x0000000063F0AD60,0,0,Hardware Composed: Independent Flip,0,4549.071970,17.155,18.065,0.157,0.353,2.578,0.021,NA,2775,9001,62,51,NA,NA,NA,NA,NA,NA,0.577,0.834,0.577,69,101,101,NA,4369,13, 39,41.462, 65,27,0,18,0,15,0,9,0,71,0,78,0,0,0,0,0,14,10,9,8,NA,NA,NA,NA,NA,NA,NA,NA,NA,NA,NA,NA,NA,NA,NA,NA,NA,NA,NA,NA,NA,NA,NA,NA,NA,NA,NA,NA,NA,NA,NA,NA,NA,NA,NA,NA,NA,NA,NA,NA,NA,NA,NA,NA,NA,NA,NA,NA
ImmortalsOfAveum-Win64-Shipping.exe,NVIDIA GeForce RTX 4060 Ti,12th Gen Intel(R) Core(TM) i7-12700,3840x2160,D3D12,0,20336,0x0000000063F0AD60,0,0,Hardware Composed: Independent Flip,0,4549.088952,16.983,16.449,0.178,1.984,2.045,0.117,NA,2775,9001,62,51,NA,NA,NA,NA,NA,NA,0.583,0.843,0.583,69,101,101,NA,4369,13, 39,41.462, 65,27,0,18,0,15,0,9,0,71,0,78,0,0,0,0,0,14,10,9,8,NA,NA,NA,NA,NA,NA,NA,NA,NA,NA,NA,NA,NA,NA,NA,NA,NA,NA,NA,NA,NA,NA,NA,NA,NA,NA,NA,NA,NA,NA,NA,NA,NA,NA,NA,NA,NA,NA,NA,NA,NA,NA,NA,NA,NA,NA,NA,NA
ImmortalsOfAveum-Win64-Shipping.exe,NVIDIA GeForce RTX 4060 Ti,12th Gen Intel(R) Core(TM) i7-12700,3840x2160,D3D12,0,20336,0x0000000063F0AD60,0,0,Hardware Composed: Independent Flip,0,4549.105351,16.399,15.766,0.157,0.340,1.413,0.021,NA,2775,9001,62,51,NA,NA,NA,NA,NA,NA,0.604,0.873,0.604,69,101,101,NA,4369,13, 39,41.462, 65,27,0,18,0,15,0,9,0,71,0,78,0,0,0,0,0,14,10,9,8,NA,NA,NA,NA,NA,NA,NA,NA,NA,NA,NA,NA,NA,NA,NA,NA,NA,NA,NA,NA,NA,NA,NA,NA,NA,NA,NA,NA,NA,NA,NA,NA,NA,NA,NA,NA,NA,NA,NA,NA,NA,NA,NA,NA,NA,NA,NA,NA
ImmortalsOfAveum-Win64-Shipping.exe,NVIDIA GeForce RTX 4060 Ti,12th Gen Intel(R) Core(TM) i7-12700,3840x2160,D3D12,0,20336,0x0000000063F0AD60,0,0,Hardware Composed: Independent Flip,0,4549.122353,17.002,18.141,0.220,2.491,2.551,0.147,NA,2775,9001,62,51,NA,NA,NA,NA,NA,NA,0.582,0.842,0.582,69,101,101,NA,4369,13, 39,41.462, 65,27,0,18,0,15,0,9,0,71,0,78,0,0,0,0,0,14,10,9,8,NA,NA,NA,NA,NA,NA,NA,NA,NA,NA,NA,NA,NA,NA,NA,NA,NA,NA,NA,NA,NA,NA,NA,NA,NA,NA,NA,NA,NA,NA,NA,NA,NA,NA,NA,NA,NA,NA,NA,NA,NA,NA,NA,NA,NA,NA,NA,NA
ImmortalsOfAveum-Win64-Shipping.exe,NVIDIA GeForce RTX 4060 Ti,12th Gen Intel(R) Core(TM) i7-12700,3840x2160,D3D12,0,20336,0x0000000063F0AD60,0,0,Hardware Composed: Independent Flip,0,4549.138447,16.093,15.295,0.145,0.352,1.753,0.022,NA,2775,9001,62,51,NA,NA,NA,NA,NA,NA,0.615,0.889,0.615,69,101,101,NA,4369,13, 39,41.462, 65,27,0,18,0,15,0,9,0,71,0,78,0,0,0,0,0,14,10,9,8,NA,NA,NA,NA,NA,NA,NA,NA,NA,NA,NA,NA,NA,NA,NA,NA,NA,NA,NA,NA,NA,NA,NA,NA,NA,NA,NA,NA,NA,NA,NA,NA,NA,NA,NA,NA,NA,NA,NA,NA,NA,NA,NA,NA,NA,NA,NA,NA
ImmortalsOfAveum-Win64-Shipping.exe,NVIDIA GeForce RTX 4060 Ti,12th Gen Intel(R) Core(TM) i7-12700,3840x2160,D3D12,0,20336,0x0000000063F0AD60,0,0,Hardware Composed: Independent Flip,0,4549.155215,16.769,16.905,0.241,1.830,1.890,0.109,NA,2775,9001,62,51,NA,NA,NA,NA,NA,NA,0.590,0.854,0.590,69,101,101,NA,4369,13, 39,41.462, 65,27,0,18,0,15,0,9,0,71,0,78,0,0,0,0,0,14,10,9,8,NA,NA,NA,NA,NA,NA,NA,NA,NA,NA,NA,NA,NA,NA,NA,NA,NA,NA,NA,NA,NA,NA,NA,NA,NA,NA,NA,NA,NA,NA,NA,NA,NA,NA,NA,NA,NA,NA,NA,NA,NA,NA,NA,NA,NA,NA,NA,NA
ImmortalsOfAveum-Win64-Shipping.exe,NVIDIA GeForce RTX 4060 Ti,12th Gen Intel(R) Core(TM) i7-12700,3840x2160,D3D12,0,20336,0x0000000063F0AD60,0,0,Hardware Composed: Independent Flip,0,4549.172518,17.303,18.597,0.192,0.354,3.184,0.020,NA,2775,9001,62,51,NA,NA,NA,NA,NA,NA,0.572,0.827,0.572,69,101,101,NA,4369,13, 39,41.462, 65,27,0,18,0,15,0,9,0,71,0,78,0,0,0,0,0,14,10,9,8,NA,NA,NA,NA,NA,NA,NA,NA,NA,NA,NA,NA,NA,NA,NA,NA,NA,NA,NA,NA,NA,NA,NA,NA,NA,NA,NA,NA,NA,NA,NA,NA,NA,NA,NA,NA,NA,NA,NA,NA,NA,NA,NA,NA,NA,NA,NA,NA
ImmortalsOfAveum-Win64-Shipping.exe,NVIDIA GeForce RTX 4060 Ti,12th Gen Intel(R) Core(TM) i7-12700,3840x2160,D3D12,0,20336,0x0000000063F0AD60,0,0,Hardware Composed: Independent Flip,0,4549.189429,16.911,15.766,0.298,1.975,2.039,0.117,NA,2775,9001,62,51,NA,NA,NA,NA,NA,NA,0.585,0.846,0.585,69,101,101,NA,4369,13, 39,41.462, 65,27,0,18,0,15,0,9,0,71,0,78,0,0,0,0,0,14,10,9,8,NA,NA,NA,NA,NA,NA,NA,NA,NA,NA,NA,NA,NA,NA,NA,NA,NA,NA,NA,NA,NA,NA,NA,NA,NA,NA,NA,NA,NA,NA,NA,NA,NA,NA,NA,NA,NA,NA,NA,NA,NA,NA,NA,NA,NA,NA,NA,NA
ImmortalsOfAveum-Win64-Shipping.exe,NVIDIA GeForce RTX 4060 Ti,12th Gen Intel(R) Core(TM) i7-12700,3840x2160,D3D12,0,20336,0x0000000063F0AD60,0,0,Hardware Composed: Independent Flip,0,4549.206953,17.524,17.799,0.186,0.346,2.314,0.020,NA,2775,9001,62,51,NA,NA,NA,NA,NA,NA,0.565,0.817,0.565,69,101,101,NA,4369,13, 39,41.462, 65,27,0,18,0,15,0,9,0,71,0,78,0,0,0,0,0,14,10,9,8,NA,NA,NA,NA,NA,NA,NA,NA,NA,NA,NA,NA,NA,NA,NA,NA,NA,NA,NA,NA,NA,NA,NA,NA,NA,NA,NA,NA,NA,NA,NA,NA,NA,NA,NA,NA,NA,NA,NA,NA,NA,NA,NA,NA,NA,NA,NA,NA
ImmortalsOfAveum-Win64-Shipping.exe,NVIDIA GeForce RTX 4060 Ti,12th Gen Intel(R) Core(TM) i7-12700,3840x2160,D3D12,0,20336,0x0000000063F0AD60,0,0,Hardware Composed: Independent Flip,0,4549.224157,17.204,16.536,0.169,1.587,1.646,0.092,NA,2775,9001,62,51,NA,NA,NA,NA,NA,NA,0.575,0.832,0.575,69,101,101,NA,4369,13, 39,41.462, 65,27,0,18,0,15,0,9,0,71,0,78,0,0,0,0,0,14,10,9,8,NA,NA,NA,NA,NA,NA,NA,NA,NA,NA,NA,NA,NA,NA,NA,NA,NA,NA,NA,NA,NA,NA,NA,NA,NA,NA,NA,NA,NA,NA,NA,NA,NA,NA,NA,NA,NA,NA,NA,NA,NA,NA,NA,NA,NA,NA,NA,NA
ImmortalsOfAveum-Win64-Shipping.exe,NVIDIA GeForce RTX 4060 Ti,12th Gen Intel(R) Core(TM) i7-12700,3840x2160,D3D12,0,20336,0x0000000063F0AD60,0,0,Hardware Composed: Independent Flip,0,4549.237468,13.311,13.348,0.149,0.736,1.684,0.055,NA,2775,9001,62,51,NA,NA,NA,NA,NA,NA,0.744,1.075,0.744,69,101,101,NA,4369,13, 41,43.025, 65,27,0,18,0,15,0,9,0,71,0,78,0,0,0,0,0,14,10,9,8,NA,NA,NA,NA,NA,NA,NA,NA,NA,NA,NA,NA,NA,NA,NA,NA,NA,NA,NA,NA,NA,NA,NA,NA,NA,NA,NA,NA,NA,NA,NA,NA,NA,NA,NA,NA,NA,NA,NA,NA,NA,NA,NA,NA,NA,NA,NA,NA
ImmortalsOfAveum-Win64-Shipping.exe,NVIDIA GeForce RTX 4060 Ti,12th Gen Intel(R) Core(TM) i7-12700,3840x2160,D3D12,0,20336,0x0000000063F0AD60,0,0,Hardware Composed: Independent Flip,0,4549.253856,16.389,17.060,0.182,2.295,2.355,0.140,NA,2775,9001,62,51,NA,NA,NA,NA,NA,NA,0.604,0.873,0.604,69,101,101,NA,4369,13, 41,43.025, 65,27,0,18,0,15,0,9,0,71,0,78,0,0,0,0,0,14,10,9,8,NA,NA,NA,NA,NA,NA,NA,NA,NA,NA,NA,NA,NA,NA,NA,NA,NA,NA,NA,NA,NA,NA,NA,NA,NA,NA,NA,NA,NA,NA,NA,NA,NA,NA,NA,NA,NA,NA,NA,NA,NA,NA,NA,NA,NA,NA,NA,NA
ImmortalsOfAveum-Win64-Shipping.exe,NVIDIA GeForce RTX 4060 Ti,12th Gen Intel(R) Core(TM) i7-12700,3840x2160,D3D12,0,20336,0x0000000063F0AD60,0,0,Hardware Composed: Independent Flip,0,4549.271639,17.783,18.305,0.162,0.342,2.877,0.019,NA,2775,9001,62,51,NA,NA,NA,NA,NA,NA,0.557,0.805,0.557,69,101,101,NA,4369,13, 41,43.025, 65,27,0,18,0,15,0,9,0,71,0,78,0,0,0,0,0,14,10,9,8,NA,NA,NA,NA,NA,NA,NA,NA,NA,NA,NA,NA,NA,NA,NA,NA,NA,NA,NA,NA,NA,NA,NA,NA,NA,NA,NA,NA,NA,NA,NA,NA,NA,NA,NA,NA,NA,NA,NA,NA,NA,NA,NA,NA,NA,NA,NA,NA
ImmortalsOfAveum-Win64-Shipping.exe,NVIDIA GeForce RTX 4060 Ti,12th Gen Intel(R) Core(TM) i7-12700,3840x2160,D3D12,0,20336,0x0000000063F0AD60,0,0,Hardware Composed: Independent Flip,0,4549.287938,16.299,15.946,0.182,2.466,2.524,0.151,NA,2775,9001,62,51,NA,NA,NA,NA,NA,NA,0.607,0.878,0.607,69,101,101,NA,4369,13, 41,43.025, 65,27,0,18,0,15,0,9,0,71,0,78,0,0,0,0,0,14,10,9,8,NA,NA,NA,NA,NA,NA,NA,NA,NA,NA,NA,NA,NA,NA,NA,NA,NA,NA,NA,NA,NA,NA,NA,NA,NA,NA,NA,NA,NA,NA,NA,NA,NA,NA,NA,NA,NA,NA,NA,NA,NA,NA,NA,NA,NA,NA,NA,NA
ImmortalsOfAveum-Win64-Shipping.exe,NVIDIA GeForce RTX 4060 Ti,12th Gen Intel(R) Core(TM) i7-12700,3840x2160,D3D12,0,20336,0x0000000063F0AD60,0,0,Hardware Composed: Independent Flip,0,4549.304554,16.616,16.445,0.157,0.435,2.353,0.026,NA,2775,9001,62,51,NA,NA,NA,NA,NA,NA,0.596,0.861,0.596,69,101,101,NA,4369,13, 41,43.025, 65,27,0,18,0,15,0,9,0,71,0,78,0,0,0,0,0,14,10,9,8,NA,NA,NA,NA,NA,NA,NA,NA,NA,NA,NA,NA,NA,NA,NA,NA,NA,NA,NA,NA,NA,NA,NA,NA,NA,NA,NA,NA,NA,NA,NA,NA,NA,NA,NA,NA,NA,NA,NA,NA,NA,NA,NA,NA,NA,NA,NA,NA
ImmortalsOfAveum-Win64-Shipping.exe,NVIDIA GeForce RTX 4060 Ti,12th Gen Intel(R) Core(TM) i7-12700,3840x2160,D3D12,0,20336,0x0000000063F0AD60,0,0,Hardware Composed: Independent Flip,0,4549.321479,16.926,17.183,0.225,2.547,2.610,0.150,NA,2775,9001,62,51,NA,NA,NA,NA,NA,NA,0.585,0.846,0.585,69,101,101,NA,4369,13, 41,43.025, 65,27,0,18,0,15,0,9,0,71,0,78,0,0,0,0,0,14,10,9,8,NA,NA,NA,NA,NA,NA,NA,NA,NA,NA,NA,NA,NA,NA,NA,NA,NA,NA,NA,NA,NA,NA,NA,NA,NA,NA,NA,NA,NA,NA,NA,NA,NA,NA,NA,NA,NA,NA,NA,NA,NA,NA,NA,NA,NA,NA,NA,NA
ImmortalsOfAveum-Win64-Shipping.exe,NVIDIA GeForce RTX 4060 Ti,12th Gen Intel(R) Core(TM) i7-12700,3840x2160,D3D12,0,20336,0x0000000063F0AD60,0,0,Hardware Composed: Independent Flip,0,4549.339492,18.013,17.410,0.165,0.352,2.006,0.020,NA,2775,9001,62,51,NA,NA,NA,NA,NA,NA,0.550,0.795,0.550,69,101,101,NA,4369,13, 41,43.025, 65,27,0,18,0,15,0,9,0,71,0,78,0,0,0,0,0,14,10,9,8,NA,NA,NA,NA,NA,NA,NA,NA,NA,NA,NA,NA,NA,NA,NA,NA,NA,NA,NA,NA,NA,NA,NA,NA,NA,NA,NA,NA,NA,NA,NA,NA,NA,NA,NA,NA,NA,NA,NA,NA,NA,NA,NA,NA,NA,NA,NA,NA
ImmortalsOfAveum-Win64-Shipping.exe,NVIDIA GeForce RTX 4060 Ti,12th Gen Intel(R) Core(TM) i7-12700,3840x2160,D3D12,0,20336,0x0000000063F0AD60,0,0,Hardware Composed: Independent Flip,0,4549.356582,17.089,17.136,0.188,1.992,2.054,0.117,NA,2775,9001,62,51,NA,NA,NA,NA,NA,NA,0.579,0.838,0.579,69,101,101,NA,4369,13, 41,43.025, 65,27,0,18,0,15,0,9,0,71,0,78,0,0,0,0,0,14,10,9,8,NA,NA,NA,NA,NA,NA,NA,NA,NA,NA,NA,NA,NA,NA,NA,NA,NA,NA,NA,NA,NA,NA,NA,NA,NA,NA,NA,NA,NA,NA,NA,NA,NA,NA,NA,NA,NA,NA,NA,NA,NA,NA,NA,NA,NA,NA,NA,NA
ImmortalsOfAveum-Win64-Shipping.exe,NVIDIA GeForce RTX 4060 Ti,12th Gen Intel(R) Core(TM) i7-12700,3840x2160,D3D12,0,20336,0x0000000063F0AD60,0,0,Hardware Composed: Independent Flip,0,4549.372057,15.475,15.314,0.128,0.359,1.893,0.023,NA,2775,9001,62,51,NA,NA,NA,NA,NA,NA,0.640,0.925,0.640,69,101,101,NA,4369,13, 41,43.025, 65,27,0,18,0,15,0,9,0,71,0,78,0,0,0,0,0,14,10,9,8,NA,NA,NA,NA,NA,NA,NA,NA,NA,NA,NA,NA,NA,NA,NA,NA,NA,NA,NA,NA,NA,NA,NA,NA,NA,NA,NA,NA,NA,NA,NA,NA,NA,NA,NA,NA,NA,NA,NA,NA,NA,NA,NA,NA,NA,NA,NA,NA
ImmortalsOfAveum-Win64-Shipping.exe,NVIDIA GeForce RTX 4060 Ti,12th Gen Intel(R) Core(TM) i7-12700,3840x2160,D3D12,0,20336,0x0000000063F0AD60,0,0,Hardware Composed: Independent Flip,0,4549.389083,17.026,17.345,0.177,2.154,2.212,0.127,NA,2775,9001,62,51,NA,NA,NA,NA,NA,NA,0.581,0.841,0.581,69,101,101,NA,4369,13, 41,43.025, 65,27,0,18,0,15,0,9,0,71,0,78,0,0,0,0,0,14,10,9,8,NA,NA,NA,NA,NA,NA,NA,NA,NA,NA,NA,NA,NA,NA,NA,NA,NA,NA,NA,NA,NA,NA,NA,NA,NA,NA,NA,NA,NA,NA,NA,NA,NA,NA,NA,NA,NA,NA,NA,NA,NA,NA,NA,NA,NA,NA,NA,NA
ImmortalsOfAveum-Win64-Shipping.exe,NVIDIA GeForce RTX 4060 Ti,12th Gen Intel(R) Core(TM) i7-12700,3840x2160,D3D12,0,20336,0x0000000063F0AD60,0,0,Hardware Composed: Independent Flip,0,4549.405728,16.645,17.223,0.150,0.352,2.790,0.021,NA,2775,9001,62,51,NA,NA,NA,NA,NA,NA,0.595,0.860,0.595,69,101,101,NA,4369,13, 41,43.025, 65,27,0,18,0,15,0,9,0,71,0,78,0,0,0,0,0,14,10,9,8,NA,NA,NA,NA,NA,NA,NA,NA,NA,NA,NA,NA,NA,NA,NA,NA,NA,NA,NA,NA,NA,NA,NA,NA,NA,NA,NA,NA,NA,NA,NA,NA,NA,NA,NA,NA,NA,NA,NA,NA,NA,NA,NA,NA,NA,NA,NA,NA
ImmortalsOfAveum-Win64-Shipping.exe,NVIDIA GeForce RTX 4060 Ti,12th Gen Intel(R) Core(TM) i7-12700,3840x2160,D3D12,0,20336,0x0000000063F0AD60,0,0,Hardware Composed: Independent Flip,0,4549.422455,16.727,15.879,0.276,1.877,1.942,0.112,NA,2775,9001,62,51,NA,NA,NA,NA,NA,NA,0.592,0.856,0.592,69,101,101,NA,4369,13, 41,43.025, 65,27,0,18,0,15,0,9,0,71,0,78,0,0,0,0,0,14,10,9,8,NA,NA,NA,NA,NA,NA,NA,NA,NA,NA,NA,NA,NA,NA,NA,NA,NA,NA,NA,NA,NA,NA,NA,NA,NA,NA,NA,NA,NA,NA,NA,NA,NA,NA,NA,NA,NA,NA,NA,NA,NA,NA,NA,NA,NA,NA,NA,NA
ImmortalsOfAveum-Win64-Shipping.exe,NVIDIA GeForce RTX 4060 Ti,12th Gen Intel(R) Core(TM) i7-12700,3840x2160,D3D12,0,20336,0x0000000063F0AD60,0,0,Hardware Composed: Independent Flip,0,4549.438301,15.846,17.083,0.178,0.689,3.179,0.043,NA,2775,9001,62,51,NA,NA,NA,NA,NA,NA,0.625,0.903,0.625,69,101,101,NA,4369,13, 41,42.369, 65,27,0,18,0,15,0,9,0,71,0,78,0,0,0,0,0,14,10,9,8,NA,NA,NA,NA,NA,NA,NA,NA,NA,NA,NA,NA,NA,NA,NA,NA,NA,NA,NA,NA,NA,NA,NA,NA,NA,NA,NA,NA,NA,NA,NA,NA,NA,NA,NA,NA,NA,NA,NA,NA,NA,NA,NA,NA,NA,NA,NA,NA
ImmortalsOfAveum-Win64-Shipping.exe,NVIDIA GeForce RTX 4060 Ti,12th Gen Intel(R) Core(TM) i7-12700,3840x2160,D3D12,0,20336,0x0000000063F0AD60,0,0,Hardware Composed: Independent Flip,0,4549.454974,16.672,16.007,0.280,2.454,2.514,0.147,NA,2775,9001,62,51,NA,NA,NA,NA,NA,NA,0.594,0.859,0.594,69,101,101,NA,4369,13, 41,42.369, 65,27,0,18,0,15,0,9,0,71,0,78,0,0,0,0,0,14,10,9,8,NA,NA,NA,NA,NA,NA,NA,NA,NA,NA,NA,NA,NA,NA,NA,NA,NA,NA,NA,NA,NA,NA,NA,NA,NA,NA,NA,NA,NA,NA,NA,NA,NA,NA,NA,NA,NA,NA,NA,NA,NA,NA,NA,NA,NA,NA,NA,NA
ImmortalsOfAveum-Win64-Shipping.exe,NVIDIA GeForce RTX 4060 Ti,12th Gen Intel(R) Core(TM) i7-12700,3840x2160,D3D12,0,20336,0x0000000063F0AD60,0,0,Hardware Composed: Independent Flip,0,4549.472928,17.954,17.674,0.188,0.360,2.233,0.020,NA,2775,9001,62,51,NA,NA,NA,NA,NA,NA,0.551,0.797,0.551,69,101,101,NA,4369,13, 41,42.369, 65,27,0,18,0,15,0,9,0,71,0,78,0,0,0,0,0,14,10,9,8,NA,NA,NA,NA,NA,NA,NA,NA,NA,NA,NA,NA,NA,NA,NA,NA,NA,NA,NA,NA,NA,NA,NA,NA,NA,NA,NA,NA,NA,NA,NA,NA,NA,NA,NA,NA,NA,NA,NA,NA,NA,NA,NA,NA,NA,NA,NA,NA
ImmortalsOfAveum-Win64-Shipping.exe,NVIDIA GeForce RTX 4060 Ti,12th Gen Intel(R) Core(TM) i7-12700,3840x2160,D3D12,0,20336,0x0000000063F0AD60,0,0,Hardware Composed: Independent Flip,0,4549.489804,16.877,16.780,0.202,2.069,2.137,0.123,NA,2775,9001,62,51,NA,NA,NA,NA,NA,NA,0.587,0.848,0.587,69,101,101,NA,4369,13, 41,42.369, 65,27,0,18,0,15,0,9,0,71,0,78,0,0,0,0,0,14,10,9,8,NA,NA,NA,NA,NA,NA,NA,NA,NA,NA,NA,NA,NA,NA,NA,NA,NA,NA,NA,NA,NA,NA,NA,NA,NA,NA,NA,NA,NA,NA,NA,NA,NA,NA,NA,NA,NA,NA,NA,NA,NA,NA,NA,NA,NA,NA,NA,NA
ImmortalsOfAveum-Win64-Shipping.exe,NVIDIA GeForce RTX 4060 Ti,12th Gen Intel(R) Core(TM) i7-12700,3840x2160,D3D12,0,20336,0x0000000063F0AD60,0,0,Hardware Composed: Independent Flip,0,4549.504634,14.830,14.280,0.135,0.549,1.587,0.037,NA,2775,9001,62,51,NA,NA,NA,NA,NA,NA,0.668,0.965,0.668,69,101,101,NA,4369,13, 41,42.369, 65,27,0,18,0,15,0,9,0,71,0,78,0,0,0,0,0,14,10,9,8,NA,NA,NA,NA,NA,NA,NA,NA,NA,NA,NA,NA,NA,NA,NA,NA,NA,NA,NA,NA,NA,NA,NA,NA,NA,NA,NA,NA,NA,NA,NA,NA,NA,NA,NA,NA,NA,NA,NA,NA,NA,NA,NA,NA,NA,NA,NA,NA
ImmortalsOfAveum-Win64-Shipping.exe,NVIDIA GeForce RTX 4060 Ti,12th Gen Intel(R) Core(TM) i7-12700,3840x2160,D3D12,0,20336,0x0000000063F0AD60,0,0,Hardware Composed: Independent Flip,0,4549.521370,16.736,17.156,0.182,1.948,2.007,0.116,NA,2775,9001,62,51,NA,NA,NA,NA,NA,NA,0.592,0.855,0.592,69,101,101,NA,4369,13, 41,42.369, 65,27,0,18,0,15,0,9,0,71,0,78,0,0,0,0,0,14,10,9,8,NA,NA,NA,NA,NA,NA,NA,NA,NA,NA,NA,NA,NA,NA,NA,NA,NA,NA,NA,NA,NA,NA,NA,NA,NA,NA,NA,NA,NA,NA,NA,NA,NA,NA,NA,NA,NA,NA,NA,NA,NA,NA,NA,NA,NA,NA,NA,NA
ImmortalsOfAveum-Win64-Shipping.exe,NVIDIA GeForce RTX 4060 Ti,12th Gen Intel(R) Core(TM) i7-12700,3840x2160,D3D12,0,20336,0x0000000063F0AD60,0,0,Hardware Composed: Independent Flip,0,4549.538709,17.339,17.964,0.157,0.355,2.631,0.020,NA,2775,9001,62,51,NA,NA,NA,NA,NA,NA,0.571,0.826,0.571,69,101,101,NA,4373,15, 41,42.369, 65,30,1,23,1,19,1,3,1,76,1,77,1,1,1,1,1,17,14,12,12,NA,NA,NA,NA,NA,NA,NA,NA,NA,NA,NA,NA,NA,NA,NA,NA,NA,NA,NA,NA,NA,NA,NA,NA,NA,NA,NA,NA,NA,NA,NA,NA,NA,NA,NA,NA,NA,NA,NA,NA,NA,NA,NA,NA,NA,NA,NA,NA
ImmortalsOfAveum-Win64-Shipping.exe,NVIDIA GeForce RTX 4060 Ti,12th Gen Intel(R) Core(TM) i7-12700,3840x2160,D3D12,0,20336,0x0000000063F0AD60,0,0,Hardware Composed: Independent Flip,0,4549.555398,16.688,16.187,0.202,2.070,2.130,0.124,NA,2775,9001,62,51,NA,NA,NA,NA,NA,NA,0.593,0.858,0.593,69,101,101,NA,4373,15, 41,42.369, 65,30,1,23,1,19,1,3,1,76,1,77,1,1,1,1,1,17,14,12,12,NA,NA,NA,NA,NA,NA,NA,NA,NA,NA,NA,NA,NA,NA,NA,NA,NA,NA,NA,NA,NA,NA,NA,NA,NA,NA,NA,NA,NA,NA,NA,NA,NA,NA,NA,NA,NA,NA,NA,NA,NA,NA,NA,NA,NA,NA,NA,NA
ImmortalsOfAveum-Win64-Shipping.exe,NVIDIA GeForce RTX 4060 Ti,12th Gen Intel(R) Core(TM) i7-12700,3840x2160,D3D12,0,20336,0x0000000063F0AD60,0,0,Hardware Composed: Independent Flip,0,4549.571872,16.475,16.570,0.157,0.357,2.225,0.022,NA,2775,9001,62,51,NA,NA,NA,NA,NA,NA,0.601,0.869,0.601,69,101,101,NA,4373,15, 41,42.369, 65,30,1,23,1,19,1,3,1,76,1,77,1,1,1,1,1,17,14,12,12,NA,NA,NA,NA,NA,NA,NA,NA,NA,NA,NA,NA,NA,NA,NA,NA,NA,NA,NA,NA,NA,NA,NA,NA,NA,NA,NA,NA,NA,NA,NA,NA,NA,NA,NA,NA,NA,NA,NA,NA,NA,NA,NA,NA,NA,NA,NA,NA
ImmortalsOfAveum-Win64-Shipping.exe,NVIDIA GeForce RTX 4060 Ti,12th Gen Intel(R) Core(TM) i7-12700,3840x2160,D3D12,0,20336,0x0000000063F0AD60,0,0,Hardware Composed: Independent Flip,0,4549.588938,17.066,16.577,0.206,1.668,1.737,0.098,NA,2775,9001,62,51,NA,NA,NA,NA,NA,NA,0.580,0.839,0.580,69,101,101,NA,4373,15, 41,42.369, 65,30,1,23,1,19,1,3,1,76,1,77,1,1,1,1,1,17,14,12,12,NA,NA,NA,NA,NA,NA,NA,NA,NA,NA,NA,NA,NA,NA,NA,NA,NA,NA,NA,NA,NA,NA,NA,NA,NA,NA,NA,NA,NA,NA,NA,NA,NA,NA,NA,NA,NA,NA,NA,NA,NA,NA,NA,NA,NA,NA,NA,NA
ImmortalsOfAveum-Win64-Shipping.exe,NVIDIA GeForce RTX 4060 Ti,12th Gen Intel(R) Core(TM) i7-12700,3840x2160,D3D12,0,20336,0x0000000063F0AD60,0,0,Hardware Composed: Independent Flip,0,4549.604488,15.550,16.045,0.144,0.562,2.231,0.036,NA,2775,9001,62,51,NA,NA,NA,NA,NA,NA,0.636,0.921,0.636,69,101,101,NA,4373,15, 41,42.369, 65,30,1,23,1,19,1,3,1,76,1,77,1,1,1,1,1,17,14,12,12,NA,NA,NA,NA,NA,NA,NA,NA,NA,NA,NA,NA,NA,NA,NA,NA,NA,NA,NA,NA,NA,NA,NA,NA,NA,NA,NA,NA,NA,NA,NA,NA,NA,NA,NA,NA,NA,NA,NA,NA,NA,NA,NA,NA,NA,NA,NA,NA
ImmortalsOfAveum-Win64-Shipping.exe,NVIDIA GeForce RTX 4060 Ti,12th Gen Intel(R) Core(TM) i7-12700,3840x2160,D3D12,0,20336,0x0000000063F0AD60,0,0,Hardware Composed: Independent Flip,0,4549.621093,16.605,16.898,0.195,2.465,2.524,0.148,NA,2775,9001,62,51,NA,NA,NA,NA,NA,NA,0.596,0.863,0.596,69,101,101,NA,4373,15, 41,42.369, 65,30,1,23,1,19,1,3,1,76,1,77,1,1,1,1,1,17,14,12,12,NA,NA,NA,NA,NA,NA,NA,NA,NA,NA,NA,NA,NA,NA,NA,NA,NA,NA,NA,NA,NA,NA,NA,NA,NA,NA,NA,NA,NA,NA,NA,NA,NA,NA,NA,NA,NA,NA,NA,NA,NA,NA,NA,NA,NA,NA,NA,NA
ImmortalsOfAveum-Win64-Shipping.exe,NVIDIA GeForce RTX 4060 Ti,12th Gen Intel(R) Core(TM) i7-12700,3840x2160,D3D12,0,20336,0x0000000063F0AD60,0,0,Hardware Composed: Independent Flip,0,4549.638980,17.886,17.613,0.154,0.335,2.250,0.019,NA,2775,9001,62,51,NA,NA,NA,NA,NA,NA,0.553,0.801,0.553,69,101,101,NA,4373,15, 41,41.171, 65,30,1,23,1,19,1,3,1,76,1,77,1,1,1,1,1,17,14,12,12,NA,NA,NA,NA,NA,NA,NA,NA,NA,NA,NA,NA,NA,NA,NA,NA,NA,NA,NA,NA,NA,NA,NA,NA,NA,NA,NA,NA,NA,NA,NA,NA,NA,NA,NA,NA,NA,NA,NA,NA,NA,NA,NA,NA,NA,NA,NA,NA
ImmortalsOfAveum-Win64-Shipping.exe,NVIDIA GeForce RTX 4060 Ti,12th Gen Intel(R) Core(TM) i7-12700,3840x2160,D3D12,0,20336,0x0000000063F0AD60,0,0,Hardware Composed: Independent Flip,0,4549.656001,17.021,17.219,0.239,2.387,2.448,0.140,NA,2775,9001,62,51,NA,NA,NA,NA,NA,NA,0.581,0.841,0.581,69,101,101,NA,4373,15, 41,41.171, 65,30,1,23,1,19,1,3,1,76,1,77,1,1,1,1,1,17,14,12,12,NA,NA,NA,NA,NA,NA,NA,NA,NA,NA,NA,NA,NA,NA,NA,NA,NA,NA,NA,NA,NA,NA,NA,NA,NA,NA,NA,NA,NA,NA,NA,NA,NA,NA,NA,NA,NA,NA,NA,NA,NA,NA,NA,NA,NA,NA,NA,NA
ImmortalsOfAveum-Win64-Shipping.exe,NVIDIA GeForce RTX 4060 Ti,12th Gen Intel(R) Core(TM) i7-12700,3840x2160,D3D12,0,20336,0x0000000063F0AD60,0,0,Hardware Composed: Independent Flip,0,4549.671332,15.331,14.973,0.160,0.533,2.090,0.035,NA,2775,9001,62,51,NA,NA,NA,NA,NA,NA,0.646,0.934,0.646,69,101,101,NA,4373,15, 41,41.171, 65,30,1,23,1,19,1,3,1,76,1,77,1,1,1,1,1,17,14,12,12,NA,NA,NA,NA,NA,NA,NA,NA,NA,NA,NA,NA,NA,NA,NA,NA,NA,NA,NA,NA,NA,NA,NA,NA,NA,NA,NA,NA,NA,NA,NA,NA,NA,NA,NA,NA,NA,NA,NA,NA,NA,NA,NA,NA,NA,NA,NA,NA
ImmortalsOfAveum-Win64-Shipping.exe,NVIDIA GeForce RTX 4060 Ti,12th Gen Intel(R) Core(TM) i7-12700,3840x2160,D3D12,0,20336,0x0000000063F0AD60,0,0,Hardware Composed: Independent Flip,0,4549.688261,16.929,16.716,0.198,1.816,1.877,0.107,NA,2775,9001,62,51,NA,NA,NA,NA,NA,NA,0.585,0.846,0.585,69,101,101,NA,4373,15, 41,41.171, 65,30,1,23,1,19,1,3,1,76,1,77,1,1,1,1,1,17,14,12,12,NA,NA,NA,NA,NA,NA,NA,NA,NA,NA,NA,NA,NA,NA,NA,NA,NA,NA,NA,NA,NA,NA,NA,NA,NA,NA,NA,NA,NA,NA,NA,NA,NA,NA,NA,NA,NA,NA,NA,NA,NA,NA,NA,NA,NA,NA,NA,NA
ImmortalsOfAveum-Win64-Shipping.exe,NVIDIA GeForce RTX 4060 Ti,12th Gen Intel(R) Core(TM) i7-12700,3840x2160,D3D12,0,20336,0x0000000063F0AD60,0,0,Hardware Composed: Independent Flip,0,4549.705513,17.252,18.400,0.155,0.345,3.024,0.020,NA,2775,9001,62,51,NA,NA,NA,NA,NA,NA,0.574,0.830,0.574,69,101,101,NA,4373,15, 41,41.171, 65,30,1,23,1,19,1,3,1,76,1,77,1,1,1,1,1,17,14,12,12,NA,NA,NA,NA,NA,NA,NA,NA,NA,NA,NA,NA,NA,NA,NA,NA,NA,NA,NA,NA,NA,NA,NA,NA,NA,NA,NA,NA,NA,NA,NA,NA,NA,NA,NA,NA,NA,NA,NA,NA,NA,NA,NA,NA,NA,NA,NA,NA
ImmortalsOfAveum-Win64-Shipping.exe,NVIDIA GeForce RTX 4060 Ti,12th Gen Intel(R) Core(TM) i7-12700,3840x2160,D3D12,0,20336,0x0000000063F0AD60,0,0,Hardware Composed: Independent Flip,0,4549.722380,16.866,15.698,0.214,1.844,1.856,0.109,NA,2775,9001,62,51,NA,NA,NA,NA,NA,NA,0.587,0.849,0.587,69,101,101,NA,4373,15, 41,41.171, 65,30,1,23,1,19,1,3,1,76,1,77,1,1,1,1,1,17,14,12,12,NA,NA,NA,NA,NA,NA,NA,NA,NA,NA,NA,NA,NA,NA,NA,NA,NA,NA,NA,NA,NA,NA,NA,NA,NA,NA,NA,NA,NA,NA,NA,NA,NA,NA,NA,NA,NA,NA,NA,NA,NA,NA,NA,NA,NA,NA,NA,NA
ImmortalsOfAveum-Win64-Shipping.exe,NVIDIA GeForce RTX 4060 Ti,12th Gen Intel(R) Core(TM) i7-12700,3840x2160,D3D12,0,20336,0x0000000063F0AD60,0,0,Hardware Composed: Independent Flip,0,4549.738105,15.725,16.270,0.157,0.579,2.401,0.037,NA,2775,9001,62,51,NA,NA,NA,NA,NA,NA,0.629,0.911,0.629,69,101,101,NA,4373,15, 41,41.171, 65,30,1,23,1,19,1,3,1,76,1,77,1,1,1,1,1,17,14,12,12,NA,NA,NA,NA,NA,NA,NA,NA,NA,NA,NA,NA,NA,NA,NA,NA,NA,NA,NA,NA,NA,NA,NA,NA,NA,NA,NA,NA,NA,NA,NA,NA,NA,NA,NA,NA,NA,NA,NA,NA,NA,NA,NA,NA,NA,NA,NA,NA
ImmortalsOfAveum-Win64-Shipping.exe,NVIDIA GeForce RTX 4060 Ti,12th Gen Intel(R) Core(TM) i7-12700,3840x2160,D3D12,0,20336,0x0000000063F0AD60,0,0,Hardware Composed: Independent Flip,0,4549.755055,16.950,16.794,0.223,2.183,2.244,0.129,NA,2775,9001,62,51,NA,NA,NA,NA,NA,NA,0.584,0.845,0.584,69,101,101,NA,4373,15, 41,41.171, 65,30,1,23,1,19,1,3,1,76,1,77,1,1,1,1,1,17,14,12,12,NA,NA,NA,NA,NA,NA,NA,NA,NA,NA,NA,NA,NA,NA,NA,NA,NA,NA,NA,NA,NA,NA,NA,NA,NA,NA,NA,NA,NA,NA,NA,NA,NA,NA,NA,NA,NA,NA,NA,NA,NA,NA,NA,NA,NA,NA,NA,NA
ImmortalsOfAveum-Win64-Shipping.exe,NVIDIA GeForce RTX 4060 Ti,12th Gen Intel(R) Core(TM) i7-12700,3840x2160,D3D12,0,20336,0x0000000063F0AD60,0,0,Hardware Composed: Independent Flip,0,4549.770958,15.903,15.732,0.143,0.551,2.073,0.035,NA,2775,9001,62,51,NA,NA,NA,NA,NA,NA,0.622,0.901,0.622,69,101,101,NA,4373,15, 41,41.171, 65,30,1,23,1,19,1,3,1,76,1,77,1,1,1,1,1,17,14,12,12,NA,NA,NA,NA,NA,NA,NA,NA,NA,NA,NA,NA,NA,NA,NA,NA,NA,NA,NA,NA,NA,NA,NA,NA,NA,NA,NA,NA,NA,NA,NA,NA,NA,NA,NA,NA,NA,NA,NA,NA,NA,NA,NA,NA,NA,NA,NA,NA
ImmortalsOfAveum-Win64-Shipping.exe,NVIDIA GeForce RTX 4060 Ti,12th Gen Intel(R) Core(TM) i7-12700,3840x2160,D3D12,0,20336,0x0000000063F0AD60,0,0,Hardware Composed: Independent Flip,0,4549.787579,16.621,17.042,0.217,2.433,2.495,0.146,NA,2775,9001,62,51,NA,NA,NA,NA,NA,NA,0.595,0.862,0.595,69,101,101,NA,4373,15, 41,41.171, 65,30,1,23,1,19,1,3,1,76,1,77,1,1,1,1,1,17,14,12,12,NA,NA,NA,NA,NA,NA,NA,NA,NA,NA,NA,NA,NA,NA,NA,NA,NA,NA,NA,NA,NA,NA,NA,NA,NA,NA,NA,NA,NA,NA,NA,NA,NA,NA,NA,NA,NA,NA,NA,NA,NA,NA,NA,NA,NA,NA,NA,NA
ImmortalsOfAveum-Win64-Shipping.exe,NVIDIA GeForce RTX 4060 Ti,12th Gen Intel(R) Core(TM) i7-12700,3840x2160,D3D12,0,20336,0x0000000063F0AD60,0,0,Hardware Composed: Independent Flip,0,4549.805460,17.881,17.790,0.165,0.356,2.403,0.020,NA,2775,9001,62,51,NA,NA,NA,NA,NA,NA,0.553,0.801,0.553,69,101,101,NA,4373,15, 41,41.171, 65,30,1,23,1,19,1,3,1,76,1,77,1,1,1,1,1,17,14,12,12,NA,NA,NA,NA,NA,NA,NA,NA,NA,NA,NA,NA,NA,NA,NA,NA,NA,NA,NA,NA,NA,NA,NA,NA,NA,NA,NA,NA,NA,NA,NA,NA,NA,NA,NA,NA,NA,NA,NA,NA,NA,NA,NA,NA,NA,NA,NA,NA
ImmortalsOfAveum-Win64-Shipping.exe,NVIDIA GeForce RTX 4060 Ti,12th Gen Intel(R) Core(TM) i7-12700,3840x2160,D3D12,0,20336,0x0000000063F0AD60,0,0,Hardware Composed: Independent Flip,0,4549.822660,17.200,17.436,0.232,2.571,2.639,0.149,NA,2775,9001,62,51,NA,NA,NA,NA,NA,NA,0.575,0.833,0.575,69,101,101,NA,4373,15, 41,41.171, 65,30,1,23,1,19,1,3,1,76,1,77,1,1,1,1,1,17,14,12,12,NA,NA,NA,NA,NA,NA,NA,NA,NA,NA,NA,NA,NA,NA,NA,NA,NA,NA,NA,NA,NA,NA,NA,NA,NA,NA,NA,NA,NA,NA,NA,NA,NA,NA,NA,NA,NA,NA,NA,NA,NA,NA,NA,NA,NA,NA,NA,NA
ImmortalsOfAveum-Win64-Shipping.exe,NVIDIA GeForce RTX 4060 Ti,12th Gen Intel(R) Core(TM) i7-12700,3840x2160,D3D12,0,20336,0x0000000063F0AD60,0,0,Hardware Composed: Independent Flip,0,4549.837924,15.264,14.844,0.152,0.549,2.218,0.036,NA,2775,9001,62,51,NA,NA,NA,NA,NA,NA,0.648,0.938,0.648,69,101,101,NA,4373,15, 39,41.960, 65,30,1,23,1,19,1,3,1,76,1,77,1,1,1,1,1,17,14,12,12,NA,NA,NA,NA,NA,NA,NA,NA,NA,NA,NA,NA,NA,NA,NA,NA,NA,NA,NA,NA,NA,NA,NA,NA,NA,NA,NA,NA,NA,NA,NA,NA,NA,NA,NA,NA,NA,NA,NA,NA,NA,NA,NA,NA,NA,NA,NA,NA
ImmortalsOfAveum-Win64-Shipping.exe,NVIDIA GeForce RTX 4060 Ti,12th Gen Intel(R) Core(TM) i7-12700,3840x2160,D3D12,0,20336,0x0000000063F0AD60,0,0,Hardware Composed: Independent Flip,0,4549.854914,16.990,16.621,0.244,1.789,1.849,0.105,NA,2775,9001,62,51,NA,NA,NA,NA,NA,NA,0.583,0.843,0.583,69,101,101,NA,4373,15, 39,41.960, 65,30,1,23,1,19,1,3,1,76,1,77,1,1,1,1,1,17,14,12,12,NA,NA,NA,NA,NA,NA,NA,NA,NA,NA,NA,NA,NA,NA,NA,NA,NA,NA,NA,NA,NA,NA,NA,NA,NA,NA,NA,NA,NA,NA,NA,NA,NA,NA,NA,NA,NA,NA,NA,NA,NA,NA,NA,NA,NA,NA,NA,NA
ImmortalsOfAveum-Win64-Shipping.exe,NVIDIA GeForce RTX 4060 Ti,12th Gen Intel(R) Core(TM) i7-12700,3840x2160,D3D12,0,20336,0x0000000063F0AD60,0,0,Hardware Composed: Independent Flip,0,4549.872110,17.196,18.653,0.153,0.355,3.306,0.021,NA,2775,9001,62,51,NA,NA,NA,NA,NA,NA,0.576,0.833,0.576,69,101,101,NA,4373,15, 39,41.960, 65,30,1,23,1,19,1,3,1,76,1,77,1,1,1,1,1,17,14,12,12,NA,NA,NA,NA,NA,NA,NA,NA,NA,NA,NA,NA,NA,NA,NA,NA,NA,NA,NA,NA,NA,NA,NA,NA,NA,NA,NA,NA,NA,NA,NA,NA,NA,NA,NA,NA,NA,NA,NA,NA,NA,NA,NA,NA,NA,NA,NA,NA
ImmortalsOfAveum-Win64-Shipping.exe,NVIDIA GeForce RTX 4060 Ti,12th Gen Intel(R) Core(TM) i7-12700,3840x2160,D3D12,0,20336,0x0000000063F0AD60,0,0,Hardware Composed: Independent Flip,0,4549.889036,16.926,16.026,0.239,2.347,2.406,0.139,NA,2775,9001,62,51,NA,NA,NA,NA,NA,NA,0.585,0.846,0.585,69,101,101,NA,4373,15, 39,41.960, 65,30,1,23,1,19,1,3,1,76,1,77,1,1,1,1,1,17,14,12,12,NA,NA,NA,NA,NA,NA,NA,NA,NA,NA,NA,NA,NA,NA,NA,NA,NA,NA,NA,NA,NA,NA,NA,NA,NA,NA,NA,NA,NA,NA,NA,NA,NA,NA,NA,NA,NA,NA,NA,NA,NA,NA,NA,NA,NA,NA,NA,NA
ImmortalsOfAveum-Win64-Shipping.exe,NVIDIA GeForce RTX 4060 Ti,12th Gen Intel(R) Core(TM) i7-12700,3840x2160,D3D12,0,20336,0x0000000063F0AD60,0,0,Hardware Composed: Independent Flip,0,4549.905221,16.185,16.235,0.223,0.526,2.456,0.033,NA,2775,9001,62,51,NA,NA,NA,NA,NA,NA,0.612,0.885,0.612,69,101,101,NA,4373,15, 39,41.960, 65,30,1,23,1,19,1,3,1,76,1,77,1,1,1,1,1,17,14,12,12,NA,NA,NA,NA,NA,NA,NA,NA,NA,NA,NA,NA,NA,NA,NA,NA,NA,NA,NA,NA,NA,NA,NA,NA,NA,NA,NA,NA,NA,NA,NA,NA,NA,NA,NA,NA,NA,NA,NA,NA,NA,NA,NA,NA,NA,NA,NA,NA
ImmortalsOfAveum-Win64-Shipping.exe,NVIDIA GeForce RTX 4060 Ti,12th Gen Intel(R) Core(TM) i7-12700,3840x2160,D3D12,0,20336,0x0000000063F0AD60,0,0,Hardware Composed: Independent Flip,0,4549.922258,17.038,16.431,0.251,1.787,1.849,0.105,NA,2775,9001,62,51,NA,NA,NA,NA,NA,NA,0.581,0.841,0.581,69,101,101,NA,4373,15, 39,41.960, 65,30,1,23,1,19,1,3,1,76,1,77,1,1,1,1,1,17,14,12,12,NA,NA,NA,NA,NA,NA,NA,NA,NA,NA,NA,NA,NA,NA,NA,NA,NA,NA,NA,NA,NA,NA,NA,NA,NA,NA,NA,NA,NA,NA,NA,NA,NA,NA,NA,NA,NA,NA,NA,NA,NA,NA,NA,NA,NA,NA,NA,NA
ImmortalsOfAveum-Win64-Shipping.exe,NVIDIA GeForce RTX 4060 Ti,12th Gen Intel(R) Core(TM) i7-12700,3840x2160,D3D12,0,20336,0x0000000063F0AD60,0,0,Hardware Composed: Independent Flip,0,4549.938192,15.934,16.334,0.147,0.430,2.250,0.027,NA,2775,9001,62,51,NA,NA,NA,NA,NA,NA,0.621,0.899,0.621,69,101,101,NA,4373,15, 39,41.960, 65,30,1,23,1,19,1,3,1,76,1,77,1,1,1,1,1,17,14,12,12,NA,NA,NA,NA,NA,NA,NA,NA,NA,NA,NA,NA,NA,NA,NA,NA,NA,NA,NA,NA,NA,NA,NA,NA,NA,NA,NA,NA,NA,NA,NA,NA,NA,NA,NA,NA,NA,NA,NA,NA,NA,NA,NA,NA,NA,NA,NA,NA
ImmortalsOfAveum-Win64-Shipping.exe,NVIDIA GeForce RTX 4060 Ti,12th Gen Intel(R) Core(TM) i7-12700,3840x2160,D3D12,0,20336,0x0000000063F0AD60,0,0,Hardware Composed: Independent Flip,0,4549.954979,16.787,16.653,0.273,2.093,2.115,0.125,NA,2775,9001,62,51,NA,NA,NA,NA,NA,NA,0.590,0.853,0.590,69,101,101,NA,4373,15, 39,41.960, 65,30,1,23,1,19,1,3,1,76,1,77,1,1,1,1,1,17,14,12,12,NA,NA,NA,NA,NA,NA,NA,NA,NA,NA,NA,NA,NA,NA,NA,NA,NA,NA,NA,NA,NA,NA,NA,NA,NA,NA,NA,NA,NA,NA,NA,NA,NA,NA,NA,NA,NA,NA,NA,NA,NA,NA,NA,NA,NA,NA,NA,NA
ImmortalsOfAveum-Win64-Shipping.exe,NVIDIA GeForce RTX 4060 Ti,12th Gen Intel(R) Core(TM) i7-12700,3840x2160,D3D12,0,20336,0x0000000063F0AD60,0,0,Hardware Composed: Independent Flip,0,4549.970939,15.960,16.248,0.154,0.542,2.404,0.034,NA,2775,9001,62,51,NA,NA,NA,NA,NA,NA,0.620,0.897,0.620,69,101,101,NA,4373,15, 39,41.960, 65,30,1,23,1,19,1,3,1,76,1,77,1,1,1,1,1,17,14,12,12,NA,NA,NA,NA,NA,NA,NA,NA,NA,NA,NA,NA,NA,NA,NA,NA,NA,NA,NA,NA,NA,NA,NA,NA,NA,NA,NA,NA,NA,NA,NA,NA,NA,NA,NA,NA,NA,NA,NA,NA,NA,NA,NA,NA,NA,NA,NA,NA
ImmortalsOfAveum-Win64-Shipping.exe,NVIDIA GeForce RTX 4060 Ti,12th Gen Intel(R) Core(TM) i7-12700,3840x2160,D3D12,0,20336,0x0000000063F0AD60,0,0,Hardware Composed: Independent Flip,0,4549.987623,16.684,16.459,0.195,2.119,2.179,0.127,NA,2775,9001,62,51,NA,NA,NA,NA,NA,NA,0.593,0.858,0.593,69,101,101,NA,4373,15, 39,41.960, 65,30,1,23,1,19,1,3,1,76,1,77,1,1,1,1,1,17,14,12,12,NA,NA,NA,NA,NA,NA,NA,NA,NA,NA,NA,NA,NA,NA,NA,NA,NA,NA,NA,NA,NA,NA,NA,NA,NA,NA,NA,NA,NA,NA,NA,NA,NA,NA,NA,NA,NA,NA,NA,NA,NA,NA,NA,NA,NA,NA,NA,NA
ImmortalsOfAveum-Win64-Shipping.exe,NVIDIA GeForce RTX 4060 Ti,12th Gen Intel(R) Core(TM) i7-12700,3840x2160,D3D12,0,20336,0x0000000063F0AD60,0,0,Hardware Composed: Independent Flip,0,4550.005195,17.572,17.786,0.148,0.357,2.393,0.020,NA,2775,9001,62,51,NA,NA,NA,NA,NA,NA,0.563,0.815,0.563,69,101,101,NA,4373,15, 39,41.960, 65,30,1,23,1,19,1,3,1,76,1,77,1,1,1,1,1,17,14,12,12,NA,NA,NA,NA,NA,NA,NA,NA,NA,NA,NA,NA,NA,NA,NA,NA,NA,NA,NA,NA,NA,NA,NA,NA,NA,NA,NA,NA,NA,NA,NA,NA,NA,NA,NA,NA,NA,NA,NA,NA,NA,NA,NA,NA,NA,NA,NA,NA
ImmortalsOfAveum-Win64-Shipping.exe,NVIDIA GeForce RTX 4060 Ti,12th Gen Intel(R) Core(TM) i7-12700,3840x2160,D3D12,0,20336,0x0000000063F0AD60,0,0,Hardware Composed: Independent Flip,0,4550.022211,17.016,16.661,0.236,2.025,2.038,0.119,NA,2775,9001,62,51,NA,NA,NA,NA,NA,NA,0.582,0.842,0.582,69,101,101,NA,4373,15, 39,41.960, 65,30,1,23,1,19,1,3,1,76,1,77,1,1,1,1,1,17,14,12,12,NA,NA,NA,NA,NA,NA,NA,NA,NA,NA,NA,NA,NA,NA,NA,NA,NA,NA,NA,NA,NA,NA,NA,NA,NA,NA,NA,NA,NA,NA,NA,NA,NA,NA,NA,NA,NA,NA,NA,NA,NA,NA,NA,NA,NA,NA,NA,NA
ImmortalsOfAveum-Win64-Shipping.exe,NVIDIA GeForce RTX 4060 Ti,12th Gen Intel(R) Core(TM) i7-12700,3840x2160,D3D12,0,20336,0x0000000063F0AD60,0,0,Hardware Composed: Independent Flip,0,4550.038570,16.359,16.040,0.146,0.352,1.720,0.022,NA,2775,9001,62,51,NA,NA,NA,NA,NA,NA,0.605,0.876,0.605,69,101,101,NA,4373,15, 41,41.537, 65,30,1,23,1,19,1,3,1,76,1,77,1,1,1,1,1,17,14,12,12,NA,NA,NA,NA,NA,NA,NA,NA,NA,NA,NA,NA,NA,NA,NA,NA,NA,NA,NA,NA,NA,NA,NA,NA,NA,NA,NA,NA,NA,NA,NA,NA,NA,NA,NA,NA,NA,NA,NA,NA,NA,NA,NA,NA,NA,NA,NA,NA
ImmortalsOfAveum-Win64-Shipping.exe,NVIDIA GeForce RTX 4060 Ti,12th Gen Intel(R) Core(TM) i7-12700,3840x2160,D3D12,0,20336,0x0000000063F0AD60,0,0,Hardware Composed: Independent Flip,0,4550.055731,17.162,18.052,0.202,2.548,2.610,0.148,NA,2775,9001,62,51,NA,NA,NA,NA,NA,NA,0.576,0.832,0.576,70,101,101,NA,4373,13, 41,41.537, 65,29,0,20,0,17,0,0,0,79,0,72,0,0,0,0,0,14,10,9,9,NA,NA,NA,NA,NA,NA,NA,NA,NA,NA,NA,NA,NA,NA,NA,NA,NA,NA,NA,NA,NA,NA,NA,NA,NA,NA,NA,NA,NA,NA,NA,NA,NA,NA,NA,NA,NA,NA,NA,NA,NA,NA,NA,NA,NA,NA,NA,NA
ImmortalsOfAveum-Win64-Shipping.exe,NVIDIA GeForce RTX 4060 Ti,12th Gen Intel(R) Core(TM) i7-12700,3840x2160,D3D12,0,20336,0x0000000063F0AD60,0,0,Hardware Composed: Independent Flip,0,4550.071122,15.391,15.010,0.136,0.562,2.229,0.037,NA,2775,9001,62,51,NA,NA,NA,NA,NA,NA,0.642,0.928,0.642,70,101,101,NA,4373,13, 41,41.537, 65,29,0,20,0,17,0,0,0,79,0,72,0,0,0,0,0,14,10,9,9,NA,NA,NA,NA,NA,NA,NA,NA,NA,NA,NA,NA,NA,NA,NA,NA,NA,NA,NA,NA,NA,NA,NA,NA,NA,NA,NA,NA,NA,NA,NA,NA,NA,NA,NA,NA,NA,NA,NA,NA,NA,NA,NA,NA,NA,NA,NA,NA
ImmortalsOfAveum-Win64-Shipping.exe,NVIDIA GeForce RTX 4060 Ti,12th Gen Intel(R) Core(TM) i7-12700,3840x2160,D3D12,0,20336,0x0000000063F0AD60,0,0,Hardware Composed: Independent Flip,0,4550.087758,16.635,16.060,0.197,1.594,1.654,0.096,NA,2775,9001,62,51,NA,NA,NA,NA,NA,NA,0.594,0.858,0.594,70,101,101,NA,4373,13, 41,41.537, 65,29,0,20,0,17,0,0,0,79,0,72,0,0,0,0,0,14,10,9,9,NA,NA,NA,NA,NA,NA,NA,NA,NA,NA,NA,NA,NA,NA,NA,NA,NA,NA,NA,NA,NA,NA,NA,NA,NA,NA,NA,NA,NA,NA,NA,NA,NA,NA,NA,NA,NA,NA,NA,NA,NA,NA,NA,NA,NA,NA,NA,NA
ImmortalsOfAveum-Win64-Shipping.exe,NVIDIA GeForce RTX 4060 Ti,12th Gen Intel(R) Core(TM) i7-12700,3840x2160,D3D12,0,20336,0x0000000063F0AD60,0,0,Hardware Composed: Independent Flip,0,4550.105819,18.061,19.609,0.172,0.353,3.202,0.020,NA,2775,9001,62,51,NA,NA,NA,NA,NA,NA,0.547,0.791,0.547,70,101,101,NA,4373,13, 41,41.537, 65,29,0,20,0,17,0,0,0,79,0,72,0,0,0,0,0,14,10,9,9,NA,NA,NA,NA,NA,NA,NA,NA,NA,NA,NA,NA,NA,NA,NA,NA,NA,NA,NA,NA,NA,NA,NA,NA,NA,NA,NA,NA,NA,NA,NA,NA,NA,NA,NA,NA,NA,NA,NA,NA,NA,NA,NA,NA,NA,NA,NA,NA
ImmortalsOfAveum-Win64-Shipping.exe,NVIDIA GeForce RTX 4060 Ti,12th Gen Intel(R) Core(TM) i7-12700,3840x2160,D3D12,0,20336,0x0000000063F0AD60,0,0,Hardware Composed: Independent Flip,0,4550.122877,17.058,16.372,0.217,2.504,2.516,0.147,NA,2775,9001,62,51,NA,NA,NA,NA,NA,NA,0.580,0.837,0.580,70,101,101,NA,4373,13, 41,41.537, 65,29,0,20,0,17,0,0,0,79,0,72,0,0,0,0,0,14,10,9,9,NA,NA,NA,NA,NA,NA,NA,NA,NA,NA,NA,NA,NA,NA,NA,NA,NA,NA,NA,NA,NA,NA,NA,NA,NA,NA,NA,NA,NA,NA,NA,NA,NA,NA,NA,NA,NA,NA,NA,NA,NA,NA,NA,NA,NA,NA,NA,NA
ImmortalsOfAveum-Win64-Shipping.exe,NVIDIA GeForce RTX 4060 Ti,12th Gen Intel(R) Core(TM) i7-12700,3840x2160,D3D12,0,20336,0x0000000063F0AD60,0,0,Hardware Composed: Independent Flip,0,4550.138195,15.318,14.721,0.182,0.527,1.918,0.034,NA,2775,9001,62,51,NA,NA,NA,NA,NA,NA,0.645,0.932,0.645,70,101,101,NA,4373,13, 41,41.537, 65,29,0,20,0,17,0,0,0,79,0,72,0,0,0,0,0,14,10,9,9,NA,NA,NA,NA,NA,NA,NA,NA,NA,NA,NA,NA,NA,NA,NA,NA,NA,NA,NA,NA,NA,NA,NA,NA,NA,NA,NA,NA,NA,NA,NA,NA,NA,NA,NA,NA,NA,NA,NA,NA,NA,NA,NA,NA,NA,NA,NA,NA
ImmortalsOfAveum-Win64-Shipping.exe,NVIDIA GeForce RTX 4060 Ti,12th Gen Intel(R) Core(TM) i7-12700,3840x2160,D3D12,0,20336,0x0000000063F0AD60,0,0,Hardware Composed: Independent Flip,0,4550.155180,16.985,17.206,0.208,2.079,2.139,0.122,NA,2775,9001,62,51,NA,NA,NA,NA,NA,NA,0.582,0.841,0.582,70,101,101,NA,4373,13, 41,41.537, 65,29,0,20,0,17,0,0,0,79,0,72,0,0,0,0,0,14,10,9,9,NA,NA,NA,NA,NA,NA,NA,NA,NA,NA,NA,NA,NA,NA,NA,NA,NA,NA,NA,NA,NA,NA,NA,NA,NA,NA,NA,NA,NA,NA,NA,NA,NA,NA,NA,NA,NA,NA,NA,NA,NA,NA,NA,NA,NA,NA,NA,NA
ImmortalsOfAveum-Win64-Shipping.exe,NVIDIA GeForce RTX 4060 Ti,12th Gen Intel(R) Core(TM) i7-12700,3840x2160,D3D12,0,20336,0x0000000063F0AD60,0,0,Hardware Composed: Independent Flip,0,4550.170953,15.773,16.380,0.152,0.540,2.746,0.034,NA,2775,9001,62,51,NA,NA,NA,NA,NA,NA,0.627,0.905,0.627,70,101,101,NA,4373,13, 41,41.537, 65,29,0,20,0,17,0,0,0,79,0,72,0,0,0,0,0,14,10,9,9,NA,NA,NA,NA,NA,NA,NA,NA,NA,NA,NA,NA,NA,NA,NA,NA,NA,NA,NA,NA,NA,NA,NA,NA,NA,NA,NA,NA,NA,NA,NA,NA,NA,NA,NA,NA,NA,NA,NA,NA,NA,NA,NA,NA,NA,NA,NA,NA
ImmortalsOfAveum-Win64-Shipping.exe,NVIDIA GeForce RTX 4060 Ti,12th Gen Intel(R) Core(TM) i7-12700,3840x2160,D3D12,0,20336,0x0000000063F0AD60,0,0,Hardware Composed: Independent Flip,0,4550.187475,16.522,16.272,0.218,2.436,2.496,0.147,NA,2775,9001,62,51,NA,NA,NA,NA,NA,NA,0.598,0.864,0.598,70,101,101,NA,4373,13, 41,41.537, 65,29,0,20,0,17,0,0,0,79,0,72,0,0,0,0,0,14,10,9,9,NA,NA,NA,NA,NA,NA,NA,NA,NA,NA,NA,NA,NA,NA,NA,NA,NA,NA,NA,NA,NA,NA,NA,NA,NA,NA,NA,NA,NA,NA,NA,NA,NA,NA,NA,NA,NA,NA,NA,NA,NA,NA,NA,NA,NA,NA,NA,NA
ImmortalsOfAveum-Win64-Shipping.exe,NVIDIA GeForce RTX 4060 Ti,12th Gen Intel(R) Core(TM) i7-12700,3840x2160,D3D12,0,20336,0x0000000063F0AD60,0,0,Hardware Composed: Independent Flip,0,4550.205446,17.970,18.436,0.161,0.351,2.962,0.020,NA,2775,9001,62,51,NA,NA,NA,NA,NA,NA,0.550,0.795,0.550,70,101,101,NA,4373,13, 41,41.537, 65,29,0,20,0,17,0,0,0,79,0,72,0,0,0,0,0,14,10,9,9,NA,NA,NA,NA,NA,NA,NA,NA,NA,NA,NA,NA,NA,NA,NA,NA,NA,NA,NA,NA,NA,NA,NA,NA,NA,NA,NA,NA,NA,NA,NA,NA,NA,NA,NA,NA,NA,NA,NA,NA,NA,NA,NA,NA,NA,NA,NA,NA
ImmortalsOfAveum-Win64-Shipping.exe,NVIDIA GeForce RTX 4060 Ti,12th Gen Intel(R) Core(TM) i7-12700,3840x2160,D3D12,0,20336,0x0000000063F0AD60,0,0,Hardware Composed: Independent Flip,0,4550.222592,17.146,15.916,0.230,1.674,1.732,0.098,NA,2775,9001,62,51,NA,NA,NA,NA,NA,NA,0.577,0.833,0.577,70,101,101,NA,4373,13, 41,41.537, 65,29,0,20,0,17,0,0,0,79,0,72,0,0,0,0,0,14,10,9,9,NA,NA,NA,NA,NA,NA,NA,NA,NA,NA,NA,NA,NA,NA,NA,NA,NA,NA,NA,NA,NA,NA,NA,NA,NA,NA,NA,NA,NA,NA,NA,NA,NA,NA,NA,NA,NA,NA,NA,NA,NA,NA,NA,NA,NA,NA,NA,NA
ImmortalsOfAveum-Win64-Shipping.exe,NVIDIA GeForce RTX 4060 Ti,12th Gen Intel(R) Core(TM) i7-12700,3840x2160,D3D12,0,20336,0x0000000063F0AD60,0,0,Hardware Composed: Independent Flip,0,4550.238726,16.135,16.276,0.153,0.353,1.873,0.022,NA,2775,9001,62,51,NA,NA,NA,NA,NA,NA,0.613,0.885,0.613,70,101,101,NA,4373,13, 41,41.517, 65,29,0,20,0,17,0,0,0,79,0,72,0,0,0,0,0,14,10,9,9,NA,NA,NA,NA,NA,NA,NA,NA,NA,NA,NA,NA,NA,NA,NA,NA,NA,NA,NA,NA,NA,NA,NA,NA,NA,NA,NA,NA,NA,NA,NA,NA,NA,NA,NA,NA,NA,NA,NA,NA,NA,NA,NA,NA,NA,NA,NA,NA
ImmortalsOfAveum-Win64-Shipping.exe,NVIDIA GeForce RTX 4060 Ti,12th Gen Intel(R) Core(TM) i7-12700,3840x2160,D3D12,0,20336,0x0000000063F0AD60,0,0,Hardware Composed: Independent Flip,0,4550.255928,17.202,17.073,0.244,1.732,1.744,0.101,NA,2775,9001,62,51,NA,NA,NA,NA,NA,NA,0.575,0.830,0.575,70,101,101,NA,4373,13, 41,41.517, 65,29,0,20,0,17,0,0,0,79,0,72,0,0,0,0,0,14,10,9,9,NA,NA,NA,NA,NA,NA,NA,NA,NA,NA,NA,NA,NA,NA,NA,NA,NA,NA,NA,NA,NA,NA,NA,NA,NA,NA,NA,NA,NA,NA,NA,NA,NA,NA,NA,NA,NA,NA,NA,NA,NA,NA,NA,NA,NA,NA,NA,NA
ImmortalsOfAveum-Win64-Shipping.exe,NVIDIA GeForce RTX 4060 Ti,12th Gen Intel(R) Core(TM) i7-12700,3840x2160,D3D12,0,20336,0x0000000063F0AD60,0,0,Hardware Composed: Independent Flip,0,4550.271558,15.630,15.751,0.149,0.535,1.865,0.034,NA,2775,9001,62,51,NA,NA,NA,NA,NA,NA,0.633,0.914,0.633,70,101,101,NA,4373,13, 41,41.517, 65,29,0,20,0,17,0,0,0,79,0,72,0,0,0,0,0,14,10,9,9,NA,NA,NA,NA,NA,NA,NA,NA,NA,NA,NA,NA,NA,NA,NA,NA,NA,NA,NA,NA,NA,NA,NA,NA,NA,NA,NA,NA,NA,NA,NA,NA,NA,NA,NA,NA,NA,NA,NA,NA,NA,NA,NA,NA,NA,NA,NA,NA
ImmortalsOfAveum-Win64-Shipping.exe,NVIDIA GeForce RTX 4060 Ti,12th Gen Intel(R) Core(TM) i7-12700,3840x2160,D3D12,0,20336,0x0000000063F0AD60,0,0,Hardware Composed: Independent Flip,0,4550.288211,16.652,17.279,0.186,2.430,2.492,0.146,NA,2775,9001,62,51,NA,NA,NA,NA,NA,NA,0.594,0.858,0.594,70,101,101,NA,4373,13, 41,41.517, 65,29,0,20,0,17,0,0,0,79,0,72,0,0,0,0,0,14,10,9,9,NA,NA,NA,NA,NA,NA,NA,NA,NA,NA,NA,NA,NA,NA,NA,NA,NA,NA,NA,NA,NA,NA,NA,NA,NA,NA,NA,NA,NA,NA,NA,NA,NA,NA,NA,NA,NA,NA,NA,NA,NA,NA,NA,NA,NA,NA,NA,NA
ImmortalsOfAveum-Win64-Shipping.exe,NVIDIA GeForce RTX 4060 Ti,12th Gen Intel(R) Core(TM) i7-12700,3840x2160,D3D12,0,20336,0x0000000063F0AD60,0,0,Hardware Composed: Independent Flip,0,4550.304462,16.252,16.295,0.157,0.558,2.535,0.034,NA,2775,9001,62,51,NA,NA,NA,NA,NA,NA,0.608,0.879,0.608,70,101,101,NA,4373,13, 41,41.517, 65,29,0,20,0,17,0,0,0,79,0,72,0,0,0,0,0,14,10,9,9,NA,NA,NA,NA,NA,NA,NA,NA,NA,NA,NA,NA,NA,NA,NA,NA,NA,NA,NA,NA,NA,NA,NA,NA,NA,NA,NA,NA,NA,NA,NA,NA,NA,NA,NA,NA,NA,NA,NA,NA,NA,NA,NA,NA,NA,NA,NA,NA
ImmortalsOfAveum-Win64-Shipping.exe,NVIDIA GeForce RTX 4060 Ti,12th Gen Intel(R) Core(TM) i7-12700,3840x2160,D3D12,0,20336,0x0000000063F0AD60,0,0,Hardware Composed: Independent Flip,0,4550.321167,16.705,16.427,0.236,2.244,2.258,0.134,NA,2775,9001,62,51,NA,NA,NA,NA,NA,NA,0.592,0.855,0.592,70,101,101,NA,4373,13, 41,41.517, 65,29,0,20,0,17,0,0,0,79,0,72,0,0,0,0,0,14,10,9,9,NA,NA,NA,NA,NA,NA,NA,NA,NA,NA,NA,NA,NA,NA,NA,NA,NA,NA,NA,NA,NA,NA,NA,NA,NA,NA,NA,NA,NA,NA,NA,NA,NA,NA,NA,NA,NA,NA,NA,NA,NA,NA,NA,NA,NA,NA,NA,NA
ImmortalsOfAveum-Win64-Shipping.exe,NVIDIA GeForce RTX 4060 Ti,12th Gen Intel(R) Core(TM) i7-12700,3840x2160,D3D12,0,20336,0x0000000063F0AD60,0,0,Hardware Composed: Independent Flip,0,4550.338888,17.721,18.276,0.162,0.349,2.813,0.020,NA,2775,9001,62,51,NA,NA,NA,NA,NA,NA,0.558,0.806,0.558,70,101,101,NA,4373,13, 41,41.517, 65,29,0,20,0,17,0,0,0,79,0,72,0,0,0,0,0,14,10,9,9,NA,NA,NA,NA,NA,NA,NA,NA,NA,NA,NA,NA,NA,NA,NA,NA,NA,NA,NA,NA,NA,NA,NA,NA,NA,NA,NA,NA,NA,NA,NA,NA,NA,NA,NA,NA,NA,NA,NA,NA,NA,NA,NA,NA,NA,NA,NA,NA
ImmortalsOfAveum-Win64-Shipping.exe,NVIDIA GeForce RTX 4060 Ti,12th Gen Intel(R) Core(TM) i7-12700,3840x2160,D3D12,0,20336,0x0000000063F0AD60,0,0,Hardware Composed: Independent Flip,0,4550.356073,17.185,16.135,0.260,1.750,1.763,0.102,NA,2775,9001,62,51,NA,NA,NA,NA,NA,NA,0.575,0.831,0.575,70,101,101,NA,4373,13, 41,41.517, 65,29,0,20,0,17,0,0,0,79,0,72,0,0,0,0,0,14,10,9,9,NA,NA,NA,NA,NA,NA,NA,NA,NA,NA,NA,NA,NA,NA,NA,NA,NA,NA,NA,NA,NA,NA,NA,NA,NA,NA,NA,NA,NA,NA,NA,NA,NA,NA,NA,NA,NA,NA,NA,NA,NA,NA,NA,NA,NA,NA,NA,NA
ImmortalsOfAveum-Win64-Shipping.exe,NVIDIA GeForce RTX 4060 Ti,12th Gen Intel(R) Core(TM) i7-12700,3840x2160,D3D12,0,20336,0x0000000063F0AD60,0,0,Hardware Composed: Independent Flip,0,4550.372272,16.200,16.310,0.180,0.346,1.873,0.021,NA,2775,9001,62,51,NA,NA,NA,NA,NA,NA,0.610,0.882,0.610,70,101,101,NA,4373,13, 41,41.517, 65,29,0,20,0,17,0,0,0,79,0,72,0,0,0,0,0,14,10,9,9,NA,NA,NA,NA,NA,NA,NA,NA,NA,NA,NA,NA,NA,NA,NA,NA,NA,NA,NA,NA,NA,NA,NA,NA,NA,NA,NA,NA,NA,NA,NA,NA,NA,NA,NA,NA,NA,NA,NA,NA,NA,NA,NA,NA,NA,NA,NA,NA
ImmortalsOfAveum-Win64-Shipping.exe,NVIDIA GeForce RTX 4060 Ti,12th Gen Intel(R) Core(TM) i7-12700,3840x2160,D3D12,0,20336,0x0000000063F0AD60,0,0,Hardware Composed: Independent Flip,0,4550.389414,17.141,17.774,0.241,2.444,2.506,0.143,NA,2775,9001,62,51,NA,NA,NA,NA,NA,NA,0.577,0.833,0.577,70,101,101,NA,4373,13, 41,41.517, 65,29,0,20,0,17,0,0,0,79,0,72,0,0,0,0,0,14,10,9,9,NA,NA,NA,NA,NA,NA,NA,NA,NA,NA,NA,NA,NA,NA,NA,NA,NA,NA,NA,NA,NA,NA,NA,NA,NA,NA,NA,NA,NA,NA,NA,NA,NA,NA,NA,NA,NA,NA,NA,NA,NA,NA,NA,NA,NA,NA,NA,NA
ImmortalsOfAveum-Win64-Shipping.exe,NVIDIA GeForce RTX 4060 Ti,12th Gen Intel(R) Core(TM) i7-12700,3840x2160,D3D12,0,20336,0x0000000063F0AD60,0,0,Hardware Composed: Independent Flip,0,4550.405038,15.624,14.981,0.153,0.435,1.863,0.028,NA,2775,9001,62,51,NA,NA,NA,NA,NA,NA,0.633,0.914,0.633,70,101,101,NA,4373,13, 41,41.517, 65,29,0,20,0,17,0,0,0,79,0,72,0,0,0,0,0,14,10,9,9,NA,NA,NA,NA,NA,NA,NA,NA,NA,NA,NA,NA,NA,NA,NA,NA,NA,NA,NA,NA,NA,NA,NA,NA,NA,NA,NA,NA,NA,NA,NA,NA,NA,NA,NA,NA,NA,NA,NA,NA,NA,NA,NA,NA,NA,NA,NA,NA
ImmortalsOfAveum-Win64-Shipping.exe,NVIDIA GeForce RTX 4060 Ti,12th Gen Intel(R) Core(TM) i7-12700,3840x2160,D3D12,0,20336,0x0000000063F0AD60,0,0,Hardware Composed: Independent Flip,0,4550.421727,16.689,17.234,0.240,2.348,2.408,0.141,NA,2775,9001,62,51,NA,NA,NA,NA,NA,NA,0.592,0.856,0.592,70,101,101,NA,4373,13, 41,41.517, 65,29,0,20,0,17,0,0,0,79,0,72,0,0,0,0,0,14,10,9,9,NA,NA,NA,NA,NA,NA,NA,NA,NA,NA,NA,NA,NA,NA,NA,NA,NA,NA,NA,NA,NA,NA,NA,NA,NA,NA,NA,NA,NA,NA,NA,NA,NA,NA,NA,NA,NA,NA,NA,NA,NA,NA,NA,NA,NA,NA,NA,NA
ImmortalsOfAveum-Win64-Shipping.exe,NVIDIA GeForce RTX 4060 Ti,12th Gen Intel(R) Core(TM) i7-12700,3840x2160,D3D12,0,20336,0x0000000063F0AD60,0,0,Hardware Composed: Independent Flip,0,4550.437884,16.157,17.103,0.150,0.540,3.354,0.033,NA,2775,9001,62,51,NA,NA,NA,NA,NA,NA,0.612,0.884,0.612,70,101,101,NA,4373,13, 42,43.541, 65,29,0,20,0,17,0,0,0,79,0,72,0,0,0,0,0,14,10,9,9,NA,NA,NA,NA,NA,NA,NA,NA,NA,NA,NA,NA,NA,NA,NA,NA,NA,NA,NA,NA,NA,NA,NA,NA,NA,NA,NA,NA,NA,NA,NA,NA,NA,NA,NA,NA,NA,NA,NA,NA,NA,NA,NA,NA,NA,NA,NA,NA
ImmortalsOfAveum-Win64-Shipping.exe,NVIDIA GeForce RTX 4060 Ti,12th Gen Intel(R) Core(TM) i7-12700,3840x2160,D3D12,0,20336,0x0000000063F0AD60,0,0,Hardware Composed: Independent Flip,0,4550.454468,16.584,15.506,0.266,2.219,2.276,0.134,NA,2775,9001,62,51,NA,NA,NA,NA,NA,NA,0.596,0.861,0.596,70,101,101,NA,4373,13, 42,43.541, 65,29,0,20,0,17,0,0,0,79,0,72,0,0,0,0,0,14,10,9,9,NA,NA,NA,NA,NA,NA,NA,NA,NA,NA,NA,NA,NA,NA,NA,NA,NA,NA,NA,NA,NA,NA,NA,NA,NA,NA,NA,NA,NA,NA,NA,NA,NA,NA,NA,NA,NA,NA,NA,NA,NA,NA,NA,NA,NA,NA,NA,NA
ImmortalsOfAveum-Win64-Shipping.exe,NVIDIA GeForce RTX 4060 Ti,12th Gen Intel(R) Core(TM) i7-12700,3840x2160,D3D12,0,20336,0x0000000063F0AD60,0,0,Hardware Composed: Independent Flip,0,4550.472110,17.642,18.584,0.168,0.350,3.218,0.020,NA,2775,9001,62,51,NA,NA,NA,NA,NA,NA,0.560,0.810,0.560,70,101,101,NA,4373,13, 42,43.541, 65,29,0,20,0,17,0,0,0,79,0,72,0,0,0,0,0,14,10,9,9,NA,NA,NA,NA,NA,NA,NA,NA,NA,NA,NA,NA,NA,NA,NA,NA,NA,NA,NA,NA,NA,NA,NA,NA,NA,NA,NA,NA,NA,NA,NA,NA,NA,NA,NA,NA,NA,NA,NA,NA,NA,NA,NA,NA,NA,NA,NA,NA
ImmortalsOfAveum-Win64-Shipping.exe,NVIDIA GeForce RTX 4060 Ti,12th Gen Intel(R) Core(TM) i7-12700,3840x2160,D3D12,0,20336,0x0000000063F0AD60,0,0,Hardware Composed: Independent Flip,0,4550.489132,17.022,16.062,0.235,2.244,2.258,0.132,NA,2775,9001,62,51,NA,NA,NA,NA,NA,NA,0.581,0.839,0.581,70,101,101,NA,4373,13, 42,43.541, 65,29,0,20,0,17,0,0,0,79,0,72,0,0,0,0,0,14,10,9,9,NA,NA,NA,NA,NA,NA,NA,NA,NA,NA,NA,NA,NA,NA,NA,NA,NA,NA,NA,NA,NA,NA,NA,NA,NA,NA,NA,NA,NA,NA,NA,NA,NA,NA,NA,NA,NA,NA,NA,NA,NA,NA,NA,NA,NA,NA,NA,NA
ImmortalsOfAveum-Win64-Shipping.exe,NVIDIA GeForce RTX 4060 Ti,12th Gen Intel(R) Core(TM) i7-12700,3840x2160,D3D12,0,20336,0x0000000063F0AD60,0,0,Hardware Composed: Independent Flip,0,4550.505218,16.086,15.706,0.147,0.556,1.878,0.035,NA,2775,9001,62,51,NA,NA,NA,NA,NA,NA,0.615,0.888,0.615,70,101,101,NA,4373,13, 42,43.541, 65,29,0,20,0,17,0,0,0,79,0,72,0,0,0,0,0,14,10,9,9,NA,NA,NA,NA,NA,NA,NA,NA,NA,NA,NA,NA,NA,NA,NA,NA,NA,NA,NA,NA,NA,NA,NA,NA,NA,NA,NA,NA,NA,NA,NA,NA,NA,NA,NA,NA,NA,NA,NA,NA,NA,NA,NA,NA,NA,NA,NA,NA
ImmortalsOfAveum-Win64-Shipping.exe,NVIDIA GeForce RTX 4060 Ti,12th Gen Intel(R) Core(TM) i7-12700,3840x2160,D3D12,0,20336,0x0000000063F0AD60,0,0,Hardware Composed: Independent Flip,0,4550.522300,17.082,17.596,0.204,2.378,2.392,0.139,NA,2775,9001,62,51,NA,NA,NA,NA,NA,NA,0.579,0.836,0.579,70,101,101,NA,4373,13, 42,43.541, 65,29,0,20,0,17,0,0,0,79,0,72,0,0,0,0,0,14,10,9,9,NA,NA,NA,NA,NA,NA,NA,NA,NA,NA,NA,NA,NA,NA,NA,NA,NA,NA,NA,NA,NA,NA,NA,NA,NA,NA,NA,NA,NA,NA,NA,NA,NA,NA,NA,NA,NA,NA,NA,NA,NA,NA,NA,NA,NA,NA,NA,NA
ImmortalsOfAveum-Win64-Shipping.exe,NVIDIA GeForce RTX 4060 Ti,12th Gen Intel(R) Core(TM) i7-12700,3840x2160,D3D12,0,20336,0x0000000063F0AD60,0,0,Hardware Composed: Independent Flip,0,4550.538595,16.295,15.916,0.166,0.525,2.013,0.032,NA,2775,9001,62,51,NA,NA,NA,NA,NA,NA,0.607,0.876,0.607,70,101,101,NA,4373,13, 42,43.541, 65,29,0,20,0,17,0,0,0,79,0,72,0,0,0,0,0,14,10,9,9,NA,NA,NA,NA,NA,NA,NA,NA,NA,NA,NA,NA,NA,NA,NA,NA,NA,NA,NA,NA,NA,NA,NA,NA,NA,NA,NA,NA,NA,NA,NA,NA,NA,NA,NA,NA,NA,NA,NA,NA,NA,NA,NA,NA,NA,NA,NA,NA
ImmortalsOfAveum-Win64-Shipping.exe,NVIDIA GeForce RTX 4060 Ti,12th Gen Intel(R) Core(TM) i7-12700,3840x2160,D3D12,0,20336,0x0000000063F0AD60,0,0,Hardware Composed: Independent Flip,0,4550.555442,16.847,16.756,0.214,1.910,1.922,0.113,NA,2775,9001,62,51,NA,NA,NA,NA,NA,NA,0.587,0.849,0.587,69,101,101,NA,4386,14, 42,43.541, 65,31,1,23,1,19,1,1,1,73,1,76,1,1,1,1,1,17,13,12,12,NA,NA,NA,NA,NA,NA,NA,NA,NA,NA,NA,NA,NA,NA,NA,NA,NA,NA,NA,NA,NA,NA,NA,NA,NA,NA,NA,NA,NA,NA,NA,NA,NA,NA,NA,NA,NA,NA,NA,NA,NA,NA,NA,NA,NA,NA,NA,NA
ImmortalsOfAveum-Win64-Shipping.exe,NVIDIA GeForce RTX 4060 Ti,12th Gen Intel(R) Core(TM) i7-12700,3840x2160,D3D12,0,20336,0x0000000063F0AD60,0,0,Hardware Composed: Independent Flip,0,4550.571183,15.742,16.682,0.144,0.542,2.862,0.034,NA,2775,9001,62,51,NA,NA,NA,NA,NA,NA,0.628,0.909,0.628,69,101,101,NA,4386,14, 42,43.541, 65,31,1,23,1,19,1,1,1,73,1,76,1,1,1,1,1,17,13,12,12,NA,NA,NA,NA,NA,NA,NA,NA,NA,NA,NA,NA,NA,NA,NA,NA,NA,NA,NA,NA,NA,NA,NA,NA,NA,NA,NA,NA,NA,NA,NA,NA,NA,NA,NA,NA,NA,NA,NA,NA,NA,NA,NA,NA,NA,NA,NA,NA
ImmortalsOfAveum-Win64-Shipping.exe,NVIDIA GeForce RTX 4060 Ti,12th Gen Intel(R) Core(TM) i7-12700,3840x2160,D3D12,0,20336,0x0000000063F0AD60,0,0,Hardware Composed: Independent Flip,0,4550.588072,16.889,16.700,0.251,2.661,2.674,0.158,NA,2775,9001,62,51,NA,NA,NA,NA,NA,NA,0.586,0.847,0.586,69,101,101,NA,4386,14, 42,43.541, 65,31,1,23,1,19,1,1,1,73,1,76,1,1,1,1,1,17,13,12,12,NA,NA,NA,NA,NA,NA,NA,NA,NA,NA,NA,NA,NA,NA,NA,NA,NA,NA,NA,NA,NA,NA,NA,NA,NA,NA,NA,NA,NA,NA,NA,NA,NA,NA,NA,NA,NA,NA,NA,NA,NA,NA,NA,NA,NA,NA,NA,NA
ImmortalsOfAveum-Win64-Shipping.exe,NVIDIA GeForce RTX 4060 Ti,12th Gen Intel(R) Core(TM) i7-12700,3840x2160,D3D12,0,20336,0x0000000063F0AD60,0,0,Hardware Composed: Independent Flip,0,4550.604896,16.824,16.876,0.218,0.384,2.725,0.023,NA,2775,9001,62,51,NA,NA,NA,NA,NA,NA,0.588,0.850,0.588,69,101,101,NA,4386,14, 42,43.541, 65,31,1,23,1,19,1,1,1,73,1,76,1,1,1,1,1,17,13,12,12,NA,NA,NA,NA,NA,NA,NA,NA,NA,NA,NA,NA,NA,NA,NA,NA,NA,NA,NA,NA,NA,NA,NA,NA,NA,NA,NA,NA,NA,NA,NA,NA,NA,NA,NA,NA,NA,NA,NA,NA,NA,NA,NA,NA,NA,NA,NA,NA
ImmortalsOfAveum-Win64-Shipping.exe,NVIDIA GeForce RTX 4060 Ti,12th Gen Intel(R) Core(TM) i7-12700,3840x2160,D3D12,0,20336,0x0000000063F0AD60,0,0,Hardware Composed: Independent Flip,0,4550.621768,16.872,16.387,0.240,2.228,2.240,0.132,NA,2775,9001,62,51,NA,NA,NA,NA,NA,NA,0.586,0.848,0.586,69,101,101,NA,4386,14, 42,43.541, 65,31,1,23,1,19,1,1,1,73,1,76,1,1,1,1,1,17,13,12,12,NA,NA,NA,NA,NA,NA,NA,NA,NA,NA,NA,NA,NA,NA,NA,NA,NA,NA,NA,NA,NA,NA,NA,NA,NA,NA,NA,NA,NA,NA,NA,NA,NA,NA,NA,NA,NA,NA,NA,NA,NA,NA,NA,NA,NA,NA,NA,NA
ImmortalsOfAveum-Win64-Shipping.exe,NVIDIA GeForce RTX 4060 Ti,12th Gen Intel(R) Core(TM) i7-12700,3840x2160,D3D12,0,20336,0x0000000063F0AD60,0,0,Hardware Composed: Independent Flip,0,4550.638384,16.616,16.980,0.151,0.358,2.605,0.022,NA,2775,9001,62,51,NA,NA,NA,NA,NA,NA,0.595,0.861,0.595,69,101,101,NA,4386,14, 40,42.982, 65,31,1,23,1,19,1,1,1,73,1,76,1,1,1,1,1,17,13,12,12,NA,NA,NA,NA,NA,NA,NA,NA,NA,NA,NA,NA,NA,NA,NA,NA,NA,NA,NA,NA,NA,NA,NA,NA,NA,NA,NA,NA,NA,NA,NA,NA,NA,NA,NA,NA,NA,NA,NA,NA,NA,NA,NA,NA,NA,NA,NA,NA
ImmortalsOfAveum-Win64-Shipping.exe,NVIDIA GeForce RTX 4060 Ti,12th Gen Intel(R) Core(TM) i7-12700,3840x2160,D3D12,0,20336,0x0000000063F0AD60,0,0,Hardware Composed: Independent Flip,0,4550.655440,17.056,16.395,0.225,1.929,1.944,0.113,NA,2775,9001,62,51,NA,NA,NA,NA,NA,NA,0.580,0.839,0.580,69,101,101,NA,4386,14, 40,42.982, 65,31,1,23,1,19,1,1,1,73,1,76,1,1,1,1,1,17,13,12,12,NA,NA,NA,NA,NA,NA,NA,NA,NA,NA,NA,NA,NA,NA,NA,NA,NA,NA,NA,NA,NA,NA,NA,NA,NA,NA,NA,NA,NA,NA,NA,NA,NA,NA,NA,NA,NA,NA,NA,NA,NA,NA,NA,NA,NA,NA,NA,NA
ImmortalsOfAveum-Win64-Shipping.exe,NVIDIA GeForce RTX 4060 Ti,12th Gen Intel(R) Core(TM) i7-12700,3840x2160,D3D12,0,20336,0x0000000063F0AD60,0,0,Hardware Composed: Independent Flip,0,4550.672637,17.197,17.576,0.155,0.385,2.324,0.022,NA,2775,9001,62,51,NA,NA,NA,NA,NA,NA,0.575,0.832,0.575,69,101,101,NA,4386,14, 40,42.982, 65,31,1,23,1,19,1,1,1,73,1,76,1,1,1,1,1,17,13,12,12,NA,NA,NA,NA,NA,NA,NA,NA,NA,NA,NA,NA,NA,NA,NA,NA,NA,NA,NA,NA,NA,NA,NA,NA,NA,NA,NA,NA,NA,NA,NA,NA,NA,NA,NA,NA,NA,NA,NA,NA,NA,NA,NA,NA,NA,NA,NA,NA
ImmortalsOfAveum-Win64-Shipping.exe,NVIDIA GeForce RTX 4060 Ti,12th Gen Intel(R) Core(TM) i7-12700,3840x2160,D3D12,0,20336,0x0000000063F0AD60,0,0,Hardware Composed: Independent Flip,0,4550.689738,17.101,17.272,0.192,2.480,2.495,0.145,NA,2775,9001,62,51,NA,NA,NA,NA,NA,NA,0.578,0.837,0.578,69,101,101,NA,4386,14, 40,42.982, 65,31,1,23,1,19,1,1,1,73,1,76,1,1,1,1,1,17,13,12,12,NA,NA,NA,NA,NA,NA,NA,NA,NA,NA,NA,NA,NA,NA,NA,NA,NA,NA,NA,NA,NA,NA,NA,NA,NA,NA,NA,NA,NA,NA,NA,NA,NA,NA,NA,NA,NA,NA,NA,NA,NA,NA,NA,NA,NA,NA,NA,NA
ImmortalsOfAveum-Win64-Shipping.exe,NVIDIA GeForce RTX 4060 Ti,12th Gen Intel(R) Core(TM) i7-12700,3840x2160,D3D12,0,20336,0x0000000063F0AD60,0,0,Hardware Composed: Independent Flip,0,4550.705685,15.947,15.139,0.139,0.347,1.687,0.022,NA,2775,9001,62,51,NA,NA,NA,NA,NA,NA,0.620,0.897,0.620,69,101,101,NA,4386,14, 40,42.982, 65,31,1,23,1,19,1,1,1,73,1,76,1,1,1,1,1,17,13,12,12,NA,NA,NA,NA,NA,NA,NA,NA,NA,NA,NA,NA,NA,NA,NA,NA,NA,NA,NA,NA,NA,NA,NA,NA,NA,NA,NA,NA,NA,NA,NA,NA,NA,NA,NA,NA,NA,NA,NA,NA,NA,NA,NA,NA,NA,NA,NA,NA
ImmortalsOfAveum-Win64-Shipping.exe,NVIDIA GeForce RTX 4060 Ti,12th Gen Intel(R) Core(TM) i7-12700,3840x2160,D3D12,0,20336,0x0000000063F0AD60,0,0,Hardware Composed: Independent Flip,0,4550.722744,17.059,17.449,0.191,2.063,2.077,0.121,NA,2775,9001,62,51,NA,NA,NA,NA,NA,NA,0.580,0.839,0.580,69,101,101,NA,4386,14, 40,42.982, 65,31,1,23,1,19,1,1,1,73,1,76,1,1,1,1,1,17,13,12,12,NA,NA,NA,NA,NA,NA,NA,NA,NA,NA,NA,NA,NA,NA,NA,NA,NA,NA,NA,NA,NA,NA,NA,NA,NA,NA,NA,NA,NA,NA,NA,NA,NA,NA,NA,NA,NA,NA,NA,NA,NA,NA,NA,NA,NA,NA,NA,NA
ImmortalsOfAveum-Win64-Shipping.exe,NVIDIA GeForce RTX 4060 Ti,12th Gen Intel(R) Core(TM) i7-12700,3840x2160,D3D12,0,20336,0x0000000063F0AD60,0,0,Hardware Composed: Independent Flip,0,4550.737702,14.958,15.802,0.168,0.525,2.920,0.035,NA,2775,9001,62,51,NA,NA,NA,NA,NA,NA,0.661,0.956,0.661,69,101,101,NA,4386,14, 40,42.982, 65,31,1,23,1,19,1,1,1,73,1,76,1,1,1,1,1,17,13,12,12,NA,NA,NA,NA,NA,NA,NA,NA,NA,NA,NA,NA,NA,NA,NA,NA,NA,NA,NA,NA,NA,NA,NA,NA,NA,NA,NA,NA,NA,NA,NA,NA,NA,NA,NA,NA,NA,NA,NA,NA,NA,NA,NA,NA,NA,NA,NA,NA
ImmortalsOfAveum-Win64-Shipping.exe,NVIDIA GeForce RTX 4060 Ti,12th Gen Intel(R) Core(TM) i7-12700,3840x2160,D3D12,0,20336,0x0000000063F0AD60,0,0,Hardware Composed: Independent Flip,0,4550.754199,16.497,15.304,0.214,1.714,1.728,0.104,NA,2775,9001,62,51,NA,NA,NA,NA,NA,NA,0.600,0.867,0.600,69,101,101,NA,4386,14, 40,42.982, 65,31,1,23,1,19,1,1,1,73,1,76,1,1,1,1,1,17,13,12,12,NA,NA,NA,NA,NA,NA,NA,NA,NA,NA,NA,NA,NA,NA,NA,NA,NA,NA,NA,NA,NA,NA,NA,NA,NA,NA,NA,NA,NA,NA,NA,NA,NA,NA,NA,NA,NA,NA,NA,NA,NA,NA,NA,NA,NA,NA,NA,NA
ImmortalsOfAveum-Win64-Shipping.exe,NVIDIA GeForce RTX 4060 Ti,12th Gen Intel(R) Core(TM) i7-12700,3840x2160,D3D12,0,20336,0x0000000063F0AD60,0,0,Hardware Composed: Independent Flip,0,4550.771238,17.039,18.684,0.144,0.350,3.373,0.021,NA,2775,9001,62,51,NA,NA,NA,NA,NA,NA,0.580,0.840,0.580,69,101,101,NA,4386,14, 40,42.982, 65,31,1,23,1,19,1,1,1,73,1,76,1,1,1,1,1,17,13,12,12,NA,NA,NA,NA,NA,NA,NA,NA,NA,NA,NA,NA,NA,NA,NA,NA,NA,NA,NA,NA,NA,NA,NA,NA,NA,NA,NA,NA,NA,NA,NA,NA,NA,NA,NA,NA,NA,NA,NA,NA,NA,NA,NA,NA,NA,NA,NA,NA
ImmortalsOfAveum-Win64-Shipping.exe,NVIDIA GeForce RTX 4060 Ti,12th Gen Intel(R) Core(TM) i7-12700,3840x2160,D3D12,0,20336,0x0000000063F0AD60,0,0,Hardware Composed: Independent Flip,0,4550.787893,16.655,15.543,0.169,2.248,2.262,0.135,NA,2775,9001,62,51,NA,NA,NA,NA,NA,NA,0.594,0.859,0.594,69,101,101,NA,4386,14, 40,42.982, 65,31,1,23,1,19,1,1,1,73,1,76,1,1,1,1,1,17,13,12,12,NA,NA,NA,NA,NA,NA,NA,NA,NA,NA,NA,NA,NA,NA,NA,NA,NA,NA,NA,NA,NA,NA,NA,NA,NA,NA,NA,NA,NA,NA,NA,NA,NA,NA,NA,NA,NA,NA,NA,NA,NA,NA,NA,NA,NA,NA,NA,NA
ImmortalsOfAveum-Win64-Shipping.exe,NVIDIA GeForce RTX 4060 Ti,12th Gen Intel(R) Core(TM) i7-12700,3840x2160,D3D12,0,20336,0x0000000063F0AD60,0,0,Hardware Composed: Independent Flip,0,4550.805552,17.660,17.255,0.166,0.352,1.857,0.020,NA,2775,9001,62,51,NA,NA,NA,NA,NA,NA,0.560,0.810,0.560,69,101,101,NA,4386,14, 40,42.982, 65,31,1,23,1,19,1,1,1,73,1,76,1,1,1,1,1,17,13,12,12,NA,NA,NA,NA,NA,NA,NA,NA,NA,NA,NA,NA,NA,NA,NA,NA,NA,NA,NA,NA,NA,NA,NA,NA,NA,NA,NA,NA,NA,NA,NA,NA,NA,NA,NA,NA,NA,NA,NA,NA,NA,NA,NA,NA,NA,NA,NA,NA
ImmortalsOfAveum-Win64-Shipping.exe,NVIDIA GeForce RTX 4060 Ti,12th Gen Intel(R) Core(TM) i7-12700,3840x2160,D3D12,0,20336,0x0000000063F0AD60,0,0,Hardware Composed: Independent Flip,0,4550.822767,17.215,17.843,0.202,2.418,2.484,0.140,NA,2775,9001,62,51,NA,NA,NA,NA,NA,NA,0.575,0.831,0.575,69,101,101,NA,4386,14, 40,42.982, 65,31,1,23,1,19,1,1,1,73,1,76,1,1,1,1,1,17,13,12,12,NA,NA,NA,NA,NA,NA,NA,NA,NA,NA,NA,NA,NA,NA,NA,NA,NA,NA,NA,NA,NA,NA,NA,NA,NA,NA,NA,NA,NA,NA,NA,NA,NA,NA,NA,NA,NA,NA,NA,NA,NA,NA,NA,NA,NA,NA,NA,NA
ImmortalsOfAveum-Win64-Shipping.exe,NVIDIA GeForce RTX 4060 Ti,12th Gen Intel(R) Core(TM) i7-12700,3840x2160,D3D12,0,20336,0x0000000063F0AD60,0,0,Hardware Composed: Independent Flip,0,4550.838314,15.547,14.108,0.181,0.403,1.046,0.026,NA,2775,9001,62,51,NA,NA,NA,NA,NA,NA,0.636,0.920,0.636,69,101,101,NA,4386,14, 40,41.776, 65,31,1,23,1,19,1,1,1,73,1,76,1,1,1,1,1,17,13,12,12,NA,NA,NA,NA,NA,NA,NA,NA,NA,NA,NA,NA,NA,NA,NA,NA,NA,NA,NA,NA,NA,NA,NA,NA,NA,NA,NA,NA,NA,NA,NA,NA,NA,NA,NA,NA,NA,NA,NA,NA,NA,NA,NA,NA,NA,NA,NA,NA
ImmortalsOfAveum-Win64-Shipping.exe,NVIDIA GeForce RTX 4060 Ti,12th Gen Intel(R) Core(TM) i7-12700,3840x2160,D3D12,0,20336,0x0000000063F0AD60,0,0,Hardware Composed: Independent Flip,0,4550.855178,16.864,17.878,0.220,2.046,2.060,0.121,NA,2775,9001,62,51,NA,NA,NA,NA,NA,NA,0.587,0.848,0.587,69,101,101,NA,4386,14, 40,41.776, 65,31,1,23,1,19,1,1,1,73,1,76,1,1,1,1,1,17,13,12,12,NA,NA,NA,NA,NA,NA,NA,NA,NA,NA,NA,NA,NA,NA,NA,NA,NA,NA,NA,NA,NA,NA,NA,NA,NA,NA,NA,NA,NA,NA,NA,NA,NA,NA,NA,NA,NA,NA,NA,NA,NA,NA,NA,NA,NA,NA,NA,NA
ImmortalsOfAveum-Win64-Shipping.exe,NVIDIA GeForce RTX 4060 Ti,12th Gen Intel(R) Core(TM) i7-12700,3840x2160,D3D12,0,20336,0x0000000063F0AD60,0,0,Hardware Composed: Independent Flip,0,4550.870969,15.791,16.782,0.140,0.554,3.051,0.035,NA,2775,9001,62,51,NA,NA,NA,NA,NA,NA,0.626,0.906,0.626,69,101,101,NA,4386,14, 40,41.776, 65,31,1,23,1,19,1,1,1,73,1,76,1,1,1,1,1,17,13,12,12,NA,NA,NA,NA,NA,NA,NA,NA,NA,NA,NA,NA,NA,NA,NA,NA,NA,NA,NA,NA,NA,NA,NA,NA,NA,NA,NA,NA,NA,NA,NA,NA,NA,NA,NA,NA,NA,NA,NA,NA,NA,NA,NA,NA,NA,NA,NA,NA
ImmortalsOfAveum-Win64-Shipping.exe,NVIDIA GeForce RTX 4060 Ti,12th Gen Intel(R) Core(TM) i7-12700,3840x2160,D3D12,0,20336,0x0000000063F0AD60,0,0,Hardware Composed: Independent Flip,0,4550.887483,16.514,15.278,0.213,1.801,1.815,0.109,NA,2775,9001,62,51,NA,NA,NA,NA,NA,NA,0.599,0.866,0.599,69,101,101,NA,4386,14, 40,41.776, 65,31,1,23,1,19,1,1,1,73,1,76,1,1,1,1,1,17,13,12,12,NA,NA,NA,NA,NA,NA,NA,NA,NA,NA,NA,NA,NA,NA,NA,NA,NA,NA,NA,NA,NA,NA,NA,NA,NA,NA,NA,NA,NA,NA,NA,NA,NA,NA,NA,NA,NA,NA,NA,NA,NA,NA,NA,NA,NA,NA,NA,NA
ImmortalsOfAveum-Win64-Shipping.exe,NVIDIA GeForce RTX 4060 Ti,12th Gen Intel(R) Core(TM) i7-12700,3840x2160,D3D12,0,20336,0x0000000063F0AD60,0,0,Hardware Composed: Independent Flip,0,4550.905694,18.210,19.610,0.155,0.349,3.214,0.019,NA,2775,9001,62,51,NA,NA,NA,NA,NA,NA,0.543,0.786,0.543,69,101,101,NA,4386,14, 40,41.776, 65,31,1,23,1,19,1,1,1,73,1,76,1,1,1,1,1,17,13,12,12,NA,NA,NA,NA,NA,NA,NA,NA,NA,NA,NA,NA,NA,NA,NA,NA,NA,NA,NA,NA,NA,NA,NA,NA,NA,NA,NA,NA,NA,NA,NA,NA,NA,NA,NA,NA,NA,NA,NA,NA,NA,NA,NA,NA,NA,NA,NA,NA
ImmortalsOfAveum-Win64-Shipping.exe,NVIDIA GeForce RTX 4060 Ti,12th Gen Intel(R) Core(TM) i7-12700,3840x2160,D3D12,0,20336,0x0000000063F0AD60,0,0,Hardware Composed: Independent Flip,0,4550.922796,17.102,16.044,0.204,2.143,2.156,0.125,NA,2775,9001,62,51,NA,NA,NA,NA,NA,NA,0.578,0.837,0.578,69,101,101,NA,4386,14, 40,41.776, 65,31,1,23,1,19,1,1,1,73,1,76,1,1,1,1,1,17,13,12,12,NA,NA,NA,NA,NA,NA,NA,NA,NA,NA,NA,NA,NA,NA,NA,NA,NA,NA,NA,NA,NA,NA,NA,NA,NA,NA,NA,NA,NA,NA,NA,NA,NA,NA,NA,NA,NA,NA,NA,NA,NA,NA,NA,NA,NA,NA,NA,NA
ImmortalsOfAveum-Win64-Shipping.exe,NVIDIA GeForce RTX 4060 Ti,12th Gen Intel(R) Core(TM) i7-12700,3840x2160,D3D12,0,20336,0x0000000063F0AD60,0,0,Hardware Composed: Independent Flip,0,4550.937775,14.978,14.617,0.146,0.535,1.795,0.036,NA,2775,9001,62,51,NA,NA,NA,NA,NA,NA,0.660,0.955,0.660,69,101,101,NA,4386,14, 40,41.776, 65,31,1,23,1,19,1,1,1,73,1,76,1,1,1,1,1,17,13,12,12,NA,NA,NA,NA,NA,NA,NA,NA,NA,NA,NA,NA,NA,NA,NA,NA,NA,NA,NA,NA,NA,NA,NA,NA,NA,NA,NA,NA,NA,NA,NA,NA,NA,NA,NA,NA,NA,NA,NA,NA,NA,NA,NA,NA,NA,NA,NA,NA
ImmortalsOfAveum-Win64-Shipping.exe,NVIDIA GeForce RTX 4060 Ti,12th Gen Intel(R) Core(TM) i7-12700,3840x2160,D3D12,0,20336,0x0000000063F0AD60,0,0,Hardware Composed: Independent Flip,0,4550.954733,16.958,17.536,0.227,2.358,2.373,0.139,NA,2775,9001,62,51,NA,NA,NA,NA,NA,NA,0.583,0.844,0.583,69,101,101,NA,4386,14, 40,41.776, 65,31,1,23,1,19,1,1,1,73,1,76,1,1,1,1,1,17,13,12,12,NA,NA,NA,NA,NA,NA,NA,NA,NA,NA,NA,NA,NA,NA,NA,NA,NA,NA,NA,NA,NA,NA,NA,NA,NA,NA,NA,NA,NA,NA,NA,NA,NA,NA,NA,NA,NA,NA,NA,NA,NA,NA,NA,NA,NA,NA,NA,NA
ImmortalsOfAveum-Win64-Shipping.exe,NVIDIA GeForce RTX 4060 Ti,12th Gen Intel(R) Core(TM) i7-12700,3840x2160,D3D12,0,20336,0x0000000063F0AD60,0,0,Hardware Composed: Independent Flip,0,4550.972489,17.756,17.307,0.188,0.358,1.923,0.020,NA,2775,9001,62,51,NA,NA,NA,NA,NA,NA,0.557,0.806,0.557,69,101,101,NA,4386,14, 40,41.776, 65,31,1,23,1,19,1,1,1,73,1,76,1,1,1,1,1,17,13,12,12,NA,NA,NA,NA,NA,NA,NA,NA,NA,NA,NA,NA,NA,NA,NA,NA,NA,NA,NA,NA,NA,NA,NA,NA,NA,NA,NA,NA,NA,NA,NA,NA,NA,NA,NA,NA,NA,NA,NA,NA,NA,NA,NA,NA,NA,NA,NA,NA
ImmortalsOfAveum-Win64-Shipping.exe,NVIDIA GeForce RTX 4060 Ti,12th Gen Intel(R) Core(TM) i7-12700,3840x2160,D3D12,0,20336,0x0000000063F0AD60,0,0,Hardware Composed: Independent Flip,0,4550.989384,16.895,17.429,0.213,2.443,2.457,0.145,NA,2775,9001,62,51,NA,NA,NA,NA,NA,NA,0.585,0.847,0.585,69,101,101,NA,4386,14, 40,41.776, 65,31,1,23,1,19,1,1,1,73,1,76,1,1,1,1,1,17,13,12,12,NA,NA,NA,NA,NA,NA,NA,NA,NA,NA,NA,NA,NA,NA,NA,NA,NA,NA,NA,NA,NA,NA,NA,NA,NA,NA,NA,NA,NA,NA,NA,NA,NA,NA,NA,NA,NA,NA,NA,NA,NA,NA,NA,NA,NA,NA,NA,NA
ImmortalsOfAveum-Win64-Shipping.exe,NVIDIA GeForce RTX 4060 Ti,12th Gen Intel(R) Core(TM) i7-12700,3840x2160,D3D12,0,20336,0x0000000063F0AD60,0,0,Hardware Composed: Independent Flip,0,4551.005208,15.824,15.396,0.147,0.360,2.028,0.023,NA,2775,9001,62,51,NA,NA,NA,NA,NA,NA,0.625,0.904,0.625,69,101,101,NA,4386,14, 40,41.776, 65,31,1,23,1,19,1,1,1,73,1,76,1,1,1,1,1,17,13,12,12,NA,NA,NA,NA,NA,NA,NA,NA,NA,NA,NA,NA,NA,NA,NA,NA,NA,NA,NA,NA,NA,NA,NA,NA,NA,NA,NA,NA,NA,NA,NA,NA,NA,NA,NA,NA,NA,NA,NA,NA,NA,NA,NA,NA,NA,NA,NA,NA
ImmortalsOfAveum-Win64-Shipping.exe,NVIDIA GeForce RTX 4060 Ti,12th Gen Intel(R) Core(TM) i7-12700,3840x2160,D3D12,0,20336,0x0000000063F0AD60,0,0,Hardware Composed: Independent Flip,0,4551.022314,17.106,17.172,0.207,2.037,2.095,0.119,NA,2775,9001,62,51,NA,NA,NA,NA,NA,NA,0.578,0.836,0.578,69,101,101,NA,4386,14, 40,41.776, 65,31,1,23,1,19,1,1,1,73,1,76,1,1,1,1,1,17,13,12,12,NA,NA,NA,NA,NA,NA,NA,NA,NA,NA,NA,NA,NA,NA,NA,NA,NA,NA,NA,NA,NA,NA,NA,NA,NA,NA,NA,NA,NA,NA,NA,NA,NA,NA,NA,NA,NA,NA,NA,NA,NA,NA,NA,NA,NA,NA,NA,NA
ImmortalsOfAveum-Win64-Shipping.exe,NVIDIA GeForce RTX 4060 Ti,12th Gen Intel(R) Core(TM) i7-12700,3840x2160,D3D12,0,20336,0x0000000063F0AD60,0,0,Hardware Composed: Independent Flip,0,4551.038186,15.872,16.998,0.144,0.547,3.221,0.034,NA,2775,9001,62,51,NA,NA,NA,NA,NA,NA,0.623,0.901,0.623,69,101,101,NA,4386,14, 40,41.780, 65,31,1,23,1,19,1,1,1,73,1,76,1,1,1,1,1,17,13,12,12,NA,NA,NA,NA,NA,NA,NA,NA,NA,NA,NA,NA,NA,NA,NA,NA,NA,NA,NA,NA,NA,NA,NA,NA,NA,NA,NA,NA,NA,NA,NA,NA,NA,NA,NA,NA,NA,NA,NA,NA,NA,NA,NA,NA,NA,NA,NA,NA
ImmortalsOfAveum-Win64-Shipping.exe,NVIDIA GeForce RTX 4060 Ti,12th Gen Intel(R) Core(TM) i7-12700,3840x2160,D3D12,0,20336,0x0000000063F0AD60,0,0,Hardware Composed: Independent Flip,0,4551.054763,16.577,15.278,0.222,1.860,1.922,0.112,NA,2775,9001,62,51,NA,NA,NA,NA,NA,NA,0.597,0.863,0.597,69,101,101,NA,4386,14, 40,41.780, 65,31,1,23,1,19,1,1,1,73,1,76,1,1,1,1,1,17,13,12,12,NA,NA,NA,NA,NA,NA,NA,NA,NA,NA,NA,NA,NA,NA,NA,NA,NA,NA,NA,NA,NA,NA,NA,NA,NA,NA,NA,NA,NA,NA,NA,NA,NA,NA,NA,NA,NA,NA,NA,NA,NA,NA,NA,NA,NA,NA,NA,NA
ImmortalsOfAveum-Win64-Shipping.exe,NVIDIA GeForce RTX 4060 Ti,12th Gen Intel(R) Core(TM) i7-12700,3840x2160,D3D12,0,20336,0x0000000063F0AD60,0,0,Hardware Composed: Independent Flip,0,4551.072073,17.310,18.497,0.178,0.354,3.109,0.020,NA,2775,9001,62,51,NA,NA,NA,NA,NA,NA,0.571,0.827,0.571,69,101,101,NA,4373,13, 40,41.780, 65,30,0,20,0,16,0,5,0,76,0,78,0,0,0,0,0,14,11,9,9,NA,NA,NA,NA,NA,NA,NA,NA,NA,NA,NA,NA,NA,NA,NA,NA,NA,NA,NA,NA,NA,NA,NA,NA,NA,NA,NA,NA,NA,NA,NA,NA,NA,NA,NA,NA,NA,NA,NA,NA,NA,NA,NA,NA,NA,NA,NA,NA
ImmortalsOfAveum-Win64-Shipping.exe,NVIDIA GeForce RTX 4060 Ti,12th Gen Intel(R) Core(TM) i7-12700,3840x2160,D3D12,0,20336,0x0000000063F0AD60,0,0,Hardware Composed: Independent Flip,0,4551.088988,16.915,15.945,0.180,2.082,2.139,0.123,NA,2775,9001,62,51,NA,NA,NA,NA,NA,NA,0.585,0.846,0.585,69,101,101,NA,4373,13, 40,41.780, 65,30,0,20,0,16,0,5,0,76,0,78,0,0,0,0,0,14,11,9,9,NA,NA,NA,NA,NA,NA,NA,NA,NA,NA,NA,NA,NA,NA,NA,NA,NA,NA,NA,NA,NA,NA,NA,NA,NA,NA,NA,NA,NA,NA,NA,NA,NA,NA,NA,NA,NA,NA,NA,NA,NA,NA,NA,NA,NA,NA,NA,NA
ImmortalsOfAveum-Win64-Shipping.exe,NVIDIA GeForce RTX 4060 Ti,12th Gen Intel(R) Core(TM) i7-12700,3840x2160,D3D12,0,20336,0x0000000063F0AD60,0,0,Hardware Composed: Independent Flip,0,4551.104779,15.792,15.352,0.149,0.563,1.700,0.036,NA,2775,9001,62,51,NA,NA,NA,NA,NA,NA,0.626,0.906,0.626,69,101,101,NA,4373,13, 40,41.780, 65,30,0,20,0,16,0,5,0,76,0,78,0,0,0,0,0,14,11,9,9,NA,NA,NA,NA,NA,NA,NA,NA,NA,NA,NA,NA,NA,NA,NA,NA,NA,NA,NA,NA,NA,NA,NA,NA,NA,NA,NA,NA,NA,NA,NA,NA,NA,NA,NA,NA,NA,NA,NA,NA,NA,NA,NA,NA,NA,NA,NA,NA
ImmortalsOfAveum-Win64-Shipping.exe,NVIDIA GeForce RTX 4060 Ti,12th Gen Intel(R) Core(TM) i7-12700,3840x2160,D3D12,0,20336,0x0000000063F0AD60,0,0,Hardware Composed: Independent Flip,0,4551.121678,16.898,17.611,0.200,2.353,2.412,0.139,NA,2775,9001,62,51,NA,NA,NA,NA,NA,NA,0.585,0.847,0.585,69,101,101,NA,4373,13, 40,41.780, 65,30,0,20,0,16,0,5,0,76,0,78,0,0,0,0,0,14,11,9,9,NA,NA,NA,NA,NA,NA,NA,NA,NA,NA,NA,NA,NA,NA,NA,NA,NA,NA,NA,NA,NA,NA,NA,NA,NA,NA,NA,NA,NA,NA,NA,NA,NA,NA,NA,NA,NA,NA,NA,NA,NA,NA,NA,NA,NA,NA,NA,NA
ImmortalsOfAveum-Win64-Shipping.exe,NVIDIA GeForce RTX 4060 Ti,12th Gen Intel(R) Core(TM) i7-12700,3840x2160,D3D12,0,20336,0x0000000063F0AD60,0,0,Hardware Composed: Independent Flip,0,4551.137846,16.168,15.745,0.144,0.552,1.989,0.034,NA,2775,9001,62,51,NA,NA,NA,NA,NA,NA,0.612,0.885,0.612,69,101,101,NA,4373,13, 40,41.780, 65,30,0,20,0,16,0,5,0,76,0,78,0,0,0,0,0,14,11,9,9,NA,NA,NA,NA,NA,NA,NA,NA,NA,NA,NA,NA,NA,NA,NA,NA,NA,NA,NA,NA,NA,NA,NA,NA,NA,NA,NA,NA,NA,NA,NA,NA,NA,NA,NA,NA,NA,NA,NA,NA,NA,NA,NA,NA,NA,NA,NA,NA
ImmortalsOfAveum-Win64-Shipping.exe,NVIDIA GeForce RTX 4060 Ti,12th Gen Intel(R) Core(TM) i7-12700,3840x2160,D3D12,0,20336,0x0000000063F0AD60,0,0,Hardware Composed: Independent Flip,0,4551.154554,16.709,16.905,0.221,2.125,2.185,0.127,NA,2775,9001,62,51,NA,NA,NA,NA,NA,NA,0.592,0.856,0.592,69,101,101,NA,4373,13, 40,41.780, 65,30,0,20,0,16,0,5,0,76,0,78,0,0,0,0,0,14,11,9,9,NA,NA,NA,NA,NA,NA,NA,NA,NA,NA,NA,NA,NA,NA,NA,NA,NA,NA,NA,NA,NA,NA,NA,NA,NA,NA,NA,NA,NA,NA,NA,NA,NA,NA,NA,NA,NA,NA,NA,NA,NA,NA,NA,NA,NA,NA,NA,NA
ImmortalsOfAveum-Win64-Shipping.exe,NVIDIA GeForce RTX 4060 Ti,12th Gen Intel(R) Core(TM) i7-12700,3840x2160,D3D12,0,20336,0x0000000063F0AD60,0,0,Hardware Composed: Independent Flip,0,4551.172145,17.590,18.118,0.171,0.356,2.713,0.020,NA,2775,9001,62,51,NA,NA,NA,NA,NA,NA,0.562,0.813,0.562,69,101,101,NA,4373,13, 40,41.780, 65,30,0,20,0,16,0,5,0,76,0,78,0,0,0,0,0,14,11,9,9,NA,NA,NA,NA,NA,NA,NA,NA,NA,NA,NA,NA,NA,NA,NA,NA,NA,NA,NA,NA,NA,NA,NA,NA,NA,NA,NA,NA,NA,NA,NA,NA,NA,NA,NA,NA,NA,NA,NA,NA,NA,NA,NA,NA,NA,NA,NA,NA
ImmortalsOfAveum-Win64-Shipping.exe,NVIDIA GeForce RTX 4060 Ti,12th Gen Intel(R) Core(TM) i7-12700,3840x2160,D3D12,0,20336,0x0000000063F0AD60,0,0,Hardware Composed: Independent Flip,0,4551.189327,17.182,16.077,0.175,1.597,1.608,0.093,NA,2775,9001,62,51,NA,NA,NA,NA,NA,NA,0.576,0.833,0.576,69,101,101,NA,4373,13, 40,41.780, 65,30,0,20,0,16,0,5,0,76,0,78,0,0,0,0,0,14,11,9,9,NA,NA,NA,NA,NA,NA,NA,NA,NA,NA,NA,NA,NA,NA,NA,NA,NA,NA,NA,NA,NA,NA,NA,NA,NA,NA,NA,NA,NA,NA,NA,NA,NA,NA,NA,NA,NA,NA,NA,NA,NA,NA,NA,NA,NA,NA,NA,NA
ImmortalsOfAveum-Win64-Shipping.exe,NVIDIA GeForce RTX 4060 Ti,12th Gen Intel(R) Core(TM) i7-12700,3840x2160,D3D12,0,20336,0x0000000063F0AD60,0,0,Hardware Composed: Independent Flip,0,4551.204820,15.493,16.191,0.132,0.559,2.305,0.036,NA,2775,9001,62,51,NA,NA,NA,NA,NA,NA,0.638,0.923,0.638,69,101,101,NA,4373,13, 40,41.780, 65,30,0,20,0,16,0,5,0,76,0,78,0,0,0,0,0,14,11,9,9,NA,NA,NA,NA,NA,NA,NA,NA,NA,NA,NA,NA,NA,NA,NA,NA,NA,NA,NA,NA,NA,NA,NA,NA,NA,NA,NA,NA,NA,NA,NA,NA,NA,NA,NA,NA,NA,NA,NA,NA,NA,NA,NA,NA,NA,NA,NA,NA
ImmortalsOfAveum-Win64-Shipping.exe,NVIDIA GeForce RTX 4060 Ti,12th Gen Intel(R) Core(TM) i7-12700,3840x2160,D3D12,0,20336,0x0000000063F0AD60,0,0,Hardware Composed: Independent Flip,0,4551.221826,17.007,17.092,0.223,2.330,2.390,0.137,NA,2775,9001,62,51,NA,NA,NA,NA,NA,NA,0.582,0.841,0.582,69,101,101,NA,4373,13, 40,41.780, 65,30,0,20,0,16,0,5,0,76,0,78,0,0,0,0,0,14,11,9,9,NA,NA,NA,NA,NA,NA,NA,NA,NA,NA,NA,NA,NA,NA,NA,NA,NA,NA,NA,NA,NA,NA,NA,NA,NA,NA,NA,NA,NA,NA,NA,NA,NA,NA,NA,NA,NA,NA,NA,NA,NA,NA,NA,NA,NA,NA,NA,NA
ImmortalsOfAveum-Win64-Shipping.exe,NVIDIA GeForce RTX 4060 Ti,12th Gen Intel(R) Core(TM) i7-12700,3840x2160,D3D12,0,20336,0x0000000063F0AD60,0,0,Hardware Composed: Independent Flip,0,4551.237860,16.033,15.866,0.160,0.546,2.223,0.034,NA,2775,9001,62,51,NA,NA,NA,NA,NA,NA,0.617,0.892,0.617,69,101,101,NA,4373,13, 40,41.329, 65,30,0,20,0,16,0,5,0,76,0,78,0,0,0,0,0,14,11,9,9,NA,NA,NA,NA,NA,NA,NA,NA,NA,NA,NA,NA,NA,NA,NA,NA,NA,NA,NA,NA,NA,NA,NA,NA,NA,NA,NA,NA,NA,NA,NA,NA,NA,NA,NA,NA,NA,NA,NA,NA,NA,NA,NA,NA,NA,NA,NA,NA
ImmortalsOfAveum-Win64-Shipping.exe,NVIDIA GeForce RTX 4060 Ti,12th Gen Intel(R) Core(TM) i7-12700,3840x2160,D3D12,0,20336,0x0000000063F0AD60,0,0,Hardware Composed: Independent Flip,0,4551.254533,16.673,16.126,0.195,1.612,1.677,0.097,NA,2775,9001,62,51,NA,NA,NA,NA,NA,NA,0.593,0.858,0.593,69,101,101,NA,4373,13, 40,41.329, 65,30,0,20,0,16,0,5,0,76,0,78,0,0,0,0,0,14,11,9,9,NA,NA,NA,NA,NA,NA,NA,NA,NA,NA,NA,NA,NA,NA,NA,NA,NA,NA,NA,NA,NA,NA,NA,NA,NA,NA,NA,NA,NA,NA,NA,NA,NA,NA,NA,NA,NA,NA,NA,NA,NA,NA,NA,NA,NA,NA,NA,NA
ImmortalsOfAveum-Win64-Shipping.exe,NVIDIA GeForce RTX 4060 Ti,12th Gen Intel(R) Core(TM) i7-12700,3840x2160,D3D12,0,20336,0x0000000063F0AD60,0,0,Hardware Composed: Independent Flip,0,4551.272690,18.158,19.120,0.157,0.356,2.639,0.020,NA,2775,9001,62,51,NA,NA,NA,NA,NA,NA,0.545,0.788,0.545,69,101,101,NA,4373,13, 40,41.329, 65,30,0,20,0,16,0,5,0,76,0,78,0,0,0,0,0,14,11,9,9,NA,NA,NA,NA,NA,NA,NA,NA,NA,NA,NA,NA,NA,NA,NA,NA,NA,NA,NA,NA,NA,NA,NA,NA,NA,NA,NA,NA,NA,NA,NA,NA,NA,NA,NA,NA,NA,NA,NA,NA,NA,NA,NA,NA,NA,NA,NA,NA
ImmortalsOfAveum-Win64-Shipping.exe,NVIDIA GeForce RTX 4060 Ti,12th Gen Intel(R) Core(TM) i7-12700,3840x2160,D3D12,0,20336,0x0000000063F0AD60,0,0,Hardware Composed: Independent Flip,0,4551.290033,17.343,17.116,0.240,2.350,2.412,0.136,NA,2775,9001,62,51,NA,NA,NA,NA,NA,NA,0.570,0.825,0.570,69,101,101,NA,4373,13, 40,41.329, 65,30,0,20,0,16,0,5,0,76,0,78,0,0,0,0,0,14,11,9,9,NA,NA,NA,NA,NA,NA,NA,NA,NA,NA,NA,NA,NA,NA,NA,NA,NA,NA,NA,NA,NA,NA,NA,NA,NA,NA,NA,NA,NA,NA,NA,NA,NA,NA,NA,NA,NA,NA,NA,NA,NA,NA,NA,NA,NA,NA,NA,NA
ImmortalsOfAveum-Win64-Shipping.exe,NVIDIA GeForce RTX 4060 Ti,12th Gen Intel(R) Core(TM) i7-12700,3840x2160,D3D12,0,20336,0x0000000063F0AD60,0,0,Hardware Composed: Independent Flip,0,4551.305277,15.244,14.119,0.226,0.505,1.287,0.033,NA,2775,9001,62,51,NA,NA,NA,NA,NA,NA,0.649,0.939,0.649,69,101,101,NA,4373,13, 40,41.329, 65,30,0,20,0,16,0,5,0,76,0,78,0,0,0,0,0,14,11,9,9,NA,NA,NA,NA,NA,NA,NA,NA,NA,NA,NA,NA,NA,NA,NA,NA,NA,NA,NA,NA,NA,NA,NA,NA,NA,NA,NA,NA,NA,NA,NA,NA,NA,NA,NA,NA,NA,NA,NA,NA,NA,NA,NA,NA,NA,NA,NA,NA
ImmortalsOfAveum-Win64-Shipping.exe,NVIDIA GeForce RTX 4060 Ti,12th Gen Intel(R) Core(TM) i7-12700,3840x2160,D3D12,0,20336,0x0000000063F0AD60,0,0,Hardware Composed: Independent Flip,0,4551.322341,17.065,17.492,0.229,1.700,1.714,0.100,NA,2775,9001,62,51,NA,NA,NA,NA,NA,NA,0.580,0.838,0.580,69,101,101,NA,4373,13, 40,41.329, 65,30,0,20,0,16,0,5,0,76,0,78,0,0,0,0,0,14,11,9,9,NA,NA,NA,NA,NA,NA,NA,NA,NA,NA,NA,NA,NA,NA,NA,NA,NA,NA,NA,NA,NA,NA,NA,NA,NA,NA,NA,NA,NA,NA,NA,NA,NA,NA,NA,NA,NA,NA,NA,NA,NA,NA,NA,NA,NA,NA,NA,NA
ImmortalsOfAveum-Win64-Shipping.exe,NVIDIA GeForce RTX 4060 Ti,12th Gen Intel(R) Core(TM) i7-12700,3840x2160,D3D12,0,20336,0x0000000063F0AD60,0,0,Hardware Composed: Independent Flip,0,4551.337839,15.497,16.597,0.147,0.544,2.813,0.035,NA,2775,9001,62,51,NA,NA,NA,NA,NA,NA,0.638,0.923,0.638,69,101,101,NA,4373,13, 40,41.329, 65,30,0,20,0,16,0,5,0,76,0,78,0,0,0,0,0,14,11,9,9,NA,NA,NA,NA,NA,NA,NA,NA,NA,NA,NA,NA,NA,NA,NA,NA,NA,NA,NA,NA,NA,NA,NA,NA,NA,NA,NA,NA,NA,NA,NA,NA,NA,NA,NA,NA,NA,NA,NA,NA,NA,NA,NA,NA,NA,NA,NA,NA
ImmortalsOfAveum-Win64-Shipping.exe,NVIDIA GeForce RTX 4060 Ti,12th Gen Intel(R) Core(TM) i7-12700,3840x2160,D3D12,0,20336,0x0000000063F0AD60,0,0,Hardware Composed: Independent Flip,0,4551.354397,16.558,15.550,0.226,1.747,1.806,0.106,NA,2775,9001,62,51,NA,NA,NA,NA,NA,NA,0.597,0.864,0.597,69,101,101,NA,4373,13, 40,41.329, 65,30,0,20,0,16,0,5,0,76,0,78,0,0,0,0,0,14,11,9,9,NA,NA,NA,NA,NA,NA,NA,NA,NA,NA,NA,NA,NA,NA,NA,NA,NA,NA,NA,NA,NA,NA,NA,NA,NA,NA,NA,NA,NA,NA,NA,NA,NA,NA,NA,NA,NA,NA,NA,NA,NA,NA,NA,NA,NA,NA,NA,NA
ImmortalsOfAveum-Win64-Shipping.exe,NVIDIA GeForce RTX 4060 Ti,12th Gen Intel(R) Core(TM) i7-12700,3840x2160,D3D12,0,20336,0x0000000063F0AD60,0,0,Hardware Composed: Independent Flip,0,4551.371515,17.118,18.360,0.166,0.348,3.047,0.020,NA,2775,9001,62,51,NA,NA,NA,NA,NA,NA,0.578,0.836,0.578,69,101,101,NA,4373,13, 40,41.329, 65,30,0,20,0,16,0,5,0,76,0,78,0,0,0,0,0,14,11,9,9,NA,NA,NA,NA,NA,NA,NA,NA,NA,NA,NA,NA,NA,NA,NA,NA,NA,NA,NA,NA,NA,NA,NA,NA,NA,NA,NA,NA,NA,NA,NA,NA,NA,NA,NA,NA,NA,NA,NA,NA,NA,NA,NA,NA,NA,NA,NA,NA
ImmortalsOfAveum-Win64-Shipping.exe,NVIDIA GeForce RTX 4060 Ti,12th Gen Intel(R) Core(TM) i7-12700,3840x2160,D3D12,0,20336,0x0000000063F0AD60,0,0,Hardware Composed: Independent Flip,0,4551.388443,16.928,16.115,0.203,2.177,2.235,0.129,NA,2775,9001,62,51,NA,NA,NA,NA,NA,NA,0.584,0.845,0.584,69,101,101,NA,4373,13, 40,41.329, 65,30,0,20,0,16,0,5,0,76,0,78,0,0,0,0,0,14,11,9,9,NA,NA,NA,NA,NA,NA,NA,NA,NA,NA,NA,NA,NA,NA,NA,NA,NA,NA,NA,NA,NA,NA,NA,NA,NA,NA,NA,NA,NA,NA,NA,NA,NA,NA,NA,NA,NA,NA,NA,NA,NA,NA,NA,NA,NA,NA,NA,NA
ImmortalsOfAveum-Win64-Shipping.exe,NVIDIA GeForce RTX 4060 Ti,12th Gen Intel(R) Core(TM) i7-12700,3840x2160,D3D12,0,20336,0x0000000063F0AD60,0,0,Hardware Composed: Independent Flip,0,4551.404445,16.002,15.617,0.141,0.558,1.850,0.035,NA,2775,9001,62,51,NA,NA,NA,NA,NA,NA,0.618,0.894,0.618,69,101,101,NA,4373,13, 40,41.329, 65,30,0,20,0,16,0,5,0,76,0,78,0,0,0,0,0,14,11,9,9,NA,NA,NA,NA,NA,NA,NA,NA,NA,NA,NA,NA,NA,NA,NA,NA,NA,NA,NA,NA,NA,NA,NA,NA,NA,NA,NA,NA,NA,NA,NA,NA,NA,NA,NA,NA,NA,NA,NA,NA,NA,NA,NA,NA,NA,NA,NA,NA
ImmortalsOfAveum-Win64-Shipping.exe,NVIDIA GeForce RTX 4060 Ti,12th Gen Intel(R) Core(TM) i7-12700,3840x2160,D3D12,0,20336,0x0000000063F0AD60,0,0,Hardware Composed: Independent Flip,0,4551.421375,16.930,17.155,0.243,2.015,2.075,0.119,NA,2775,9001,62,51,NA,NA,NA,NA,NA,NA,0.584,0.845,0.584,69,101,101,NA,4373,13, 40,41.329, 65,30,0,20,0,16,0,5,0,76,0,78,0,0,0,0,0,14,11,9,9,NA,NA,NA,NA,NA,NA,NA,NA,NA,NA,NA,NA,NA,NA,NA,NA,NA,NA,NA,NA,NA,NA,NA,NA,NA,NA,NA,NA,NA,NA,NA,NA,NA,NA,NA,NA,NA,NA,NA,NA,NA,NA,NA,NA,NA,NA,NA,NA
ImmortalsOfAveum-Win64-Shipping.exe,NVIDIA GeForce RTX 4060 Ti,12th Gen Intel(R) Core(TM) i7-12700,3840x2160,D3D12,0,20336,0x0000000063F0AD60,0,0,Hardware Composed: Independent Flip,0,4551.438791,17.416,17.217,0.205,0.344,1.876,0.020,NA,2775,9001,62,51,NA,NA,NA,NA,NA,NA,0.568,0.821,0.568,69,101,101,NA,4373,13, 40,42.486, 65,30,0,20,0,16,0,5,0,76,0,78,0,0,0,0,0,14,11,9,9,NA,NA,NA,NA,NA,NA,NA,NA,NA,NA,NA,NA,NA,NA,NA,NA,NA,NA,NA,NA,NA,NA,NA,NA,NA,NA,NA,NA,NA,NA,NA,NA,NA,NA,NA,NA,NA,NA,NA,NA,NA,NA,NA,NA,NA,NA,NA,NA
ImmortalsOfAveum-Win64-Shipping.exe,NVIDIA GeForce RTX 4060 Ti,12th Gen Intel(R) Core(TM) i7-12700,3840x2160,D3D12,0,20336,0x0000000063F0AD60,0,0,Hardware Composed: Independent Flip,0,4551.455854,17.063,17.127,0.249,1.878,1.940,0.110,NA,2775,9001,62,51,NA,NA,NA,NA,NA,NA,0.580,0.838,0.580,69,101,101,NA,4373,13, 40,42.486, 65,30,0,20,0,16,0,5,0,76,0,78,0,0,0,0,0,14,11,9,9,NA,NA,NA,NA,NA,NA,NA,NA,NA,NA,NA,NA,NA,NA,NA,NA,NA,NA,NA,NA,NA,NA,NA,NA,NA,NA,NA,NA,NA,NA,NA,NA,NA,NA,NA,NA,NA,NA,NA,NA,NA,NA,NA,NA,NA,NA,NA,NA
ImmortalsOfAveum-Win64-Shipping.exe,NVIDIA GeForce RTX 4060 Ti,12th Gen Intel(R) Core(TM) i7-12700,3840x2160,D3D12,0,20336,0x0000000063F0AD60,0,0,Hardware Composed: Independent Flip,0,4551.472200,16.347,16.261,0.146,0.359,1.855,0.022,NA,2775,9001,62,51,NA,NA,NA,NA,NA,NA,0.605,0.875,0.605,69,101,101,NA,4373,13, 40,42.486, 65,30,0,20,0,16,0,5,0,76,0,78,0,0,0,0,0,14,11,9,9,NA,NA,NA,NA,NA,NA,NA,NA,NA,NA,NA,NA,NA,NA,NA,NA,NA,NA,NA,NA,NA,NA,NA,NA,NA,NA,NA,NA,NA,NA,NA,NA,NA,NA,NA,NA,NA,NA,NA,NA,NA,NA,NA,NA,NA,NA,NA,NA
ImmortalsOfAveum-Win64-Shipping.exe,NVIDIA GeForce RTX 4060 Ti,12th Gen Intel(R) Core(TM) i7-12700,3840x2160,D3D12,0,20336,0x0000000063F0AD60,0,0,Hardware Composed: Independent Flip,0,4551.489392,17.192,17.175,0.228,1.820,1.838,0.106,NA,2775,9001,62,51,NA,NA,NA,NA,NA,NA,0.575,0.832,0.575,69,101,101,NA,4373,13, 40,42.486, 65,30,0,20,0,16,0,5,0,76,0,78,0,0,0,0,0,14,11,9,9,NA,NA,NA,NA,NA,NA,NA,NA,NA,NA,NA,NA,NA,NA,NA,NA,NA,NA,NA,NA,NA,NA,NA,NA,NA,NA,NA,NA,NA,NA,NA,NA,NA,NA,NA,NA,NA,NA,NA,NA,NA,NA,NA,NA,NA,NA,NA,NA
ImmortalsOfAveum-Win64-Shipping.exe,NVIDIA GeForce RTX 4060 Ti,12th Gen Intel(R) Core(TM) i7-12700,3840x2160,D3D12,0,20336,0x0000000063F0AD60,0,0,Hardware Composed: Independent Flip,0,4551.505776,16.384,16.815,0.184,0.348,2.269,0.021,NA,2775,9001,62,51,NA,NA,NA,NA,NA,NA,0.604,0.873,0.604,69,101,101,NA,4373,13, 40,42.486, 65,30,0,20,0,16,0,5,0,76,0,78,0,0,0,0,0,14,11,9,9,NA,NA,NA,NA,NA,NA,NA,NA,NA,NA,NA,NA,NA,NA,NA,NA,NA,NA,NA,NA,NA,NA,NA,NA,NA,NA,NA,NA,NA,NA,NA,NA,NA,NA,NA,NA,NA,NA,NA,NA,NA,NA,NA,NA,NA,NA,NA,NA
ImmortalsOfAveum-Win64-Shipping.exe,NVIDIA GeForce RTX 4060 Ti,12th Gen Intel(R) Core(TM) i7-12700,3840x2160,D3D12,0,20336,0x0000000063F0AD60,0,0,Hardware Composed: Independent Flip,0,4551.522621,16.845,17.132,0.246,2.495,2.557,0.148,NA,2775,9001,62,51,NA,NA,NA,NA,NA,NA,0.587,0.849,0.587,69,101,101,NA,4373,13, 40,42.486, 65,30,0,20,0,16,0,5,0,76,0,78,0,0,0,0,0,14,11,9,9,NA,NA,NA,NA,NA,NA,NA,NA,NA,NA,NA,NA,NA,NA,NA,NA,NA,NA,NA,NA,NA,NA,NA,NA,NA,NA,NA,NA,NA,NA,NA,NA,NA,NA,NA,NA,NA,NA,NA,NA,NA,NA,NA,NA,NA,NA,NA,NA
ImmortalsOfAveum-Win64-Shipping.exe,NVIDIA GeForce RTX 4060 Ti,12th Gen Intel(R) Core(TM) i7-12700,3840x2160,D3D12,0,20336,0x0000000063F0AD60,0,0,Hardware Composed: Independent Flip,0,4551.538405,15.784,15.725,0.158,0.412,2.498,0.026,NA,2775,9001,62,51,NA,NA,NA,NA,NA,NA,0.627,0.906,0.627,69,101,101,NA,4373,13, 40,42.486, 65,30,0,20,0,16,0,5,0,76,0,78,0,0,0,0,0,14,11,9,9,NA,NA,NA,NA,NA,NA,NA,NA,NA,NA,NA,NA,NA,NA,NA,NA,NA,NA,NA,NA,NA,NA,NA,NA,NA,NA,NA,NA,NA,NA,NA,NA,NA,NA,NA,NA,NA,NA,NA,NA,NA,NA,NA,NA,NA,NA,NA,NA
ImmortalsOfAveum-Win64-Shipping.exe,NVIDIA GeForce RTX 4060 Ti,12th Gen Intel(R) Core(TM) i7-12700,3840x2160,D3D12,0,20336,0x0000000063F0AD60,0,0,Hardware Composed: Independent Flip,0,4551.555072,16.668,16.118,0.237,1.889,1.948,0.113,NA,2775,9001,62,51,NA,NA,NA,NA,NA,NA,0.593,0.858,0.593,69,101,101,NA,4373,13, 40,42.486, 65,30,0,20,0,16,0,5,0,76,0,78,0,0,0,0,0,14,11,9,9,NA,NA,NA,NA,NA,NA,NA,NA,NA,NA,NA,NA,NA,NA,NA,NA,NA,NA,NA,NA,NA,NA,NA,NA,NA,NA,NA,NA,NA,NA,NA,NA,NA,NA,NA,NA,NA,NA,NA,NA,NA,NA,NA,NA,NA,NA,NA,NA
ImmortalsOfAveum-Win64-Shipping.exe,NVIDIA GeForce RTX 4060 Ti,12th Gen Intel(R) Core(TM) i7-12700,3840x2160,D3D12,0,20336,0x0000000063F0AD60,0,0,Hardware Composed: Independent Flip,0,4551.570760,15.687,17.066,0.143,0.548,3.327,0.035,NA,2775,9001,62,51,NA,NA,NA,NA,NA,NA,0.633,0.916,0.633,69,100,100,NA,4367,15, 40,42.486, 65,31,1,21,1,17,1,7,1,75,1,76,1,1,1,1,1,17,13,12,12,NA,NA,NA,NA,NA,NA,NA,NA,NA,NA,NA,NA,NA,NA,NA,NA,NA,NA,NA,NA,NA,NA,NA,NA,NA,NA,NA,NA,NA,NA,NA,NA,NA,NA,NA,NA,NA,NA,NA,NA,NA,NA,NA,NA,NA,NA,NA,NA
ImmortalsOfAveum-Win64-Shipping.exe,NVIDIA GeForce RTX 4060 Ti,12th Gen Intel(R) Core(TM) i7-12700,3840x2160,D3D12,0,20336,0x0000000063F0AD60,0,0,Hardware Composed: Independent Flip,0,4551.587174,16.414,14.961,0.188,1.814,1.874,0.111,NA,2775,9001,62,51,NA,NA,NA,NA,NA,NA,0.605,0.876,0.605,69,100,100,NA,4367,15, 40,42.486, 65,31,1,21,1,17,1,7,1,75,1,76,1,1,1,1,1,17,13,12,12,NA,NA,NA,NA,NA,NA,NA,NA,NA,NA,NA,NA,NA,NA,NA,NA,NA,NA,NA,NA,NA,NA,NA,NA,NA,NA,NA,NA,NA,NA,NA,NA,NA,NA,NA,NA,NA,NA,NA,NA,NA,NA,NA,NA,NA,NA,NA,NA
ImmortalsOfAveum-Win64-Shipping.exe,NVIDIA GeForce RTX 4060 Ti,12th Gen Intel(R) Core(TM) i7-12700,3840x2160,D3D12,0,20336,0x0000000063F0AD60,0,0,Hardware Composed: Independent Flip,0,4551.605417,18.243,19.016,0.159,0.348,2.647,0.019,NA,2775,9001,62,51,NA,NA,NA,NA,NA,NA,0.544,0.788,0.544,69,100,100,NA,4367,15, 40,42.486, 65,31,1,21,1,17,1,7,1,75,1,76,1,1,1,1,1,17,13,12,12,NA,NA,NA,NA,NA,NA,NA,NA,NA,NA,NA,NA,NA,NA,NA,NA,NA,NA,NA,NA,NA,NA,NA,NA,NA,NA,NA,NA,NA,NA,NA,NA,NA,NA,NA,NA,NA,NA,NA,NA,NA,NA,NA,NA,NA,NA,NA,NA
ImmortalsOfAveum-Win64-Shipping.exe,NVIDIA GeForce RTX 4060 Ti,12th Gen Intel(R) Core(TM) i7-12700,3840x2160,D3D12,0,20336,0x0000000063F0AD60,0,0,Hardware Composed: Independent Flip,0,4551.622455,17.037,15.979,0.237,1.577,1.588,0.093,NA,2775,9001,62,51,NA,NA,NA,NA,NA,NA,0.583,0.844,0.583,69,100,100,NA,4367,15, 40,42.486, 65,31,1,21,1,17,1,7,1,75,1,76,1,1,1,1,1,17,13,12,12,NA,NA,NA,NA,NA,NA,NA,NA,NA,NA,NA,NA,NA,NA,NA,NA,NA,NA,NA,NA,NA,NA,NA,NA,NA,NA,NA,NA,NA,NA,NA,NA,NA,NA,NA,NA,NA,NA,NA,NA,NA,NA,NA,NA,NA,NA,NA,NA
ImmortalsOfAveum-Win64-Shipping.exe,NVIDIA GeForce RTX 4060 Ti,12th Gen Intel(R) Core(TM) i7-12700,3840x2160,D3D12,0,20336,0x0000000063F0AD60,0,0,Hardware Composed: Independent Flip,0,4551.637946,15.491,14.713,0.141,0.546,0.809,0.035,NA,2775,9001,62,51,NA,NA,NA,NA,NA,NA,0.641,0.928,0.641,69,100,100,NA,4367,15, 39,43.389, 65,31,1,21,1,17,1,7,1,75,1,76,1,1,1,1,1,17,13,12,12,NA,NA,NA,NA,NA,NA,NA,NA,NA,NA,NA,NA,NA,NA,NA,NA,NA,NA,NA,NA,NA,NA,NA,NA,NA,NA,NA,NA,NA,NA,NA,NA,NA,NA,NA,NA,NA,NA,NA,NA,NA,NA,NA,NA,NA,NA,NA,NA
ImmortalsOfAveum-Win64-Shipping.exe,NVIDIA GeForce RTX 4060 Ti,12th Gen Intel(R) Core(TM) i7-12700,3840x2160,D3D12,0,20336,0x0000000063F0AD60,0,0,Hardware Composed: Independent Flip,0,4551.655010,17.064,18.335,0.260,2.019,2.081,0.118,NA,2775,9001,62,51,NA,NA,NA,NA,NA,NA,0.582,0.842,0.582,69,100,100,NA,4367,15, 39,43.389, 65,31,1,21,1,17,1,7,1,75,1,76,1,1,1,1,1,17,13,12,12,NA,NA,NA,NA,NA,NA,NA,NA,NA,NA,NA,NA,NA,NA,NA,NA,NA,NA,NA,NA,NA,NA,NA,NA,NA,NA,NA,NA,NA,NA,NA,NA,NA,NA,NA,NA,NA,NA,NA,NA,NA,NA,NA,NA,NA,NA,NA,NA
ImmortalsOfAveum-Win64-Shipping.exe,NVIDIA GeForce RTX 4060 Ti,12th Gen Intel(R) Core(TM) i7-12700,3840x2160,D3D12,0,20336,0x0000000063F0AD60,0,0,Hardware Composed: Independent Flip,0,4551.670746,15.737,15.091,0.152,0.550,1.435,0.035,NA,2775,9001,62,51,NA,NA,NA,NA,NA,NA,0.631,0.913,0.631,69,100,100,NA,4367,15, 39,43.389, 65,31,1,21,1,17,1,7,1,75,1,76,1,1,1,1,1,17,13,12,12,NA,NA,NA,NA,NA,NA,NA,NA,NA,NA,NA,NA,NA,NA,NA,NA,NA,NA,NA,NA,NA,NA,NA,NA,NA,NA,NA,NA,NA,NA,NA,NA,NA,NA,NA,NA,NA,NA,NA,NA,NA,NA,NA,NA,NA,NA,NA,NA
ImmortalsOfAveum-Win64-Shipping.exe,NVIDIA GeForce RTX 4060 Ti,12th Gen Intel(R) Core(TM) i7-12700,3840x2160,D3D12,0,20336,0x0000000063F0AD60,0,0,Hardware Composed: Independent Flip,0,4551.687332,16.585,17.782,0.201,2.575,2.632,0.155,NA,2775,9001,62,51,NA,NA,NA,NA,NA,NA,0.598,0.867,0.598,69,100,100,NA,4367,15, 39,43.389, 65,31,1,21,1,17,1,7,1,75,1,76,1,1,1,1,1,17,13,12,12,NA,NA,NA,NA,NA,NA,NA,NA,NA,NA,NA,NA,NA,NA,NA,NA,NA,NA,NA,NA,NA,NA,NA,NA,NA,NA,NA,NA,NA,NA,NA,NA,NA,NA,NA,NA,NA,NA,NA,NA,NA,NA,NA,NA,NA,NA,NA,NA
ImmortalsOfAveum-Win64-Shipping.exe,NVIDIA GeForce RTX 4060 Ti,12th Gen Intel(R) Core(TM) i7-12700,3840x2160,D3D12,0,20336,0x0000000063F0AD60,0,0,Hardware Composed: Independent Flip,0,4551.705221,17.889,18.108,0.166,0.350,2.850,0.020,NA,2775,9001,62,51,NA,NA,NA,NA,NA,NA,0.555,0.803,0.555,69,100,100,NA,4367,15, 39,43.389, 65,31,1,21,1,17,1,7,1,75,1,76,1,1,1,1,1,17,13,12,12,NA,NA,NA,NA,NA,NA,NA,NA,NA,NA,NA,NA,NA,NA,NA,NA,NA,NA,NA,NA,NA,NA,NA,NA,NA,NA,NA,NA,NA,NA,NA,NA,NA,NA,NA,NA,NA,NA,NA,NA,NA,NA,NA,NA,NA,NA,NA,NA
ImmortalsOfAveum-Win64-Shipping.exe,NVIDIA GeForce RTX 4060 Ti,12th Gen Intel(R) Core(TM) i7-12700,3840x2160,D3D12,0,20336,0x0000000063F0AD60,0,0,Hardware Composed: Independent Flip,0,4551.722355,17.134,16.049,0.187,1.707,1.766,0.100,NA,2775,9001,62,51,NA,NA,NA,NA,NA,NA,0.579,0.839,0.579,69,100,100,NA,4367,15, 39,43.389, 65,31,1,21,1,17,1,7,1,75,1,76,1,1,1,1,1,17,13,12,12,NA,NA,NA,NA,NA,NA,NA,NA,NA,NA,NA,NA,NA,NA,NA,NA,NA,NA,NA,NA,NA,NA,NA,NA,NA,NA,NA,NA,NA,NA,NA,NA,NA,NA,NA,NA,NA,NA,NA,NA,NA,NA,NA,NA,NA,NA,NA,NA
ImmortalsOfAveum-Win64-Shipping.exe,NVIDIA GeForce RTX 4060 Ti,12th Gen Intel(R) Core(TM) i7-12700,3840x2160,D3D12,0,20336,0x0000000063F0AD60,0,0,Hardware Composed: Independent Flip,0,4551.739609,17.255,18.181,0.169,0.360,2.692,0.021,NA,2775,9001,62,51,NA,NA,NA,NA,NA,NA,0.575,0.833,0.575,69,100,100,NA,4367,15, 39,43.389, 65,31,1,21,1,17,1,7,1,75,1,76,1,1,1,1,1,17,13,12,12,NA,NA,NA,NA,NA,NA,NA,NA,NA,NA,NA,NA,NA,NA,NA,NA,NA,NA,NA,NA,NA,NA,NA,NA,NA,NA,NA,NA,NA,NA,NA,NA,NA,NA,NA,NA,NA,NA,NA,NA,NA,NA,NA,NA,NA,NA,NA,NA
ImmortalsOfAveum-Win64-Shipping.exe,NVIDIA GeForce RTX 4060 Ti,12th Gen Intel(R) Core(TM) i7-12700,3840x2160,D3D12,0,20336,0x0000000063F0AD60,0,0,Hardware Composed: Independent Flip,0,4551.757160,17.551,17.303,0.227,2.384,2.445,0.136,NA,2775,9001,62,51,NA,NA,NA,NA,NA,NA,0.566,0.819,0.566,69,100,100,NA,4367,15, 39,43.389, 65,31,1,21,1,17,1,7,1,75,1,76,1,1,1,1,1,17,13,12,12,NA,NA,NA,NA,NA,NA,NA,NA,NA,NA,NA,NA,NA,NA,NA,NA,NA,NA,NA,NA,NA,NA,NA,NA,NA,NA,NA,NA,NA,NA,NA,NA,NA,NA,NA,NA,NA,NA,NA,NA,NA,NA,NA,NA,NA,NA,NA,NA
ImmortalsOfAveum-Win64-Shipping.exe,NVIDIA GeForce RTX 4060 Ti,12th Gen Intel(R) Core(TM) i7-12700,3840x2160,D3D12,0,20336,0x0000000063F0AD60,0,0,Hardware Composed: Independent Flip,0,4551.771319,14.158,13.498,0.145,0.525,1.785,0.037,NA,2775,9001,62,51,NA,NA,NA,NA,NA,NA,0.701,1.015,0.701,69,100,100,NA,4367,15, 39,43.389, 65,31,1,21,1,17,1,7,1,75,1,76,1,1,1,1,1,17,13,12,12,NA,NA,NA,NA,NA,NA,NA,NA,NA,NA,NA,NA,NA,NA,NA,NA,NA,NA,NA,NA,NA,NA,NA,NA,NA,NA,NA,NA,NA,NA,NA,NA,NA,NA,NA,NA,NA,NA,NA,NA,NA,NA,NA,NA,NA,NA,NA,NA
ImmortalsOfAveum-Win64-Shipping.exe,NVIDIA GeForce RTX 4060 Ti,12th Gen Intel(R) Core(TM) i7-12700,3840x2160,D3D12,0,20336,0x0000000063F0AD60,0,0,Hardware Composed: Independent Flip,0,4551.788082,16.763,17.131,0.201,2.139,2.153,0.128,NA,2775,9001,62,51,NA,NA,NA,NA,NA,NA,0.592,0.857,0.592,69,100,100,NA,4367,15, 39,43.389, 65,31,1,21,1,17,1,7,1,75,1,76,1,1,1,1,1,17,13,12,12,NA,NA,NA,NA,NA,NA,NA,NA,NA,NA,NA,NA,NA,NA,NA,NA,NA,NA,NA,NA,NA,NA,NA,NA,NA,NA,NA,NA,NA,NA,NA,NA,NA,NA,NA,NA,NA,NA,NA,NA,NA,NA,NA,NA,NA,NA,NA,NA
ImmortalsOfAveum-Win64-Shipping.exe,NVIDIA GeForce RTX 4060 Ti,12th Gen Intel(R) Core(TM) i7-12700,3840x2160,D3D12,0,20336,0x0000000063F0AD60,0,0,Hardware Composed: Independent Flip,0,4551.804111,16.029,17.437,0.152,0.536,3.561,0.033,NA,2775,9001,62,51,NA,NA,NA,NA,NA,NA,0.619,0.897,0.619,69,100,100,NA,4367,15, 39,43.389, 65,31,1,21,1,17,1,7,1,75,1,76,1,1,1,1,1,17,13,12,12,NA,NA,NA,NA,NA,NA,NA,NA,NA,NA,NA,NA,NA,NA,NA,NA,NA,NA,NA,NA,NA,NA,NA,NA,NA,NA,NA,NA,NA,NA,NA,NA,NA,NA,NA,NA,NA,NA,NA,NA,NA,NA,NA,NA,NA,NA,NA,NA
ImmortalsOfAveum-Win64-Shipping.exe,NVIDIA GeForce RTX 4060 Ti,12th Gen Intel(R) Core(TM) i7-12700,3840x2160,D3D12,0,20336,0x0000000063F0AD60,0,0,Hardware Composed: Independent Flip,0,4551.820488,16.377,15.385,0.208,2.510,2.569,0.153,NA,2775,9001,62,51,NA,NA,NA,NA,NA,NA,0.606,0.878,0.606,69,100,100,NA,4367,15, 39,43.389, 65,31,1,21,1,17,1,7,1,75,1,76,1,1,1,1,1,17,13,12,12,NA,NA,NA,NA,NA,NA,NA,NA,NA,NA,NA,NA,NA,NA,NA,NA,NA,NA,NA,NA,NA,NA,NA,NA,NA,NA,NA,NA,NA,NA,NA,NA,NA,NA,NA,NA,NA,NA,NA,NA,NA,NA,NA,NA,NA,NA,NA,NA
ImmortalsOfAveum-Win64-Shipping.exe,NVIDIA GeForce RTX 4060 Ti,12th Gen Intel(R) Core(TM) i7-12700,3840x2160,D3D12,0,20336,0x0000000063F0AD60,0,0,Hardware Composed: Independent Flip,0,4551.838350,17.863,18.625,0.155,0.345,3.331,0.019,NA,2775,9001,62,51,NA,NA,NA,NA,NA,NA,0.556,0.805,0.556,69,100,100,NA,4367,15, 40,42.596, 65,31,1,21,1,17,1,7,1,75,1,76,1,1,1,1,1,17,13,12,12,NA,NA,NA,NA,NA,NA,NA,NA,NA,NA,NA,NA,NA,NA,NA,NA,NA,NA,NA,NA,NA,NA,NA,NA,NA,NA,NA,NA,NA,NA,NA,NA,NA,NA,NA,NA,NA,NA,NA,NA,NA,NA,NA,NA,NA,NA,NA,NA
ImmortalsOfAveum-Win64-Shipping.exe,NVIDIA GeForce RTX 4060 Ti,12th Gen Intel(R) Core(TM) i7-12700,3840x2160,D3D12,0,20336,0x0000000063F0AD60,0,0,Hardware Composed: Independent Flip,0,4551.855473,17.123,15.490,0.249,1.636,1.698,0.096,NA,2775,9001,62,51,NA,NA,NA,NA,NA,NA,0.580,0.839,0.580,69,100,100,NA,4367,15, 40,42.596, 65,31,1,21,1,17,1,7,1,75,1,76,1,1,1,1,1,17,13,12,12,NA,NA,NA,NA,NA,NA,NA,NA,NA,NA,NA,NA,NA,NA,NA,NA,NA,NA,NA,NA,NA,NA,NA,NA,NA,NA,NA,NA,NA,NA,NA,NA,NA,NA,NA,NA,NA,NA,NA,NA,NA,NA,NA,NA,NA,NA,NA,NA
ImmortalsOfAveum-Win64-Shipping.exe,NVIDIA GeForce RTX 4060 Ti,12th Gen Intel(R) Core(TM) i7-12700,3840x2160,D3D12,0,20336,0x0000000063F0AD60,0,0,Hardware Composed: Independent Flip,0,4551.871008,15.535,15.750,0.146,0.555,1.913,0.036,NA,2775,9001,62,51,NA,NA,NA,NA,NA,NA,0.639,0.925,0.639,69,100,100,NA,4367,15, 40,42.596, 65,31,1,21,1,17,1,7,1,75,1,76,1,1,1,1,1,17,13,12,12,NA,NA,NA,NA,NA,NA,NA,NA,NA,NA,NA,NA,NA,NA,NA,NA,NA,NA,NA,NA,NA,NA,NA,NA,NA,NA,NA,NA,NA,NA,NA,NA,NA,NA,NA,NA,NA,NA,NA,NA,NA,NA,NA,NA,NA,NA,NA,NA
ImmortalsOfAveum-Win64-Shipping.exe,NVIDIA GeForce RTX 4060 Ti,12th Gen Intel(R) Core(TM) i7-12700,3840x2160,D3D12,0,20336,0x0000000063F0AD60,0,0,Hardware Composed: Independent Flip,0,4551.887987,16.979,17.066,0.241,1.938,2.000,0.114,NA,2775,9001,62,51,NA,NA,NA,NA,NA,NA,0.585,0.847,0.585,69,100,100,NA,4367,15, 40,42.596, 65,31,1,21,1,17,1,7,1,75,1,76,1,1,1,1,1,17,13,12,12,NA,NA,NA,NA,NA,NA,NA,NA,NA,NA,NA,NA,NA,NA,NA,NA,NA,NA,NA,NA,NA,NA,NA,NA,NA,NA,NA,NA,NA,NA,NA,NA,NA,NA,NA,NA,NA,NA,NA,NA,NA,NA,NA,NA,NA,NA,NA,NA
ImmortalsOfAveum-Win64-Shipping.exe,NVIDIA GeForce RTX 4060 Ti,12th Gen Intel(R) Core(TM) i7-12700,3840x2160,D3D12,0,20336,0x0000000063F0AD60,0,0,Hardware Composed: Independent Flip,0,4551.905327,17.340,16.889,0.149,0.334,1.550,0.019,NA,2775,9001,62,51,NA,NA,NA,NA,NA,NA,0.572,0.829,0.572,69,100,100,NA,4367,15, 40,42.596, 65,31,1,21,1,17,1,7,1,75,1,76,1,1,1,1,1,17,13,12,12,NA,NA,NA,NA,NA,NA,NA,NA,NA,NA,NA,NA,NA,NA,NA,NA,NA,NA,NA,NA,NA,NA,NA,NA,NA,NA,NA,NA,NA,NA,NA,NA,NA,NA,NA,NA,NA,NA,NA,NA,NA,NA,NA,NA,NA,NA,NA,NA
ImmortalsOfAveum-Win64-Shipping.exe,NVIDIA GeForce RTX 4060 Ti,12th Gen Intel(R) Core(TM) i7-12700,3840x2160,D3D12,0,20336,0x0000000063F0AD60,0,0,Hardware Composed: Independent Flip,0,4551.922296,16.970,17.761,0.198,2.282,2.341,0.134,NA,2775,9001,62,51,NA,NA,NA,NA,NA,NA,0.585,0.847,0.585,69,100,100,NA,4367,15, 40,42.596, 65,31,1,21,1,17,1,7,1,75,1,76,1,1,1,1,1,17,13,12,12,NA,NA,NA,NA,NA,NA,NA,NA,NA,NA,NA,NA,NA,NA,NA,NA,NA,NA,NA,NA,NA,NA,NA,NA,NA,NA,NA,NA,NA,NA,NA,NA,NA,NA,NA,NA,NA,NA,NA,NA,NA,NA,NA,NA,NA,NA,NA,NA
ImmortalsOfAveum-Win64-Shipping.exe,NVIDIA GeForce RTX 4060 Ti,12th Gen Intel(R) Core(TM) i7-12700,3840x2160,D3D12,0,20336,0x0000000063F0AD60,0,0,Hardware Composed: Independent Flip,0,4551.937483,15.187,14.685,0.139,0.541,1.839,0.036,NA,2775,9001,62,51,NA,NA,NA,NA,NA,NA,0.654,0.946,0.654,69,100,100,NA,4367,15, 40,42.596, 65,31,1,21,1,17,1,7,1,75,1,76,1,1,1,1,1,17,13,12,12,NA,NA,NA,NA,NA,NA,NA,NA,NA,NA,NA,NA,NA,NA,NA,NA,NA,NA,NA,NA,NA,NA,NA,NA,NA,NA,NA,NA,NA,NA,NA,NA,NA,NA,NA,NA,NA,NA,NA,NA,NA,NA,NA,NA,NA,NA,NA,NA
ImmortalsOfAveum-Win64-Shipping.exe,NVIDIA GeForce RTX 4060 Ti,12th Gen Intel(R) Core(TM) i7-12700,3840x2160,D3D12,0,20336,0x0000000063F0AD60,0,0,Hardware Composed: Independent Flip,0,4551.954355,16.872,17.379,0.237,2.287,2.347,0.136,NA,2775,9001,62,51,NA,NA,NA,NA,NA,NA,0.588,0.852,0.588,69,100,100,NA,4367,15, 40,42.596, 65,31,1,21,1,17,1,7,1,75,1,76,1,1,1,1,1,17,13,12,12,NA,NA,NA,NA,NA,NA,NA,NA,NA,NA,NA,NA,NA,NA,NA,NA,NA,NA,NA,NA,NA,NA,NA,NA,NA,NA,NA,NA,NA,NA,NA,NA,NA,NA,NA,NA,NA,NA,NA,NA,NA,NA,NA,NA,NA,NA,NA,NA
ImmortalsOfAveum-Win64-Shipping.exe,NVIDIA GeForce RTX 4060 Ti,12th Gen Intel(R) Core(TM) i7-12700,3840x2160,D3D12,0,20336,0x0000000063F0AD60,0,0,Hardware Composed: Independent Flip,0,4551.972031,17.676,18.513,0.172,0.351,3.184,0.020,NA,2775,9001,62,51,NA,NA,NA,NA,NA,NA,0.562,0.813,0.562,69,100,100,NA,4367,15, 40,42.596, 65,31,1,21,1,17,1,7,1,75,1,76,1,1,1,1,1,17,13,12,12,NA,NA,NA,NA,NA,NA,NA,NA,NA,NA,NA,NA,NA,NA,NA,NA,NA,NA,NA,NA,NA,NA,NA,NA,NA,NA,NA,NA,NA,NA,NA,NA,NA,NA,NA,NA,NA,NA,NA,NA,NA,NA,NA,NA,NA,NA,NA,NA
ImmortalsOfAveum-Win64-Shipping.exe,NVIDIA GeForce RTX 4060 Ti,12th Gen Intel(R) Core(TM) i7-12700,3840x2160,D3D12,0,20336,0x0000000063F0AD60,0,0,Hardware Composed: Independent Flip,0,4551.988933,16.903,15.612,0.237,1.873,1.893,0.111,NA,2775,9001,62,51,NA,NA,NA,NA,NA,NA,0.587,0.850,0.587,69,100,100,NA,4367,15, 40,42.596, 65,31,1,21,1,17,1,7,1,75,1,76,1,1,1,1,1,17,13,12,12,NA,NA,NA,NA,NA,NA,NA,NA,NA,NA,NA,NA,NA,NA,NA,NA,NA,NA,NA,NA,NA,NA,NA,NA,NA,NA,NA,NA,NA,NA,NA,NA,NA,NA,NA,NA,NA,NA,NA,NA,NA,NA,NA,NA,NA,NA,NA,NA
ImmortalsOfAveum-Win64-Shipping.exe,NVIDIA GeForce RTX 4060 Ti,12th Gen Intel(R) Core(TM) i7-12700,3840x2160,D3D12,0,20336,0x0000000063F0AD60,0,0,Hardware Composed: Independent Flip,0,4552.004696,15.763,16.641,0.172,0.516,2.772,0.033,NA,2775,9001,62,51,NA,NA,NA,NA,NA,NA,0.630,0.912,0.630,69,100,100,NA,4367,15, 40,42.596, 65,31,1,21,1,17,1,7,1,75,1,76,1,1,1,1,1,17,13,12,12,NA,NA,NA,NA,NA,NA,NA,NA,NA,NA,NA,NA,NA,NA,NA,NA,NA,NA,NA,NA,NA,NA,NA,NA,NA,NA,NA,NA,NA,NA,NA,NA,NA,NA,NA,NA,NA,NA,NA,NA,NA,NA,NA,NA,NA,NA,NA,NA
ImmortalsOfAveum-Win64-Shipping.exe,NVIDIA GeForce RTX 4060 Ti,12th Gen Intel(R) Core(TM) i7-12700,3840x2160,D3D12,0,20336,0x0000000063F0AD60,0,0,Hardware Composed: Independent Flip,0,4552.021713,17.017,16.495,0.203,2.190,2.249,0.129,NA,2775,9001,62,51,NA,NA,NA,NA,NA,NA,0.583,0.845,0.583,69,100,100,NA,4367,15, 40,42.596, 65,31,1,21,1,17,1,7,1,75,1,76,1,1,1,1,1,17,13,12,12,NA,NA,NA,NA,NA,NA,NA,NA,NA,NA,NA,NA,NA,NA,NA,NA,NA,NA,NA,NA,NA,NA,NA,NA,NA,NA,NA,NA,NA,NA,NA,NA,NA,NA,NA,NA,NA,NA,NA,NA,NA,NA,NA,NA,NA,NA,NA,NA
ImmortalsOfAveum-Win64-Shipping.exe,NVIDIA GeForce RTX 4060 Ti,12th Gen Intel(R) Core(TM) i7-12700,3840x2160,D3D12,0,20336,0x0000000063F0AD60,0,0,Hardware Composed: Independent Flip,0,4552.037650,15.937,15.963,0.143,0.552,2.275,0.035,NA,2775,9001,62,51,NA,NA,NA,NA,NA,NA,0.623,0.902,0.623,69,100,100,NA,4367,15, 39,42.315, 65,31,1,21,1,17,1,7,1,75,1,76,1,1,1,1,1,17,13,12,12,NA,NA,NA,NA,NA,NA,NA,NA,NA,NA,NA,NA,NA,NA,NA,NA,NA,NA,NA,NA,NA,NA,NA,NA,NA,NA,NA,NA,NA,NA,NA,NA,NA,NA,NA,NA,NA,NA,NA,NA,NA,NA,NA,NA,NA,NA,NA,NA
ImmortalsOfAveum-Win64-Shipping.exe,NVIDIA GeForce RTX 4060 Ti,12th Gen Intel(R) Core(TM) i7-12700,3840x2160,D3D12,0,20336,0x0000000063F0AD60,0,0,Hardware Composed: Independent Flip,0,4552.054306,16.656,16.324,0.201,1.883,1.943,0.113,NA,2775,9001,62,51,NA,NA,NA,NA,NA,NA,0.596,0.863,0.596,69,100,100,NA,4367,15, 39,42.315, 65,31,1,21,1,17,1,7,1,75,1,76,1,1,1,1,1,17,13,12,12,NA,NA,NA,NA,NA,NA,NA,NA,NA,NA,NA,NA,NA,NA,NA,NA,NA,NA,NA,NA,NA,NA,NA,NA,NA,NA,NA,NA,NA,NA,NA,NA,NA,NA,NA,NA,NA,NA,NA,NA,NA,NA,NA,NA,NA,NA,NA,NA
ImmortalsOfAveum-Win64-Shipping.exe,NVIDIA GeForce RTX 4060 Ti,12th Gen Intel(R) Core(TM) i7-12700,3840x2160,D3D12,0,20336,0x0000000063F0AD60,0,0,Hardware Composed: Independent Flip,0,4552.071596,17.290,17.680,0.164,0.355,2.332,0.021,NA,2775,9001,62,51,NA,NA,NA,NA,NA,NA,0.574,0.831,0.574,69,100,100,NA,4367,15, 39,42.315, 65,31,1,21,1,17,1,7,1,75,1,76,1,1,1,1,1,17,13,12,12,NA,NA,NA,NA,NA,NA,NA,NA,NA,NA,NA,NA,NA,NA,NA,NA,NA,NA,NA,NA,NA,NA,NA,NA,NA,NA,NA,NA,NA,NA,NA,NA,NA,NA,NA,NA,NA,NA,NA,NA,NA,NA,NA,NA,NA,NA,NA,NA
ImmortalsOfAveum-Win64-Shipping.exe,NVIDIA GeForce RTX 4060 Ti,12th Gen Intel(R) Core(TM) i7-12700,3840x2160,D3D12,0,20336,0x0000000063F0AD60,0,0,Hardware Composed: Independent Flip,0,4552.088697,17.101,16.624,0.244,1.794,1.855,0.105,NA,2775,9001,62,51,NA,NA,NA,NA,NA,NA,0.580,0.839,0.580,69,100,100,NA,4377,13, 39,42.315, 65,29,0,21,0,15,0,9,0,69,0,81,0,0,0,0,0,13,9,8,8,NA,NA,NA,NA,NA,NA,NA,NA,NA,NA,NA,NA,NA,NA,NA,NA,NA,NA,NA,NA,NA,NA,NA,NA,NA,NA,NA,NA,NA,NA,NA,NA,NA,NA,NA,NA,NA,NA,NA,NA,NA,NA,NA,NA,NA,NA,NA,NA
ImmortalsOfAveum-Win64-Shipping.exe,NVIDIA GeForce RTX 4060 Ti,12th Gen Intel(R) Core(TM) i7-12700,3840x2160,D3D12,0,20336,0x0000000063F0AD60,0,0,Hardware Composed: Independent Flip,0,4552.104970,16.272,16.050,0.151,0.342,1.632,0.021,NA,2775,9001,62,51,NA,NA,NA,NA,NA,NA,0.610,0.882,0.610,69,100,100,NA,4377,13, 39,42.315, 65,29,0,21,0,15,0,9,0,69,0,81,0,0,0,0,0,13,9,8,8,NA,NA,NA,NA,NA,NA,NA,NA,NA,NA,NA,NA,NA,NA,NA,NA,NA,NA,NA,NA,NA,NA,NA,NA,NA,NA,NA,NA,NA,NA,NA,NA,NA,NA,NA,NA,NA,NA,NA,NA,NA,NA,NA,NA,NA,NA,NA,NA
ImmortalsOfAveum-Win64-Shipping.exe,NVIDIA GeForce RTX 4060 Ti,12th Gen Intel(R) Core(TM) i7-12700,3840x2160,D3D12,0,20336,0x0000000063F0AD60,0,0,Hardware Composed: Independent Flip,0,4552.122034,17.064,17.383,0.192,1.937,1.951,0.113,NA,2775,9001,62,51,NA,NA,NA,NA,NA,NA,0.582,0.841,0.582,69,100,100,NA,4377,13, 39,42.315, 65,29,0,21,0,15,0,9,0,69,0,81,0,0,0,0,0,13,9,8,8,NA,NA,NA,NA,NA,NA,NA,NA,NA,NA,NA,NA,NA,NA,NA,NA,NA,NA,NA,NA,NA,NA,NA,NA,NA,NA,NA,NA,NA,NA,NA,NA,NA,NA,NA,NA,NA,NA,NA,NA,NA,NA,NA,NA,NA,NA,NA,NA
ImmortalsOfAveum-Win64-Shipping.exe,NVIDIA GeForce RTX 4060 Ti,12th Gen Intel(R) Core(TM) i7-12700,3840x2160,D3D12,0,20336,0x0000000063F0AD60,0,0,Hardware Composed: Independent Flip,0,4552.137722,15.688,16.045,0.152,0.727,2.308,0.046,NA,2775,9001,62,51,NA,NA,NA,NA,NA,NA,0.633,0.915,0.633,69,100,100,NA,4377,13, 39,42.315, 65,29,0,21,0,15,0,9,0,69,0,81,0,0,0,0,0,13,9,8,8,NA,NA,NA,NA,NA,NA,NA,NA,NA,NA,NA,NA,NA,NA,NA,NA,NA,NA,NA,NA,NA,NA,NA,NA,NA,NA,NA,NA,NA,NA,NA,NA,NA,NA,NA,NA,NA,NA,NA,NA,NA,NA,NA,NA,NA,NA,NA,NA
ImmortalsOfAveum-Win64-Shipping.exe,NVIDIA GeForce RTX 4060 Ti,12th Gen Intel(R) Core(TM) i7-12700,3840x2160,D3D12,0,20336,0x0000000063F0AD60,0,0,Hardware Composed: Independent Flip,0,4552.154402,16.680,16.205,0.224,1.770,1.833,0.106,NA,2775,9001,62,51,NA,NA,NA,NA,NA,NA,0.595,0.860,0.595,69,100,100,NA,4377,13, 39,42.315, 65,29,0,21,0,15,0,9,0,69,0,81,0,0,0,0,0,13,9,8,8,NA,NA,NA,NA,NA,NA,NA,NA,NA,NA,NA,NA,NA,NA,NA,NA,NA,NA,NA,NA,NA,NA,NA,NA,NA,NA,NA,NA,NA,NA,NA,NA,NA,NA,NA,NA,NA,NA,NA,NA,NA,NA,NA,NA,NA,NA,NA,NA
ImmortalsOfAveum-Win64-Shipping.exe,NVIDIA GeForce RTX 4060 Ti,12th Gen Intel(R) Core(TM) i7-12700,3840x2160,D3D12,0,20336,0x0000000063F0AD60,0,0,Hardware Composed: Independent Flip,0,4552.172575,18.173,18.937,0.165,0.365,2.597,0.020,NA,2775,9001,62,51,NA,NA,NA,NA,NA,NA,0.546,0.790,0.546,69,100,100,NA,4377,13, 39,42.315, 65,29,0,21,0,15,0,9,0,69,0,81,0,0,0,0,0,13,9,8,8,NA,NA,NA,NA,NA,NA,NA,NA,NA,NA,NA,NA,NA,NA,NA,NA,NA,NA,NA,NA,NA,NA,NA,NA,NA,NA,NA,NA,NA,NA,NA,NA,NA,NA,NA,NA,NA,NA,NA,NA,NA,NA,NA,NA,NA,NA,NA,NA
ImmortalsOfAveum-Win64-Shipping.exe,NVIDIA GeForce RTX 4060 Ti,12th Gen Intel(R) Core(TM) i7-12700,3840x2160,D3D12,0,20336,0x0000000063F0AD60,0,0,Hardware Composed: Independent Flip,0,4552.189633,17.057,15.943,0.185,1.462,1.483,0.086,NA,2775,9001,62,51,NA,NA,NA,NA,NA,NA,0.582,0.841,0.582,69,100,100,NA,4377,13, 39,42.315, 65,29,0,21,0,15,0,9,0,69,0,81,0,0,0,0,0,13,9,8,8,NA,NA,NA,NA,NA,NA,NA,NA,NA,NA,NA,NA,NA,NA,NA,NA,NA,NA,NA,NA,NA,NA,NA,NA,NA,NA,NA,NA,NA,NA,NA,NA,NA,NA,NA,NA,NA,NA,NA,NA,NA,NA,NA,NA,NA,NA,NA,NA
ImmortalsOfAveum-Win64-Shipping.exe,NVIDIA GeForce RTX 4060 Ti,12th Gen Intel(R) Core(TM) i7-12700,3840x2160,D3D12,0,20336,0x0000000063F0AD60,0,0,Hardware Composed: Independent Flip,0,4552.205021,15.389,15.314,0.143,0.549,1.408,0.036,NA,2775,9001,62,51,NA,NA,NA,NA,NA,NA,0.645,0.933,0.645,69,100,100,NA,4377,13, 39,42.315, 65,29,0,21,0,15,0,9,0,69,0,81,0,0,0,0,0,13,9,8,8,NA,NA,NA,NA,NA,NA,NA,NA,NA,NA,NA,NA,NA,NA,NA,NA,NA,NA,NA,NA,NA,NA,NA,NA,NA,NA,NA,NA,NA,NA,NA,NA,NA,NA,NA,NA,NA,NA,NA,NA,NA,NA,NA,NA,NA,NA,NA,NA
ImmortalsOfAveum-Win64-Shipping.exe,NVIDIA GeForce RTX 4060 Ti,12th Gen Intel(R) Core(TM) i7-12700,3840x2160,D3D12,0,20336,0x0000000063F0AD60,0,0,Hardware Composed: Independent Flip,0,4552.222003,16.982,17.326,0.226,1.739,1.752,0.102,NA,2775,9001,62,51,NA,NA,NA,NA,NA,NA,0.585,0.845,0.585,69,100,100,NA,4377,13, 39,42.315, 65,29,0,21,0,15,0,9,0,69,0,81,0,0,0,0,0,13,9,8,8,NA,NA,NA,NA,NA,NA,NA,NA,NA,NA,NA,NA,NA,NA,NA,NA,NA,NA,NA,NA,NA,NA,NA,NA,NA,NA,NA,NA,NA,NA,NA,NA,NA,NA,NA,NA,NA,NA,NA,NA,NA,NA,NA,NA,NA,NA,NA,NA
ImmortalsOfAveum-Win64-Shipping.exe,NVIDIA GeForce RTX 4060 Ti,12th Gen Intel(R) Core(TM) i7-12700,3840x2160,D3D12,0,20336,0x0000000063F0AD60,0,0,Hardware Composed: Independent Flip,0,4552.239168,17.165,16.912,0.181,0.352,1.500,0.020,NA,2775,9001,62,51,NA,NA,NA,NA,NA,NA,0.578,0.836,0.578,69,100,100,NA,4377,13, 40,41.994, 65,29,0,21,0,15,0,9,0,69,0,81,0,0,0,0,0,13,9,8,8,NA,NA,NA,NA,NA,NA,NA,NA,NA,NA,NA,NA,NA,NA,NA,NA,NA,NA,NA,NA,NA,NA,NA,NA,NA,NA,NA,NA,NA,NA,NA,NA,NA,NA,NA,NA,NA,NA,NA,NA,NA,NA,NA,NA,NA,NA,NA,NA
ImmortalsOfAveum-Win64-Shipping.exe,NVIDIA GeForce RTX 4060 Ti,12th Gen Intel(R) Core(TM) i7-12700,3840x2160,D3D12,0,20336,0x0000000063F0AD60,0,0,Hardware Composed: Independent Flip,0,4552.256002,16.834,16.873,0.196,1.472,1.539,0.087,NA,2775,9001,62,51,NA,NA,NA,NA,NA,NA,0.590,0.853,0.590,69,100,100,NA,4377,13, 40,41.994, 65,29,0,21,0,15,0,9,0,69,0,81,0,0,0,0,0,13,9,8,8,NA,NA,NA,NA,NA,NA,NA,NA,NA,NA,NA,NA,NA,NA,NA,NA,NA,NA,NA,NA,NA,NA,NA,NA,NA,NA,NA,NA,NA,NA,NA,NA,NA,NA,NA,NA,NA,NA,NA,NA,NA,NA,NA,NA,NA,NA,NA,NA
ImmortalsOfAveum-Win64-Shipping.exe,NVIDIA GeForce RTX 4060 Ti,12th Gen Intel(R) Core(TM) i7-12700,3840x2160,D3D12,0,20336,0x0000000063F0AD60,0,0,Hardware Composed: Independent Flip,0,4552.271386,15.384,15.750,0.137,0.558,1.905,0.036,NA,2775,9001,62,51,NA,NA,NA,NA,NA,NA,0.645,0.933,0.645,69,100,100,NA,4377,13, 40,41.994, 65,29,0,21,0,15,0,9,0,69,0,81,0,0,0,0,0,13,9,8,8,NA,NA,NA,NA,NA,NA,NA,NA,NA,NA,NA,NA,NA,NA,NA,NA,NA,NA,NA,NA,NA,NA,NA,NA,NA,NA,NA,NA,NA,NA,NA,NA,NA,NA,NA,NA,NA,NA,NA,NA,NA,NA,NA,NA,NA,NA,NA,NA
ImmortalsOfAveum-Win64-Shipping.exe,NVIDIA GeForce RTX 4060 Ti,12th Gen Intel(R) Core(TM) i7-12700,3840x2160,D3D12,0,20336,0x0000000063F0AD60,0,0,Hardware Composed: Independent Flip,0,4552.288229,16.843,17.183,0.197,2.188,2.245,0.130,NA,2775,9001,62,51,NA,NA,NA,NA,NA,NA,0.589,0.852,0.589,69,100,100,NA,4377,13, 40,41.994, 65,29,0,21,0,15,0,9,0,69,0,81,0,0,0,0,0,13,9,8,8,NA,NA,NA,NA,NA,NA,NA,NA,NA,NA,NA,NA,NA,NA,NA,NA,NA,NA,NA,NA,NA,NA,NA,NA,NA,NA,NA,NA,NA,NA,NA,NA,NA,NA,NA,NA,NA,NA,NA,NA,NA,NA,NA,NA,NA,NA,NA,NA
ImmortalsOfAveum-Win64-Shipping.exe,NVIDIA GeForce RTX 4060 Ti,12th Gen Intel(R) Core(TM) i7-12700,3840x2160,D3D12,0,20336,0x0000000063F0AD60,0,0,Hardware Composed: Independent Flip,0,4552.304473,16.244,16.338,0.151,0.443,2.339,0.027,NA,2775,9001,62,51,NA,NA,NA,NA,NA,NA,0.611,0.884,0.611,69,100,100,NA,4377,13, 40,41.994, 65,29,0,21,0,15,0,9,0,69,0,81,0,0,0,0,0,13,9,8,8,NA,NA,NA,NA,NA,NA,NA,NA,NA,NA,NA,NA,NA,NA,NA,NA,NA,NA,NA,NA,NA,NA,NA,NA,NA,NA,NA,NA,NA,NA,NA,NA,NA,NA,NA,NA,NA,NA,NA,NA,NA,NA,NA,NA,NA,NA,NA,NA
ImmortalsOfAveum-Win64-Shipping.exe,NVIDIA GeForce RTX 4060 Ti,12th Gen Intel(R) Core(TM) i7-12700,3840x2160,D3D12,0,20336,0x0000000063F0AD60,0,0,Hardware Composed: Independent Flip,0,4552.321057,16.584,16.096,0.205,1.792,1.851,0.108,NA,2775,9001,62,51,NA,NA,NA,NA,NA,NA,0.599,0.865,0.599,69,100,100,NA,4377,13, 40,41.994, 65,29,0,21,0,15,0,9,0,69,0,81,0,0,0,0,0,13,9,8,8,NA,NA,NA,NA,NA,NA,NA,NA,NA,NA,NA,NA,NA,NA,NA,NA,NA,NA,NA,NA,NA,NA,NA,NA,NA,NA,NA,NA,NA,NA,NA,NA,NA,NA,NA,NA,NA,NA,NA,NA,NA,NA,NA,NA,NA,NA,NA,NA
ImmortalsOfAveum-Win64-Shipping.exe,NVIDIA GeForce RTX 4060 Ti,12th Gen Intel(R) Core(TM) i7-12700,3840x2160,D3D12,0,20336,0x0000000063F0AD60,0,0,Hardware Composed: Independent Flip,0,4552.338281,17.224,18.044,0.153,0.356,2.672,0.021,NA,2775,9001,62,51,NA,NA,NA,NA,NA,NA,0.576,0.833,0.576,69,100,100,NA,4377,13, 40,41.994, 65,29,0,21,0,15,0,9,0,69,0,81,0,0,0,0,0,13,9,8,8,NA,NA,NA,NA,NA,NA,NA,NA,NA,NA,NA,NA,NA,NA,NA,NA,NA,NA,NA,NA,NA,NA,NA,NA,NA,NA,NA,NA,NA,NA,NA,NA,NA,NA,NA,NA,NA,NA,NA,NA,NA,NA,NA,NA,NA,NA,NA,NA
ImmortalsOfAveum-Win64-Shipping.exe,NVIDIA GeForce RTX 4060 Ti,12th Gen Intel(R) Core(TM) i7-12700,3840x2160,D3D12,0,20336,0x0000000063F0AD60,0,0,Hardware Composed: Independent Flip,0,4552.355232,16.951,16.176,0.308,1.837,1.896,0.108,NA,2775,9001,62,51,NA,NA,NA,NA,NA,NA,0.586,0.847,0.586,69,100,100,NA,4377,13, 40,41.994, 65,29,0,21,0,15,0,9,0,69,0,81,0,0,0,0,0,13,9,8,8,NA,NA,NA,NA,NA,NA,NA,NA,NA,NA,NA,NA,NA,NA,NA,NA,NA,NA,NA,NA,NA,NA,NA,NA,NA,NA,NA,NA,NA,NA,NA,NA,NA,NA,NA,NA,NA,NA,NA,NA,NA,NA,NA,NA,NA,NA,NA,NA
ImmortalsOfAveum-Win64-Shipping.exe,NVIDIA GeForce RTX 4060 Ti,12th Gen Intel(R) Core(TM) i7-12700,3840x2160,D3D12,0,20336,0x0000000063F0AD60,0,0,Hardware Composed: Independent Flip,0,4552.371530,16.298,16.088,0.141,0.353,1.687,0.022,NA,2775,9001,62,51,NA,NA,NA,NA,NA,NA,0.609,0.881,0.609,69,100,100,NA,4377,13, 40,41.994, 65,29,0,21,0,15,0,9,0,69,0,81,0,0,0,0,0,13,9,8,8,NA,NA,NA,NA,NA,NA,NA,NA,NA,NA,NA,NA,NA,NA,NA,NA,NA,NA,NA,NA,NA,NA,NA,NA,NA,NA,NA,NA,NA,NA,NA,NA,NA,NA,NA,NA,NA,NA,NA,NA,NA,NA,NA,NA,NA,NA,NA,NA
ImmortalsOfAveum-Win64-Shipping.exe,NVIDIA GeForce RTX 4060 Ti,12th Gen Intel(R) Core(TM) i7-12700,3840x2160,D3D12,0,20336,0x0000000063F0AD60,0,0,Hardware Composed: Independent Flip,0,4552.388548,17.019,16.956,0.188,1.612,1.624,0.095,NA,2775,9001,62,51,NA,NA,NA,NA,NA,NA,0.583,0.843,0.583,69,100,100,NA,4377,13, 40,41.994, 65,29,0,21,0,15,0,9,0,69,0,81,0,0,0,0,0,13,9,8,8,NA,NA,NA,NA,NA,NA,NA,NA,NA,NA,NA,NA,NA,NA,NA,NA,NA,NA,NA,NA,NA,NA,NA,NA,NA,NA,NA,NA,NA,NA,NA,NA,NA,NA,NA,NA,NA,NA,NA,NA,NA,NA,NA,NA,NA,NA,NA,NA
ImmortalsOfAveum-Win64-Shipping.exe,NVIDIA GeForce RTX 4060 Ti,12th Gen Intel(R) Core(TM) i7-12700,3840x2160,D3D12,0,20336,0x0000000063F0AD60,0,0,Hardware Composed: Independent Flip,0,4552.404034,15.486,15.782,0.143,0.548,1.920,0.035,NA,2775,9001,62,51,NA,NA,NA,NA,NA,NA,0.641,0.927,0.641,69,100,100,NA,4377,13, 40,41.994, 65,29,0,21,0,15,0,9,0,69,0,81,0,0,0,0,0,13,9,8,8,NA,NA,NA,NA,NA,NA,NA,NA,NA,NA,NA,NA,NA,NA,NA,NA,NA,NA,NA,NA,NA,NA,NA,NA,NA,NA,NA,NA,NA,NA,NA,NA,NA,NA,NA,NA,NA,NA,NA,NA,NA,NA,NA,NA,NA,NA,NA,NA
ImmortalsOfAveum-Win64-Shipping.exe,NVIDIA GeForce RTX 4060 Ti,12th Gen Intel(R) Core(TM) i7-12700,3840x2160,D3D12,0,20336,0x0000000063F0AD60,0,0,Hardware Composed: Independent Flip,0,4552.420737,16.702,16.512,0.212,1.670,1.730,0.100,NA,2775,9001,62,51,NA,NA,NA,NA,NA,NA,0.594,0.859,0.594,69,100,100,NA,4377,13, 40,41.994, 65,29,0,21,0,15,0,9,0,69,0,81,0,0,0,0,0,13,9,8,8,NA,NA,NA,NA,NA,NA,NA,NA,NA,NA,NA,NA,NA,NA,NA,NA,NA,NA,NA,NA,NA,NA,NA,NA,NA,NA,NA,NA,NA,NA,NA,NA,NA,NA,NA,NA,NA,NA,NA,NA,NA,NA,NA,NA,NA,NA,NA,NA
ImmortalsOfAveum-Win64-Shipping.exe,NVIDIA GeForce RTX 4060 Ti,12th Gen Intel(R) Core(TM) i7-12700,3840x2160,D3D12,0,20336,0x0000000063F0AD60,0,0,Hardware Composed: Independent Flip,0,4552.438824,18.087,18.649,0.158,0.348,2.292,0.019,NA,2775,9001,62,51,NA,NA,NA,NA,NA,NA,0.549,0.793,0.549,69,100,100,NA,4377,13, 39,41.808, 65,29,0,21,0,15,0,9,0,69,0,81,0,0,0,0,0,13,9,8,8,NA,NA,NA,NA,NA,NA,NA,NA,NA,NA,NA,NA,NA,NA,NA,NA,NA,NA,NA,NA,NA,NA,NA,NA,NA,NA,NA,NA,NA,NA,NA,NA,NA,NA,NA,NA,NA,NA,NA,NA,NA,NA,NA,NA,NA,NA,NA,NA
ImmortalsOfAveum-Win64-Shipping.exe,NVIDIA GeForce RTX 4060 Ti,12th Gen Intel(R) Core(TM) i7-12700,3840x2160,D3D12,0,20336,0x0000000063F0AD60,0,0,Hardware Composed: Independent Flip,0,4552.455939,17.115,16.823,0.297,1.936,2.000,0.113,NA,2775,9001,62,51,NA,NA,NA,NA,NA,NA,0.580,0.839,0.580,69,100,100,NA,4377,13, 39,41.808, 65,29,0,21,0,15,0,9,0,69,0,81,0,0,0,0,0,13,9,8,8,NA,NA,NA,NA,NA,NA,NA,NA,NA,NA,NA,NA,NA,NA,NA,NA,NA,NA,NA,NA,NA,NA,NA,NA,NA,NA,NA,NA,NA,NA,NA,NA,NA,NA,NA,NA,NA,NA,NA,NA,NA,NA,NA,NA,NA,NA,NA,NA
ImmortalsOfAveum-Win64-Shipping.exe,NVIDIA GeForce RTX 4060 Ti,12th Gen Intel(R) Core(TM) i7-12700,3840x2160,D3D12,0,20336,0x0000000063F0AD60,0,0,Hardware Composed: Independent Flip,0,4552.471838,15.899,15.288,0.185,0.520,1.389,0.033,NA,2775,9001,62,51,NA,NA,NA,NA,NA,NA,0.624,0.903,0.624,69,100,100,NA,4377,13, 39,41.808, 65,29,0,21,0,15,0,9,0,69,0,81,0,0,0,0,0,13,9,8,8,NA,NA,NA,NA,NA,NA,NA,NA,NA,NA,NA,NA,NA,NA,NA,NA,NA,NA,NA,NA,NA,NA,NA,NA,NA,NA,NA,NA,NA,NA,NA,NA,NA,NA,NA,NA,NA,NA,NA,NA,NA,NA,NA,NA,NA,NA,NA,NA
ImmortalsOfAveum-Win64-Shipping.exe,NVIDIA GeForce RTX 4060 Ti,12th Gen Intel(R) Core(TM) i7-12700,3840x2160,D3D12,0,20336,0x0000000063F0AD60,0,0,Hardware Composed: Independent Flip,0,4552.488984,17.146,17.614,0.213,1.797,1.857,0.105,NA,2775,9001,62,51,NA,NA,NA,NA,NA,NA,0.579,0.837,0.579,69,100,100,NA,4377,13, 39,41.808, 65,29,0,21,0,15,0,9,0,69,0,81,0,0,0,0,0,13,9,8,8,NA,NA,NA,NA,NA,NA,NA,NA,NA,NA,NA,NA,NA,NA,NA,NA,NA,NA,NA,NA,NA,NA,NA,NA,NA,NA,NA,NA,NA,NA,NA,NA,NA,NA,NA,NA,NA,NA,NA,NA,NA,NA,NA,NA,NA,NA,NA,NA
ImmortalsOfAveum-Win64-Shipping.exe,NVIDIA GeForce RTX 4060 Ti,12th Gen Intel(R) Core(TM) i7-12700,3840x2160,D3D12,0,20336,0x0000000063F0AD60,0,0,Hardware Composed: Independent Flip,0,4552.504550,15.566,15.889,0.152,0.551,2.180,0.035,NA,2775,9001,62,51,NA,NA,NA,NA,NA,NA,0.638,0.922,0.638,69,100,100,NA,4377,13, 39,41.808, 65,29,0,21,0,15,0,9,0,69,0,81,0,0,0,0,0,13,9,8,8,NA,NA,NA,NA,NA,NA,NA,NA,NA,NA,NA,NA,NA,NA,NA,NA,NA,NA,NA,NA,NA,NA,NA,NA,NA,NA,NA,NA,NA,NA,NA,NA,NA,NA,NA,NA,NA,NA,NA,NA,NA,NA,NA,NA,NA,NA,NA,NA
ImmortalsOfAveum-Win64-Shipping.exe,NVIDIA GeForce RTX 4060 Ti,12th Gen Intel(R) Core(TM) i7-12700,3840x2160,D3D12,0,20336,0x0000000063F0AD60,0,0,Hardware Composed: Independent Flip,0,4552.521243,16.694,16.835,0.210,2.260,2.321,0.135,NA,2775,9001,62,51,NA,NA,NA,NA,NA,NA,0.595,0.860,0.595,69,100,100,NA,4377,13, 39,41.808, 65,29,0,21,0,15,0,9,0,69,0,81,0,0,0,0,0,13,9,8,8,NA,NA,NA,NA,NA,NA,NA,NA,NA,NA,NA,NA,NA,NA,NA,NA,NA,NA,NA,NA,NA,NA,NA,NA,NA,NA,NA,NA,NA,NA,NA,NA,NA,NA,NA,NA,NA,NA,NA,NA,NA,NA,NA,NA,NA,NA,NA,NA
ImmortalsOfAveum-Win64-Shipping.exe,NVIDIA GeForce RTX 4060 Ti,12th Gen Intel(R) Core(TM) i7-12700,3840x2160,D3D12,0,20336,0x0000000063F0AD60,0,0,Hardware Composed: Independent Flip,0,4552.538790,17.547,18.069,0.159,0.362,2.843,0.021,NA,2775,9001,62,51,NA,NA,NA,NA,NA,NA,0.566,0.818,0.566,69,100,100,NA,4377,13, 39,41.808, 65,29,0,21,0,15,0,9,0,69,0,81,0,0,0,0,0,13,9,8,8,NA,NA,NA,NA,NA,NA,NA,NA,NA,NA,NA,NA,NA,NA,NA,NA,NA,NA,NA,NA,NA,NA,NA,NA,NA,NA,NA,NA,NA,NA,NA,NA,NA,NA,NA,NA,NA,NA,NA,NA,NA,NA,NA,NA,NA,NA,NA,NA
ImmortalsOfAveum-Win64-Shipping.exe,NVIDIA GeForce RTX 4060 Ti,12th Gen Intel(R) Core(TM) i7-12700,3840x2160,D3D12,0,20336,0x0000000063F0AD60,0,0,Hardware Composed: Independent Flip,0,4552.555891,17.101,16.500,0.200,2.183,2.241,0.128,NA,2775,9001,62,51,NA,NA,NA,NA,NA,NA,0.580,0.839,0.580,69,100,100,NA,4377,13, 39,41.808, 65,29,0,21,0,15,0,9,0,69,0,81,0,0,0,0,0,13,9,8,8,NA,NA,NA,NA,NA,NA,NA,NA,NA,NA,NA,NA,NA,NA,NA,NA,NA,NA,NA,NA,NA,NA,NA,NA,NA,NA,NA,NA,NA,NA,NA,NA,NA,NA,NA,NA,NA,NA,NA,NA,NA,NA,NA,NA,NA,NA,NA,NA
ImmortalsOfAveum-Win64-Shipping.exe,NVIDIA GeForce RTX 4060 Ti,12th Gen Intel(R) Core(TM) i7-12700,3840x2160,D3D12,0,20336,0x0000000063F0AD60,0,0,Hardware Composed: Independent Flip,0,4552.570880,14.989,15.163,0.134,0.555,2.416,0.037,NA,2775,9001,62,51,NA,NA,NA,NA,NA,NA,0.662,0.958,0.662,69,100,100,NA,4377,13, 39,41.808, 65,29,0,21,0,15,0,9,0,69,0,81,0,0,0,0,0,13,9,8,8,NA,NA,NA,NA,NA,NA,NA,NA,NA,NA,NA,NA,NA,NA,NA,NA,NA,NA,NA,NA,NA,NA,NA,NA,NA,NA,NA,NA,NA,NA,NA,NA,NA,NA,NA,NA,NA,NA,NA,NA,NA,NA,NA,NA,NA,NA,NA,NA
ImmortalsOfAveum-Win64-Shipping.exe,NVIDIA GeForce RTX 4060 Ti,12th Gen Intel(R) Core(TM) i7-12700,3840x2160,D3D12,0,20336,0x0000000063F0AD60,0,0,Hardware Composed: Independent Flip,0,4552.587811,16.931,16.673,0.179,1.774,2.158,0.105,NA,2775,9001,62,51,NA,NA,NA,NA,NA,NA,0.587,0.849,0.587,69,100,100,NA,4373,14, 39,41.808, 65,29,1,21,1,15,1,13,1,71,1,79,1,1,1,1,1,16,12,11,11,NA,NA,NA,NA,NA,NA,NA,NA,NA,NA,NA,NA,NA,NA,NA,NA,NA,NA,NA,NA,NA,NA,NA,NA,NA,NA,NA,NA,NA,NA,NA,NA,NA,NA,NA,NA,NA,NA,NA,NA,NA,NA,NA,NA,NA,NA,NA,NA
ImmortalsOfAveum-Win64-Shipping.exe,NVIDIA GeForce RTX 4060 Ti,12th Gen Intel(R) Core(TM) i7-12700,3840x2160,D3D12,0,20336,0x0000000063F0AD60,0,0,Hardware Composed: Independent Flip,0,4552.604987,17.176,17.887,0.183,0.351,2.870,0.020,NA,2775,9001,62,51,NA,NA,NA,NA,NA,NA,0.579,0.837,0.579,69,100,100,NA,4373,14, 39,41.808, 65,29,1,21,1,15,1,13,1,71,1,79,1,1,1,1,1,16,12,11,11,NA,NA,NA,NA,NA,NA,NA,NA,NA,NA,NA,NA,NA,NA,NA,NA,NA,NA,NA,NA,NA,NA,NA,NA,NA,NA,NA,NA,NA,NA,NA,NA,NA,NA,NA,NA,NA,NA,NA,NA,NA,NA,NA,NA,NA,NA,NA,NA
ImmortalsOfAveum-Win64-Shipping.exe,NVIDIA GeForce RTX 4060 Ti,12th Gen Intel(R) Core(TM) i7-12700,3840x2160,D3D12,0,20336,0x0000000063F0AD60,0,0,Hardware Composed: Independent Flip,0,4552.621915,16.928,16.183,0.240,2.066,2.125,0.122,NA,2775,9001,62,51,NA,NA,NA,NA,NA,NA,0.587,0.849,0.587,69,100,100,NA,4373,14, 39,41.808, 65,29,1,21,1,15,1,13,1,71,1,79,1,1,1,1,1,16,12,11,11,NA,NA,NA,NA,NA,NA,NA,NA,NA,NA,NA,NA,NA,NA,NA,NA,NA,NA,NA,NA,NA,NA,NA,NA,NA,NA,NA,NA,NA,NA,NA,NA,NA,NA,NA,NA,NA,NA,NA,NA,NA,NA,NA,NA,NA,NA,NA,NA
ImmortalsOfAveum-Win64-Shipping.exe,NVIDIA GeForce RTX 4060 Ti,12th Gen Intel(R) Core(TM) i7-12700,3840x2160,D3D12,0,20336,0x0000000063F0AD60,0,0,Hardware Composed: Independent Flip,0,4552.640443,18.529,18.668,0.172,0.357,2.265,0.019,NA,2775,9001,62,51,NA,NA,NA,NA,NA,NA,0.537,0.776,0.537,69,100,100,NA,4373,14, 39,42.240, 65,29,1,21,1,15,1,13,1,71,1,79,1,1,1,1,1,16,12,11,11,NA,NA,NA,NA,NA,NA,NA,NA,NA,NA,NA,NA,NA,NA,NA,NA,NA,NA,NA,NA,NA,NA,NA,NA,NA,NA,NA,NA,NA,NA,NA,NA,NA,NA,NA,NA,NA,NA,NA,NA,NA,NA,NA,NA,NA,NA,NA,NA
ImmortalsOfAveum-Win64-Shipping.exe,NVIDIA GeForce RTX 4060 Ti,12th Gen Intel(R) Core(TM) i7-12700,3840x2160,D3D12,0,20336,0x0000000063F0AD60,0,0,Hardware Composed: Independent Flip,0,4552.658068,17.625,17.104,0.225,1.684,1.744,0.096,NA,2775,9001,62,51,NA,NA,NA,NA,NA,NA,0.564,0.816,0.564,69,100,100,NA,4373,14, 39,42.240, 65,29,1,21,1,15,1,13,1,71,1,79,1,1,1,1,1,16,12,11,11,NA,NA,NA,NA,NA,NA,NA,NA,NA,NA,NA,NA,NA,NA,NA,NA,NA,NA,NA,NA,NA,NA,NA,NA,NA,NA,NA,NA,NA,NA,NA,NA,NA,NA,NA,NA,NA,NA,NA,NA,NA,NA,NA,NA,NA,NA,NA,NA
ImmortalsOfAveum-Win64-Shipping.exe,NVIDIA GeForce RTX 4060 Ti,12th Gen Intel(R) Core(TM) i7-12700,3840x2160,D3D12,0,20336,0x0000000063F0AD60,0,0,Hardware Composed: Independent Flip,0,4552.671508,13.440,12.897,0.147,0.549,1.202,0.041,NA,2775,9001,62,51,NA,NA,NA,NA,NA,NA,0.740,1.070,0.740,69,100,100,NA,4373,14, 39,42.240, 65,29,1,21,1,15,1,13,1,71,1,79,1,1,1,1,1,16,12,11,11,NA,NA,NA,NA,NA,NA,NA,NA,NA,NA,NA,NA,NA,NA,NA,NA,NA,NA,NA,NA,NA,NA,NA,NA,NA,NA,NA,NA,NA,NA,NA,NA,NA,NA,NA,NA,NA,NA,NA,NA,NA,NA,NA,NA,NA,NA,NA,NA
ImmortalsOfAveum-Win64-Shipping.exe,NVIDIA GeForce RTX 4060 Ti,12th Gen Intel(R) Core(TM) i7-12700,3840x2160,D3D12,0,20336,0x0000000063F0AD60,0,0,Hardware Composed: Independent Flip,0,4552.688304,16.796,17.770,0.246,2.160,2.176,0.129,NA,2775,9001,62,51,NA,NA,NA,NA,NA,NA,0.592,0.856,0.592,69,100,100,NA,4373,14, 39,42.240, 65,29,1,21,1,15,1,13,1,71,1,79,1,1,1,1,1,16,12,11,11,NA,NA,NA,NA,NA,NA,NA,NA,NA,NA,NA,NA,NA,NA,NA,NA,NA,NA,NA,NA,NA,NA,NA,NA,NA,NA,NA,NA,NA,NA,NA,NA,NA,NA,NA,NA,NA,NA,NA,NA,NA,NA,NA,NA,NA,NA,NA,NA
ImmortalsOfAveum-Win64-Shipping.exe,NVIDIA GeForce RTX 4060 Ti,12th Gen Intel(R) Core(TM) i7-12700,3840x2160,D3D12,0,20336,0x0000000063F0AD60,0,0,Hardware Composed: Independent Flip,0,4552.705882,17.578,18.495,0.185,0.342,3.092,0.019,NA,2775,9001,62,51,NA,NA,NA,NA,NA,NA,0.566,0.818,0.566,69,100,100,NA,4373,14, 39,42.240, 65,29,1,21,1,15,1,13,1,71,1,79,1,1,1,1,1,16,12,11,11,NA,NA,NA,NA,NA,NA,NA,NA,NA,NA,NA,NA,NA,NA,NA,NA,NA,NA,NA,NA,NA,NA,NA,NA,NA,NA,NA,NA,NA,NA,NA,NA,NA,NA,NA,NA,NA,NA,NA,NA,NA,NA,NA,NA,NA,NA,NA,NA
ImmortalsOfAveum-Win64-Shipping.exe,NVIDIA GeForce RTX 4060 Ti,12th Gen Intel(R) Core(TM) i7-12700,3840x2160,D3D12,0,20336,0x0000000063F0AD60,0,0,Hardware Composed: Independent Flip,0,4552.722429,16.546,15.264,0.233,1.797,1.810,0.109,NA,2775,9001,62,51,NA,NA,NA,NA,NA,NA,0.601,0.869,0.601,69,100,100,NA,4373,14, 39,42.240, 65,29,1,21,1,15,1,13,1,71,1,79,1,1,1,1,1,16,12,11,11,NA,NA,NA,NA,NA,NA,NA,NA,NA,NA,NA,NA,NA,NA,NA,NA,NA,NA,NA,NA,NA,NA,NA,NA,NA,NA,NA,NA,NA,NA,NA,NA,NA,NA,NA,NA,NA,NA,NA,NA,NA,NA,NA,NA,NA,NA,NA,NA
ImmortalsOfAveum-Win64-Shipping.exe,NVIDIA GeForce RTX 4060 Ti,12th Gen Intel(R) Core(TM) i7-12700,3840x2160,D3D12,0,20336,0x0000000063F0AD60,0,0,Hardware Composed: Independent Flip,0,4552.738564,16.136,17.054,0.155,0.352,2.728,0.022,NA,2775,9001,62,51,NA,NA,NA,NA,NA,NA,0.616,0.891,0.616,69,100,100,NA,4373,14, 39,42.240, 65,29,1,21,1,15,1,13,1,71,1,79,1,1,1,1,1,16,12,11,11,NA,NA,NA,NA,NA,NA,NA,NA,NA,NA,NA,NA,NA,NA,NA,NA,NA,NA,NA,NA,NA,NA,NA,NA,NA,NA,NA,NA,NA,NA,NA,NA,NA,NA,NA,NA,NA,NA,NA,NA,NA,NA,NA,NA,NA,NA,NA,NA
ImmortalsOfAveum-Win64-Shipping.exe,NVIDIA GeForce RTX 4060 Ti,12th Gen Intel(R) Core(TM) i7-12700,3840x2160,D3D12,0,20336,0x0000000063F0AD60,0,0,Hardware Composed: Independent Flip,0,4552.755568,17.004,16.100,0.249,1.811,1.824,0.106,NA,2775,9001,62,51,NA,NA,NA,NA,NA,NA,0.585,0.846,0.585,69,100,100,NA,4373,14, 39,42.240, 65,29,1,21,1,15,1,13,1,71,1,79,1,1,1,1,1,16,12,11,11,NA,NA,NA,NA,NA,NA,NA,NA,NA,NA,NA,NA,NA,NA,NA,NA,NA,NA,NA,NA,NA,NA,NA,NA,NA,NA,NA,NA,NA,NA,NA,NA,NA,NA,NA,NA,NA,NA,NA,NA,NA,NA,NA,NA,NA,NA,NA,NA
ImmortalsOfAveum-Win64-Shipping.exe,NVIDIA GeForce RTX 4060 Ti,12th Gen Intel(R) Core(TM) i7-12700,3840x2160,D3D12,0,20336,0x0000000063F0AD60,0,0,Hardware Composed: Independent Flip,0,4552.771096,15.528,15.730,0.149,0.552,2.026,0.036,NA,2775,9001,62,51,NA,NA,NA,NA,NA,NA,0.640,0.926,0.640,69,100,100,NA,4373,14, 39,42.240, 65,29,1,21,1,15,1,13,1,71,1,79,1,1,1,1,1,16,12,11,11,NA,NA,NA,NA,NA,NA,NA,NA,NA,NA,NA,NA,NA,NA,NA,NA,NA,NA,NA,NA,NA,NA,NA,NA,NA,NA,NA,NA,NA,NA,NA,NA,NA,NA,NA,NA,NA,NA,NA,NA,NA,NA,NA,NA,NA,NA,NA,NA
ImmortalsOfAveum-Win64-Shipping.exe,NVIDIA GeForce RTX 4060 Ti,12th Gen Intel(R) Core(TM) i7-12700,3840x2160,D3D12,0,20336,0x0000000063F0AD60,0,0,Hardware Composed: Independent Flip,0,4552.787696,16.600,16.906,0.254,2.318,2.332,0.140,NA,2775,9001,62,51,NA,NA,NA,NA,NA,NA,0.599,0.866,0.599,69,100,100,NA,4373,14, 39,42.240, 65,29,1,21,1,15,1,13,1,71,1,79,1,1,1,1,1,16,12,11,11,NA,NA,NA,NA,NA,NA,NA,NA,NA,NA,NA,NA,NA,NA,NA,NA,NA,NA,NA,NA,NA,NA,NA,NA,NA,NA,NA,NA,NA,NA,NA,NA,NA,NA,NA,NA,NA,NA,NA,NA,NA,NA,NA,NA,NA,NA,NA,NA
ImmortalsOfAveum-Win64-Shipping.exe,NVIDIA GeForce RTX 4060 Ti,12th Gen Intel(R) Core(TM) i7-12700,3840x2160,D3D12,0,20336,0x0000000063F0AD60,0,0,Hardware Composed: Independent Flip,0,4552.805398,17.702,17.374,0.158,0.354,2.004,0.020,NA,2775,9001,62,51,NA,NA,NA,NA,NA,NA,0.562,0.812,0.562,69,100,100,NA,4373,14, 39,42.240, 65,29,1,21,1,15,1,13,1,71,1,79,1,1,1,1,1,16,12,11,11,NA,NA,NA,NA,NA,NA,NA,NA,NA,NA,NA,NA,NA,NA,NA,NA,NA,NA,NA,NA,NA,NA,NA,NA,NA,NA,NA,NA,NA,NA,NA,NA,NA,NA,NA,NA,NA,NA,NA,NA,NA,NA,NA,NA,NA,NA,NA,NA
ImmortalsOfAveum-Win64-Shipping.exe,NVIDIA GeForce RTX 4060 Ti,12th Gen Intel(R) Core(TM) i7-12700,3840x2160,D3D12,0,20336,0x0000000063F0AD60,0,0,Hardware Composed: Independent Flip,0,4552.822466,17.067,16.812,0.208,1.735,1.749,0.102,NA,2775,9001,62,51,NA,NA,NA,NA,NA,NA,0.582,0.842,0.582,69,100,100,NA,4373,14, 39,42.240, 65,29,1,21,1,15,1,13,1,71,1,79,1,1,1,1,1,16,12,11,11,NA,NA,NA,NA,NA,NA,NA,NA,NA,NA,NA,NA,NA,NA,NA,NA,NA,NA,NA,NA,NA,NA,NA,NA,NA,NA,NA,NA,NA,NA,NA,NA,NA,NA,NA,NA,NA,NA,NA,NA,NA,NA,NA,NA,NA,NA,NA,NA
ImmortalsOfAveum-Win64-Shipping.exe,NVIDIA GeForce RTX 4060 Ti,12th Gen Intel(R) Core(TM) i7-12700,3840x2160,D3D12,0,20336,0x0000000063F0AD60,0,0,Hardware Composed: Independent Flip,0,4552.838601,16.136,16.147,0.149,0.353,1.760,0.022,NA,2775,9001,62,51,NA,NA,NA,NA,NA,NA,0.616,0.891,0.616,69,100,100,NA,4373,14, 39,41.503, 65,29,1,21,1,15,1,13,1,71,1,79,1,1,1,1,1,16,12,11,11,NA,NA,NA,NA,NA,NA,NA,NA,NA,NA,NA,NA,NA,NA,NA,NA,NA,NA,NA,NA,NA,NA,NA,NA,NA,NA,NA,NA,NA,NA,NA,NA,NA,NA,NA,NA,NA,NA,NA,NA,NA,NA,NA,NA,NA,NA,NA,NA
ImmortalsOfAveum-Win64-Shipping.exe,NVIDIA GeForce RTX 4060 Ti,12th Gen Intel(R) Core(TM) i7-12700,3840x2160,D3D12,0,20336,0x0000000063F0AD60,0,0,Hardware Composed: Independent Flip,0,4552.855715,17.113,17.618,0.214,2.206,2.265,0.129,NA,2775,9001,62,51,NA,NA,NA,NA,NA,NA,0.581,0.840,0.581,69,100,100,NA,4373,14, 39,41.503, 65,29,1,21,1,15,1,13,1,71,1,79,1,1,1,1,1,16,12,11,11,NA,NA,NA,NA,NA,NA,NA,NA,NA,NA,NA,NA,NA,NA,NA,NA,NA,NA,NA,NA,NA,NA,NA,NA,NA,NA,NA,NA,NA,NA,NA,NA,NA,NA,NA,NA,NA,NA,NA,NA,NA,NA,NA,NA,NA,NA,NA,NA
ImmortalsOfAveum-Win64-Shipping.exe,NVIDIA GeForce RTX 4060 Ti,12th Gen Intel(R) Core(TM) i7-12700,3840x2160,D3D12,0,20336,0x0000000063F0AD60,0,0,Hardware Composed: Independent Flip,0,4552.871122,15.407,15.327,0.131,0.457,2.185,0.030,NA,2775,9001,62,51,NA,NA,NA,NA,NA,NA,0.645,0.933,0.645,69,100,100,NA,4373,14, 39,41.503, 65,29,1,21,1,15,1,13,1,71,1,79,1,1,1,1,1,16,12,11,11,NA,NA,NA,NA,NA,NA,NA,NA,NA,NA,NA,NA,NA,NA,NA,NA,NA,NA,NA,NA,NA,NA,NA,NA,NA,NA,NA,NA,NA,NA,NA,NA,NA,NA,NA,NA,NA,NA,NA,NA,NA,NA,NA,NA,NA,NA,NA,NA
ImmortalsOfAveum-Win64-Shipping.exe,NVIDIA GeForce RTX 4060 Ti,12th Gen Intel(R) Core(TM) i7-12700,3840x2160,D3D12,0,20336,0x0000000063F0AD60,0,0,Hardware Composed: Independent Flip,0,4552.887711,16.589,16.693,0.174,1.702,2.289,0.103,NA,2775,9001,62,51,NA,NA,NA,NA,NA,NA,0.599,0.867,0.599,69,100,100,NA,4373,14, 39,41.503, 65,29,1,21,1,15,1,13,1,71,1,79,1,1,1,1,1,16,12,11,11,NA,NA,NA,NA,NA,NA,NA,NA,NA,NA,NA,NA,NA,NA,NA,NA,NA,NA,NA,NA,NA,NA,NA,NA,NA,NA,NA,NA,NA,NA,NA,NA,NA,NA,NA,NA,NA,NA,NA,NA,NA,NA,NA,NA,NA,NA,NA,NA
ImmortalsOfAveum-Win64-Shipping.exe,NVIDIA GeForce RTX 4060 Ti,12th Gen Intel(R) Core(TM) i7-12700,3840x2160,D3D12,0,20336,0x0000000063F0AD60,0,0,Hardware Composed: Independent Flip,0,4552.905820,18.109,19.042,0.164,0.354,3.221,0.020,NA,2775,9001,62,51,NA,NA,NA,NA,NA,NA,0.549,0.794,0.549,69,100,100,NA,4373,14, 39,41.503, 65,29,1,21,1,15,1,13,1,71,1,79,1,1,1,1,1,16,12,11,11,NA,NA,NA,NA,NA,NA,NA,NA,NA,NA,NA,NA,NA,NA,NA,NA,NA,NA,NA,NA,NA,NA,NA,NA,NA,NA,NA,NA,NA,NA,NA,NA,NA,NA,NA,NA,NA,NA,NA,NA,NA,NA,NA,NA,NA,NA,NA,NA
ImmortalsOfAveum-Win64-Shipping.exe,NVIDIA GeForce RTX 4060 Ti,12th Gen Intel(R) Core(TM) i7-12700,3840x2160,D3D12,0,20336,0x0000000063F0AD60,0,0,Hardware Composed: Independent Flip,0,4552.922771,16.951,15.252,0.206,1.502,1.523,0.089,NA,2775,9001,62,51,NA,NA,NA,NA,NA,NA,0.586,0.848,0.586,69,100,100,NA,4373,14, 39,41.503, 65,29,1,21,1,15,1,13,1,71,1,79,1,1,1,1,1,16,12,11,11,NA,NA,NA,NA,NA,NA,NA,NA,NA,NA,NA,NA,NA,NA,NA,NA,NA,NA,NA,NA,NA,NA,NA,NA,NA,NA,NA,NA,NA,NA,NA,NA,NA,NA,NA,NA,NA,NA,NA,NA,NA,NA,NA,NA,NA,NA,NA,NA
ImmortalsOfAveum-Win64-Shipping.exe,NVIDIA GeForce RTX 4060 Ti,12th Gen Intel(R) Core(TM) i7-12700,3840x2160,D3D12,0,20336,0x0000000063F0AD60,0,0,Hardware Composed: Independent Flip,0,4552.938149,15.378,16.252,0.158,0.717,2.396,0.047,NA,2775,9001,62,51,NA,NA,NA,NA,NA,NA,0.646,0.935,0.646,69,100,100,NA,4373,14, 39,41.503, 65,29,1,21,1,15,1,13,1,71,1,79,1,1,1,1,1,16,12,11,11,NA,NA,NA,NA,NA,NA,NA,NA,NA,NA,NA,NA,NA,NA,NA,NA,NA,NA,NA,NA,NA,NA,NA,NA,NA,NA,NA,NA,NA,NA,NA,NA,NA,NA,NA,NA,NA,NA,NA,NA,NA,NA,NA,NA,NA,NA,NA,NA
ImmortalsOfAveum-Win64-Shipping.exe,NVIDIA GeForce RTX 4060 Ti,12th Gen Intel(R) Core(TM) i7-12700,3840x2160,D3D12,0,20336,0x0000000063F0AD60,0,0,Hardware Composed: Independent Flip,0,4552.955019,16.869,17.030,0.232,2.541,2.557,0.151,NA,2775,9001,62,51,NA,NA,NA,NA,NA,NA,0.589,0.852,0.589,69,100,100,NA,4373,14, 39,41.503, 65,29,1,21,1,15,1,13,1,71,1,79,1,1,1,1,1,16,12,11,11,NA,NA,NA,NA,NA,NA,NA,NA,NA,NA,NA,NA,NA,NA,NA,NA,NA,NA,NA,NA,NA,NA,NA,NA,NA,NA,NA,NA,NA,NA,NA,NA,NA,NA,NA,NA,NA,NA,NA,NA,NA,NA,NA,NA,NA,NA,NA,NA
ImmortalsOfAveum-Win64-Shipping.exe,NVIDIA GeForce RTX 4060 Ti,12th Gen Intel(R) Core(TM) i7-12700,3840x2160,D3D12,0,20336,0x0000000063F0AD60,0,0,Hardware Composed: Independent Flip,0,4552.971667,16.648,15.673,0.170,0.426,1.581,0.026,NA,2775,9001,62,51,NA,NA,NA,NA,NA,NA,0.597,0.864,0.597,69,100,100,NA,4373,14, 39,41.503, 65,29,1,21,1,15,1,13,1,71,1,79,1,1,1,1,1,16,12,11,11,NA,NA,NA,NA,NA,NA,NA,NA,NA,NA,NA,NA,NA,NA,NA,NA,NA,NA,NA,NA,NA,NA,NA,NA,NA,NA,NA,NA,NA,NA,NA,NA,NA,NA,NA,NA,NA,NA,NA,NA,NA,NA,NA,NA,NA,NA,NA,NA
ImmortalsOfAveum-Win64-Shipping.exe,NVIDIA GeForce RTX 4060 Ti,12th Gen Intel(R) Core(TM) i7-12700,3840x2160,D3D12,0,20336,0x0000000063F0AD60,0,0,Hardware Composed: Independent Flip,0,4552.988247,16.580,17.248,0.186,2.190,2.249,0.132,NA,2775,9001,62,51,NA,NA,NA,NA,NA,NA,0.600,0.867,0.600,69,100,100,NA,4373,14, 39,41.503, 65,29,1,21,1,15,1,13,1,71,1,79,1,1,1,1,1,16,12,11,11,NA,NA,NA,NA,NA,NA,NA,NA,NA,NA,NA,NA,NA,NA,NA,NA,NA,NA,NA,NA,NA,NA,NA,NA,NA,NA,NA,NA,NA,NA,NA,NA,NA,NA,NA,NA,NA,NA,NA,NA,NA,NA,NA,NA,NA,NA,NA,NA
ImmortalsOfAveum-Win64-Shipping.exe,NVIDIA GeForce RTX 4060 Ti,12th Gen Intel(R) Core(TM) i7-12700,3840x2160,D3D12,0,20336,0x0000000063F0AD60,0,0,Hardware Composed: Independent Flip,0,4553.004274,16.027,16.134,0.167,0.519,2.356,0.032,NA,2775,9001,62,51,NA,NA,NA,NA,NA,NA,0.620,0.897,0.620,69,100,100,NA,4373,14, 39,41.503, 65,29,1,21,1,15,1,13,1,71,1,79,1,1,1,1,1,16,12,11,11,NA,NA,NA,NA,NA,NA,NA,NA,NA,NA,NA,NA,NA,NA,NA,NA,NA,NA,NA,NA,NA,NA,NA,NA,NA,NA,NA,NA,NA,NA,NA,NA,NA,NA,NA,NA,NA,NA,NA,NA,NA,NA,NA,NA,NA,NA,NA,NA
ImmortalsOfAveum-Win64-Shipping.exe,NVIDIA GeForce RTX 4060 Ti,12th Gen Intel(R) Core(TM) i7-12700,3840x2160,D3D12,0,20336,0x0000000063F0AD60,0,0,Hardware Composed: Independent Flip,0,4553.020920,16.646,16.749,0.189,2.446,2.459,0.147,NA,2775,9001,62,51,NA,NA,NA,NA,NA,NA,0.597,0.864,0.597,69,100,100,NA,4373,14, 39,41.503, 65,29,1,21,1,15,1,13,1,71,1,79,1,1,1,1,1,16,12,11,11,NA,NA,NA,NA,NA,NA,NA,NA,NA,NA,NA,NA,NA,NA,NA,NA,NA,NA,NA,NA,NA,NA,NA,NA,NA,NA,NA,NA,NA,NA,NA,NA,NA,NA,NA,NA,NA,NA,NA,NA,NA,NA,NA,NA,NA,NA,NA,NA
ImmortalsOfAveum-Win64-Shipping.exe,NVIDIA GeForce RTX 4060 Ti,12th Gen Intel(R) Core(TM) i7-12700,3840x2160,D3D12,0,20336,0x0000000063F0AD60,0,0,Hardware Composed: Independent Flip,0,4553.038671,17.750,18.028,0.183,0.356,2.737,0.020,NA,2775,9001,62,51,NA,NA,NA,NA,NA,NA,0.560,0.810,0.560,69,100,100,NA,4373,14, 41,41.652, 65,29,1,21,1,15,1,13,1,71,1,79,1,1,1,1,1,16,12,11,11,NA,NA,NA,NA,NA,NA,NA,NA,NA,NA,NA,NA,NA,NA,NA,NA,NA,NA,NA,NA,NA,NA,NA,NA,NA,NA,NA,NA,NA,NA,NA,NA,NA,NA,NA,NA,NA,NA,NA,NA,NA,NA,NA,NA,NA,NA,NA,NA
ImmortalsOfAveum-Win64-Shipping.exe,NVIDIA GeForce RTX 4060 Ti,12th Gen Intel(R) Core(TM) i7-12700,3840x2160,D3D12,0,20336,0x0000000063F0AD60,0,0,Hardware Composed: Independent Flip,0,4553.055624,16.953,16.013,0.222,1.783,1.797,0.105,NA,2775,9001,62,51,NA,NA,NA,NA,NA,NA,0.586,0.848,0.586,69,100,100,NA,4373,14, 41,41.652, 65,29,1,21,1,15,1,13,1,71,1,79,1,1,1,1,1,16,12,11,11,NA,NA,NA,NA,NA,NA,NA,NA,NA,NA,NA,NA,NA,NA,NA,NA,NA,NA,NA,NA,NA,NA,NA,NA,NA,NA,NA,NA,NA,NA,NA,NA,NA,NA,NA,NA,NA,NA,NA,NA,NA,NA,NA,NA,NA,NA,NA,NA
ImmortalsOfAveum-Win64-Shipping.exe,NVIDIA GeForce RTX 4060 Ti,12th Gen Intel(R) Core(TM) i7-12700,3840x2160,D3D12,0,20336,0x0000000063F0AD60,0,0,Hardware Composed: Independent Flip,0,4553.071859,16.236,16.532,0.200,0.361,2.093,0.022,NA,2775,9001,62,51,NA,NA,NA,NA,NA,NA,0.612,0.886,0.612,69,100,100,NA,4373,14, 41,41.652, 65,29,1,21,1,15,1,13,1,71,1,79,1,1,1,1,1,16,12,11,11,NA,NA,NA,NA,NA,NA,NA,NA,NA,NA,NA,NA,NA,NA,NA,NA,NA,NA,NA,NA,NA,NA,NA,NA,NA,NA,NA,NA,NA,NA,NA,NA,NA,NA,NA,NA,NA,NA,NA,NA,NA,NA,NA,NA,NA,NA,NA,NA
ImmortalsOfAveum-Win64-Shipping.exe,NVIDIA GeForce RTX 4060 Ti,12th Gen Intel(R) Core(TM) i7-12700,3840x2160,D3D12,0,20336,0x0000000063F0AD60,0,0,Hardware Composed: Independent Flip,0,4553.089036,17.177,17.075,0.243,1.931,1.992,0.112,NA,2775,9001,62,51,NA,NA,NA,NA,NA,NA,0.579,0.837,0.579,69,100,100,NA,4373,14, 41,41.652, 65,29,1,21,1,15,1,13,1,71,1,79,1,1,1,1,1,16,12,11,11,NA,NA,NA,NA,NA,NA,NA,NA,NA,NA,NA,NA,NA,NA,NA,NA,NA,NA,NA,NA,NA,NA,NA,NA,NA,NA,NA,NA,NA,NA,NA,NA,NA,NA,NA,NA,NA,NA,NA,NA,NA,NA,NA,NA,NA,NA,NA,NA
ImmortalsOfAveum-Win64-Shipping.exe,NVIDIA GeForce RTX 4060 Ti,12th Gen Intel(R) Core(TM) i7-12700,3840x2160,D3D12,0,20336,0x0000000063F0AD60,0,0,Hardware Composed: Independent Flip,0,4553.105089,16.052,15.961,0.156,0.441,1.900,0.027,NA,2775,9001,62,51,NA,NA,NA,NA,NA,NA,0.620,0.896,0.620,69,100,100,NA,4361,13, 41,41.652, 65,25,0,18,0,14,0,8,0,70,0,80,0,1,0,0,0,14,10,9,8,NA,NA,NA,NA,NA,NA,NA,NA,NA,NA,NA,NA,NA,NA,NA,NA,NA,NA,NA,NA,NA,NA,NA,NA,NA,NA,NA,NA,NA,NA,NA,NA,NA,NA,NA,NA,NA,NA,NA,NA,NA,NA,NA,NA,NA,NA,NA,NA
ImmortalsOfAveum-Win64-Shipping.exe,NVIDIA GeForce RTX 4060 Ti,12th Gen Intel(R) Core(TM) i7-12700,3840x2160,D3D12,0,20336,0x0000000063F0AD60,0,0,Hardware Composed: Independent Flip,0,4553.121841,16.752,16.550,0.189,1.638,1.697,0.098,NA,2775,9001,62,51,NA,NA,NA,NA,NA,NA,0.594,0.859,0.594,69,100,100,NA,4361,13, 41,41.652, 65,25,0,18,0,14,0,8,0,70,0,80,0,1,0,0,0,14,10,9,8,NA,NA,NA,NA,NA,NA,NA,NA,NA,NA,NA,NA,NA,NA,NA,NA,NA,NA,NA,NA,NA,NA,NA,NA,NA,NA,NA,NA,NA,NA,NA,NA,NA,NA,NA,NA,NA,NA,NA,NA,NA,NA,NA,NA,NA,NA,NA,NA
ImmortalsOfAveum-Win64-Shipping.exe,NVIDIA GeForce RTX 4060 Ti,12th Gen Intel(R) Core(TM) i7-12700,3840x2160,D3D12,0,20336,0x0000000063F0AD60,0,0,Hardware Composed: Independent Flip,0,4553.138922,17.081,17.756,0.156,0.359,2.372,0.021,NA,2775,9001,62,51,NA,NA,NA,NA,NA,NA,0.583,0.842,0.583,69,100,100,NA,4361,13, 41,41.652, 65,25,0,18,0,14,0,8,0,70,0,80,0,1,0,0,0,14,10,9,8,NA,NA,NA,NA,NA,NA,NA,NA,NA,NA,NA,NA,NA,NA,NA,NA,NA,NA,NA,NA,NA,NA,NA,NA,NA,NA,NA,NA,NA,NA,NA,NA,NA,NA,NA,NA,NA,NA,NA,NA,NA,NA,NA,NA,NA,NA,NA,NA
ImmortalsOfAveum-Win64-Shipping.exe,NVIDIA GeForce RTX 4060 Ti,12th Gen Intel(R) Core(TM) i7-12700,3840x2160,D3D12,0,20336,0x0000000063F0AD60,0,0,Hardware Composed: Independent Flip,0,4553.155816,16.894,16.131,0.222,1.596,1.609,0.094,NA,2775,9001,62,51,NA,NA,NA,NA,NA,NA,0.589,0.852,0.589,69,100,100,NA,4361,13, 41,41.652, 65,25,0,18,0,14,0,8,0,70,0,80,0,1,0,0,0,14,10,9,8,NA,NA,NA,NA,NA,NA,NA,NA,NA,NA,NA,NA,NA,NA,NA,NA,NA,NA,NA,NA,NA,NA,NA,NA,NA,NA,NA,NA,NA,NA,NA,NA,NA,NA,NA,NA,NA,NA,NA,NA,NA,NA,NA,NA,NA,NA,NA,NA
ImmortalsOfAveum-Win64-Shipping.exe,NVIDIA GeForce RTX 4060 Ti,12th Gen Intel(R) Core(TM) i7-12700,3840x2160,D3D12,0,20336,0x0000000063F0AD60,0,0,Hardware Composed: Independent Flip,0,4553.171405,15.589,15.838,0.171,0.464,1.858,0.030,NA,2775,9001,62,51,NA,NA,NA,NA,NA,NA,0.638,0.923,0.638,69,100,100,NA,4361,13, 41,41.652, 65,25,0,18,0,14,0,8,0,70,0,80,0,1,0,0,0,14,10,9,8,NA,NA,NA,NA,NA,NA,NA,NA,NA,NA,NA,NA,NA,NA,NA,NA,NA,NA,NA,NA,NA,NA,NA,NA,NA,NA,NA,NA,NA,NA,NA,NA,NA,NA,NA,NA,NA,NA,NA,NA,NA,NA,NA,NA,NA,NA,NA,NA
ImmortalsOfAveum-Win64-Shipping.exe,NVIDIA GeForce RTX 4060 Ti,12th Gen Intel(R) Core(TM) i7-12700,3840x2160,D3D12,0,20336,0x0000000063F0AD60,0,0,Hardware Composed: Independent Flip,0,4553.188019,16.614,16.775,0.197,1.612,2.019,0.097,NA,2775,9001,62,51,NA,NA,NA,NA,NA,NA,0.599,0.866,0.599,69,100,100,NA,4361,13, 41,41.652, 65,25,0,18,0,14,0,8,0,70,0,80,0,1,0,0,0,14,10,9,8,NA,NA,NA,NA,NA,NA,NA,NA,NA,NA,NA,NA,NA,NA,NA,NA,NA,NA,NA,NA,NA,NA,NA,NA,NA,NA,NA,NA,NA,NA,NA,NA,NA,NA,NA,NA,NA,NA,NA,NA,NA,NA,NA,NA,NA,NA,NA,NA
ImmortalsOfAveum-Win64-Shipping.exe,NVIDIA GeForce RTX 4060 Ti,12th Gen Intel(R) Core(TM) i7-12700,3840x2160,D3D12,0,20336,0x0000000063F0AD60,0,0,Hardware Composed: Independent Flip,0,4553.206180,18.161,18.013,0.170,0.353,1.871,0.019,NA,2775,9001,62,51,NA,NA,NA,NA,NA,NA,0.548,0.792,0.548,69,100,100,NA,4361,13, 41,41.652, 65,25,0,18,0,14,0,8,0,70,0,80,0,1,0,0,0,14,10,9,8,NA,NA,NA,NA,NA,NA,NA,NA,NA,NA,NA,NA,NA,NA,NA,NA,NA,NA,NA,NA,NA,NA,NA,NA,NA,NA,NA,NA,NA,NA,NA,NA,NA,NA,NA,NA,NA,NA,NA,NA,NA,NA,NA,NA,NA,NA,NA,NA
ImmortalsOfAveum-Win64-Shipping.exe,NVIDIA GeForce RTX 4060 Ti,12th Gen Intel(R) Core(TM) i7-12700,3840x2160,D3D12,0,20336,0x0000000063F0AD60,0,0,Hardware Composed: Independent Flip,0,4553.223235,17.054,17.496,0.216,2.299,2.313,0.135,NA,2775,9001,62,51,NA,NA,NA,NA,NA,NA,0.584,0.844,0.584,69,100,100,NA,4361,13, 41,41.652, 65,25,0,18,0,14,0,8,0,70,0,80,0,1,0,0,0,14,10,9,8,NA,NA,NA,NA,NA,NA,NA,NA,NA,NA,NA,NA,NA,NA,NA,NA,NA,NA,NA,NA,NA,NA,NA,NA,NA,NA,NA,NA,NA,NA,NA,NA,NA,NA,NA,NA,NA,NA,NA,NA,NA,NA,NA,NA,NA,NA,NA,NA
ImmortalsOfAveum-Win64-Shipping.exe,NVIDIA GeForce RTX 4060 Ti,12th Gen Intel(R) Core(TM) i7-12700,3840x2160,D3D12,0,20336,0x0000000063F0AD60,0,0,Hardware Composed: Independent Flip,0,4553.238224,14.990,14.107,0.161,0.538,1.430,0.036,NA,2775,9001,62,51,NA,NA,NA,NA,NA,NA,0.664,0.960,0.664,69,100,100,NA,4361,13, 41,42.747, 65,25,0,18,0,14,0,8,0,70,0,80,0,1,0,0,0,14,10,9,8,NA,NA,NA,NA,NA,NA,NA,NA,NA,NA,NA,NA,NA,NA,NA,NA,NA,NA,NA,NA,NA,NA,NA,NA,NA,NA,NA,NA,NA,NA,NA,NA,NA,NA,NA,NA,NA,NA,NA,NA,NA,NA,NA,NA,NA,NA,NA,NA
ImmortalsOfAveum-Win64-Shipping.exe,NVIDIA GeForce RTX 4060 Ti,12th Gen Intel(R) Core(TM) i7-12700,3840x2160,D3D12,0,20336,0x0000000063F0AD60,0,0,Hardware Composed: Independent Flip,0,4553.255188,16.964,17.666,0.252,2.117,2.132,0.125,NA,2775,9001,62,51,NA,NA,NA,NA,NA,NA,0.587,0.848,0.587,69,100,100,NA,4361,13, 41,42.747, 65,25,0,18,0,14,0,8,0,70,0,80,0,1,0,0,0,14,10,9,8,NA,NA,NA,NA,NA,NA,NA,NA,NA,NA,NA,NA,NA,NA,NA,NA,NA,NA,NA,NA,NA,NA,NA,NA,NA,NA,NA,NA,NA,NA,NA,NA,NA,NA,NA,NA,NA,NA,NA,NA,NA,NA,NA,NA,NA,NA,NA,NA
ImmortalsOfAveum-Win64-Shipping.exe,NVIDIA GeForce RTX 4060 Ti,12th Gen Intel(R) Core(TM) i7-12700,3840x2160,D3D12,0,20336,0x0000000063F0AD60,0,0,Hardware Composed: Independent Flip,0,4553.271440,16.252,17.156,0.143,0.460,3.036,0.028,NA,2775,9001,62,51,NA,NA,NA,NA,NA,NA,0.612,0.885,0.612,69,100,100,NA,4361,13, 41,42.747, 65,25,0,18,0,14,0,8,0,70,0,80,0,1,0,0,0,14,10,9,8,NA,NA,NA,NA,NA,NA,NA,NA,NA,NA,NA,NA,NA,NA,NA,NA,NA,NA,NA,NA,NA,NA,NA,NA,NA,NA,NA,NA,NA,NA,NA,NA,NA,NA,NA,NA,NA,NA,NA,NA,NA,NA,NA,NA,NA,NA,NA,NA
ImmortalsOfAveum-Win64-Shipping.exe,NVIDIA GeForce RTX 4060 Ti,12th Gen Intel(R) Core(TM) i7-12700,3840x2160,D3D12,0,20336,0x0000000063F0AD60,0,0,Hardware Composed: Independent Flip,0,4553.288021,16.581,15.711,0.186,2.106,2.166,0.127,NA,2775,9001,62,51,NA,NA,NA,NA,NA,NA,0.600,0.868,0.600,69,100,100,NA,4361,13, 41,42.747, 65,25,0,18,0,14,0,8,0,70,0,80,0,1,0,0,0,14,10,9,8,NA,NA,NA,NA,NA,NA,NA,NA,NA,NA,NA,NA,NA,NA,NA,NA,NA,NA,NA,NA,NA,NA,NA,NA,NA,NA,NA,NA,NA,NA,NA,NA,NA,NA,NA,NA,NA,NA,NA,NA,NA,NA,NA,NA,NA,NA,NA,NA
ImmortalsOfAveum-Win64-Shipping.exe,NVIDIA GeForce RTX 4060 Ti,12th Gen Intel(R) Core(TM) i7-12700,3840x2160,D3D12,0,20336,0x0000000063F0AD60,0,0,Hardware Composed: Independent Flip,0,4553.305581,17.559,18.565,0.168,0.350,3.171,0.020,NA,2775,9001,62,51,NA,NA,NA,NA,NA,NA,0.567,0.819,0.567,69,100,100,NA,4361,13, 41,42.747, 65,25,0,18,0,14,0,8,0,70,0,80,0,1,0,0,0,14,10,9,8,NA,NA,NA,NA,NA,NA,NA,NA,NA,NA,NA,NA,NA,NA,NA,NA,NA,NA,NA,NA,NA,NA,NA,NA,NA,NA,NA,NA,NA,NA,NA,NA,NA,NA,NA,NA,NA,NA,NA,NA,NA,NA,NA,NA,NA,NA,NA,NA
ImmortalsOfAveum-Win64-Shipping.exe,NVIDIA GeForce RTX 4060 Ti,12th Gen Intel(R) Core(TM) i7-12700,3840x2160,D3D12,0,20336,0x0000000063F0AD60,0,0,Hardware Composed: Independent Flip,0,4553.322671,17.091,16.170,0.194,2.237,2.251,0.131,NA,2775,9001,62,51,NA,NA,NA,NA,NA,NA,0.582,0.842,0.582,69,100,100,NA,4361,13, 41,42.747, 65,25,0,18,0,14,0,8,0,70,0,80,0,1,0,0,0,14,10,9,8,NA,NA,NA,NA,NA,NA,NA,NA,NA,NA,NA,NA,NA,NA,NA,NA,NA,NA,NA,NA,NA,NA,NA,NA,NA,NA,NA,NA,NA,NA,NA,NA,NA,NA,NA,NA,NA,NA,NA,NA,NA,NA,NA,NA,NA,NA,NA,NA
ImmortalsOfAveum-Win64-Shipping.exe,NVIDIA GeForce RTX 4060 Ti,12th Gen Intel(R) Core(TM) i7-12700,3840x2160,D3D12,0,20336,0x0000000063F0AD60,0,0,Hardware Composed: Independent Flip,0,4553.338795,16.124,15.828,0.140,0.558,1.955,0.035,NA,2775,9001,62,51,NA,NA,NA,NA,NA,NA,0.617,0.892,0.617,69,100,100,NA,4361,13, 41,42.747, 65,25,0,18,0,14,0,8,0,70,0,80,0,1,0,0,0,14,10,9,8,NA,NA,NA,NA,NA,NA,NA,NA,NA,NA,NA,NA,NA,NA,NA,NA,NA,NA,NA,NA,NA,NA,NA,NA,NA,NA,NA,NA,NA,NA,NA,NA,NA,NA,NA,NA,NA,NA,NA,NA,NA,NA,NA,NA,NA,NA,NA,NA
ImmortalsOfAveum-Win64-Shipping.exe,NVIDIA GeForce RTX 4060 Ti,12th Gen Intel(R) Core(TM) i7-12700,3840x2160,D3D12,0,20336,0x0000000063F0AD60,0,0,Hardware Composed: Independent Flip,0,4553.355796,17.001,17.185,0.266,2.126,2.139,0.125,NA,2775,9001,62,51,NA,NA,NA,NA,NA,NA,0.585,0.846,0.585,69,100,100,NA,4361,13, 41,42.747, 65,25,0,18,0,14,0,8,0,70,0,80,0,1,0,0,0,14,10,9,8,NA,NA,NA,NA,NA,NA,NA,NA,NA,NA,NA,NA,NA,NA,NA,NA,NA,NA,NA,NA,NA,NA,NA,NA,NA,NA,NA,NA,NA,NA,NA,NA,NA,NA,NA,NA,NA,NA,NA,NA,NA,NA,NA,NA,NA,NA,NA,NA
ImmortalsOfAveum-Win64-Shipping.exe,NVIDIA GeForce RTX 4060 Ti,12th Gen Intel(R) Core(TM) i7-12700,3840x2160,D3D12,0,20336,0x0000000063F0AD60,0,0,Hardware Composed: Independent Flip,0,4553.372283,16.486,16.244,0.166,0.358,1.897,0.022,NA,2775,9001,62,51,NA,NA,NA,NA,NA,NA,0.604,0.873,0.604,69,100,100,NA,4361,13, 41,42.747, 65,25,0,18,0,14,0,8,0,70,0,80,0,1,0,0,0,14,10,9,8,NA,NA,NA,NA,NA,NA,NA,NA,NA,NA,NA,NA,NA,NA,NA,NA,NA,NA,NA,NA,NA,NA,NA,NA,NA,NA,NA,NA,NA,NA,NA,NA,NA,NA,NA,NA,NA,NA,NA,NA,NA,NA,NA,NA,NA,NA,NA,NA
ImmortalsOfAveum-Win64-Shipping.exe,NVIDIA GeForce RTX 4060 Ti,12th Gen Intel(R) Core(TM) i7-12700,3840x2160,D3D12,0,20336,0x0000000063F0AD60,0,0,Hardware Composed: Independent Flip,0,4553.389211,16.928,16.611,0.241,1.558,1.580,0.092,NA,2775,9001,62,51,NA,NA,NA,NA,NA,NA,0.588,0.850,0.588,69,100,100,NA,4361,13, 41,42.747, 65,25,0,18,0,14,0,8,0,70,0,80,0,1,0,0,0,14,10,9,8,NA,NA,NA,NA,NA,NA,NA,NA,NA,NA,NA,NA,NA,NA,NA,NA,NA,NA,NA,NA,NA,NA,NA,NA,NA,NA,NA,NA,NA,NA,NA,NA,NA,NA,NA,NA,NA,NA,NA,NA,NA,NA,NA,NA,NA,NA,NA,NA
ImmortalsOfAveum-Win64-Shipping.exe,NVIDIA GeForce RTX 4060 Ti,12th Gen Intel(R) Core(TM) i7-12700,3840x2160,D3D12,0,20336,0x0000000063F0AD60,0,0,Hardware Composed: Independent Flip,0,4553.405396,16.185,16.957,0.169,0.349,2.352,0.022,NA,2775,9001,62,51,NA,NA,NA,NA,NA,NA,0.615,0.889,0.615,69,100,100,NA,4361,13, 41,42.747, 65,25,0,18,0,14,0,8,0,70,0,80,0,1,0,0,0,14,10,9,8,NA,NA,NA,NA,NA,NA,NA,NA,NA,NA,NA,NA,NA,NA,NA,NA,NA,NA,NA,NA,NA,NA,NA,NA,NA,NA,NA,NA,NA,NA,NA,NA,NA,NA,NA,NA,NA,NA,NA,NA,NA,NA,NA,NA,NA,NA,NA,NA
ImmortalsOfAveum-Win64-Shipping.exe,NVIDIA GeForce RTX 4060 Ti,12th Gen Intel(R) Core(TM) i7-12700,3840x2160,D3D12,0,20336,0x0000000063F0AD60,0,0,Hardware Composed: Independent Flip,0,4553.422268,16.873,16.416,0.254,1.882,1.895,0.112,NA,2775,9001,62,51,NA,NA,NA,NA,NA,NA,0.590,0.853,0.590,69,100,100,NA,4361,13, 41,42.747, 65,25,0,18,0,14,0,8,0,70,0,80,0,1,0,0,0,14,10,9,8,NA,NA,NA,NA,NA,NA,NA,NA,NA,NA,NA,NA,NA,NA,NA,NA,NA,NA,NA,NA,NA,NA,NA,NA,NA,NA,NA,NA,NA,NA,NA,NA,NA,NA,NA,NA,NA,NA,NA,NA,NA,NA,NA,NA,NA,NA,NA,NA
ImmortalsOfAveum-Win64-Shipping.exe,NVIDIA GeForce RTX 4060 Ti,12th Gen Intel(R) Core(TM) i7-12700,3840x2160,D3D12,0,20336,0x0000000063F0AD60,0,0,Hardware Composed: Independent Flip,0,4553.437870,15.602,16.061,0.148,0.537,2.354,0.034,NA,2775,9001,62,51,NA,NA,NA,NA,NA,NA,0.638,0.922,0.638,69,100,100,NA,4361,13, 39,41.658, 65,25,0,18,0,14,0,8,0,70,0,80,0,1,0,0,0,14,10,9,8,NA,NA,NA,NA,NA,NA,NA,NA,NA,NA,NA,NA,NA,NA,NA,NA,NA,NA,NA,NA,NA,NA,NA,NA,NA,NA,NA,NA,NA,NA,NA,NA,NA,NA,NA,NA,NA,NA,NA,NA,NA,NA,NA,NA,NA,NA,NA,NA
ImmortalsOfAveum-Win64-Shipping.exe,NVIDIA GeForce RTX 4060 Ti,12th Gen Intel(R) Core(TM) i7-12700,3840x2160,D3D12,0,20336,0x0000000063F0AD60,0,0,Hardware Composed: Independent Flip,0,4553.454401,16.531,16.364,0.225,2.173,2.187,0.131,NA,2775,9001,62,51,NA,NA,NA,NA,NA,NA,0.602,0.870,0.602,69,100,100,NA,4361,13, 39,41.658, 65,25,0,18,0,14,0,8,0,70,0,80,0,1,0,0,0,14,10,9,8,NA,NA,NA,NA,NA,NA,NA,NA,NA,NA,NA,NA,NA,NA,NA,NA,NA,NA,NA,NA,NA,NA,NA,NA,NA,NA,NA,NA,NA,NA,NA,NA,NA,NA,NA,NA,NA,NA,NA,NA,NA,NA,NA,NA,NA,NA,NA,NA
ImmortalsOfAveum-Win64-Shipping.exe,NVIDIA GeForce RTX 4060 Ti,12th Gen Intel(R) Core(TM) i7-12700,3840x2160,D3D12,0,20336,0x0000000063F0AD60,0,0,Hardware Composed: Independent Flip,0,4553.471988,17.587,17.731,0.164,0.354,2.331,0.020,NA,2775,9001,62,51,NA,NA,NA,NA,NA,NA,0.566,0.818,0.566,69,100,100,NA,4361,13, 39,41.658, 65,25,0,18,0,14,0,8,0,70,0,80,0,1,0,0,0,14,10,9,8,NA,NA,NA,NA,NA,NA,NA,NA,NA,NA,NA,NA,NA,NA,NA,NA,NA,NA,NA,NA,NA,NA,NA,NA,NA,NA,NA,NA,NA,NA,NA,NA,NA,NA,NA,NA,NA,NA,NA,NA,NA,NA,NA,NA,NA,NA,NA,NA
ImmortalsOfAveum-Win64-Shipping.exe,NVIDIA GeForce RTX 4060 Ti,12th Gen Intel(R) Core(TM) i7-12700,3840x2160,D3D12,0,20336,0x0000000063F0AD60,0,0,Hardware Composed: Independent Flip,0,4553.488902,16.914,16.460,0.250,1.821,1.877,0.108,NA,2775,9001,62,51,NA,NA,NA,NA,NA,NA,0.588,0.851,0.588,69,100,100,NA,4361,13, 39,41.658, 65,25,0,18,0,14,0,8,0,70,0,80,0,1,0,0,0,14,10,9,8,NA,NA,NA,NA,NA,NA,NA,NA,NA,NA,NA,NA,NA,NA,NA,NA,NA,NA,NA,NA,NA,NA,NA,NA,NA,NA,NA,NA,NA,NA,NA,NA,NA,NA,NA,NA,NA,NA,NA,NA,NA,NA,NA,NA,NA,NA,NA,NA
ImmortalsOfAveum-Win64-Shipping.exe,NVIDIA GeForce RTX 4060 Ti,12th Gen Intel(R) Core(TM) i7-12700,3840x2160,D3D12,0,20336,0x0000000063F0AD60,0,0,Hardware Composed: Independent Flip,0,4553.505178,16.276,16.049,0.150,0.359,1.650,0.022,NA,2775,9001,62,51,NA,NA,NA,NA,NA,NA,0.611,0.884,0.611,69,100,100,NA,4361,13, 39,41.658, 65,25,0,18,0,14,0,8,0,70,0,80,0,1,0,0,0,14,10,9,8,NA,NA,NA,NA,NA,NA,NA,NA,NA,NA,NA,NA,NA,NA,NA,NA,NA,NA,NA,NA,NA,NA,NA,NA,NA,NA,NA,NA,NA,NA,NA,NA,NA,NA,NA,NA,NA,NA,NA,NA,NA,NA,NA,NA,NA,NA,NA,NA
ImmortalsOfAveum-Win64-Shipping.exe,NVIDIA GeForce RTX 4060 Ti,12th Gen Intel(R) Core(TM) i7-12700,3840x2160,D3D12,0,20336,0x0000000063F0AD60,0,0,Hardware Composed: Independent Flip,0,4553.522263,17.085,18.072,0.241,2.579,2.637,0.151,NA,2775,9001,62,51,NA,NA,NA,NA,NA,NA,0.583,0.842,0.583,69,100,100,NA,4361,13, 39,41.658, 65,25,0,18,0,14,0,8,0,70,0,80,0,1,0,0,0,14,10,9,8,NA,NA,NA,NA,NA,NA,NA,NA,NA,NA,NA,NA,NA,NA,NA,NA,NA,NA,NA,NA,NA,NA,NA,NA,NA,NA,NA,NA,NA,NA,NA,NA,NA,NA,NA,NA,NA,NA,NA,NA,NA,NA,NA,NA,NA,NA,NA,NA
ImmortalsOfAveum-Win64-Shipping.exe,NVIDIA GeForce RTX 4060 Ti,12th Gen Intel(R) Core(TM) i7-12700,3840x2160,D3D12,0,20336,0x0000000063F0AD60,0,0,Hardware Composed: Independent Flip,0,4553.538432,16.168,15.378,0.176,0.360,1.847,0.022,NA,2775,9001,62,51,NA,NA,NA,NA,NA,NA,0.616,0.890,0.616,69,100,100,NA,4361,13, 39,41.658, 65,25,0,18,0,14,0,8,0,70,0,80,0,1,0,0,0,14,10,9,8,NA,NA,NA,NA,NA,NA,NA,NA,NA,NA,NA,NA,NA,NA,NA,NA,NA,NA,NA,NA,NA,NA,NA,NA,NA,NA,NA,NA,NA,NA,NA,NA,NA,NA,NA,NA,NA,NA,NA,NA,NA,NA,NA,NA,NA,NA,NA,NA
ImmortalsOfAveum-Win64-Shipping.exe,NVIDIA GeForce RTX 4060 Ti,12th Gen Intel(R) Core(TM) i7-12700,3840x2160,D3D12,0,20336,0x0000000063F0AD60,0,0,Hardware Composed: Independent Flip,0,4553.555124,16.692,16.855,0.288,1.996,2.010,0.120,NA,2775,9001,62,51,NA,NA,NA,NA,NA,NA,0.596,0.862,0.596,69,100,100,NA,4361,13, 39,41.658, 65,25,0,18,0,14,0,8,0,70,0,80,0,1,0,0,0,14,10,9,8,NA,NA,NA,NA,NA,NA,NA,NA,NA,NA,NA,NA,NA,NA,NA,NA,NA,NA,NA,NA,NA,NA,NA,NA,NA,NA,NA,NA,NA,NA,NA,NA,NA,NA,NA,NA,NA,NA,NA,NA,NA,NA,NA,NA,NA,NA,NA,NA
ImmortalsOfAveum-Win64-Shipping.exe,NVIDIA GeForce RTX 4060 Ti,12th Gen Intel(R) Core(TM) i7-12700,3840x2160,D3D12,0,20336,0x0000000063F0AD60,0,0,Hardware Composed: Independent Flip,0,4553.570838,15.714,17.084,0.147,0.548,3.380,0.035,NA,2775,9001,62,51,NA,NA,NA,NA,NA,NA,0.633,0.915,0.633,69,100,100,NA,4361,13, 39,41.658, 65,25,0,18,0,14,0,8,0,70,0,80,0,1,0,0,0,14,10,9,8,NA,NA,NA,NA,NA,NA,NA,NA,NA,NA,NA,NA,NA,NA,NA,NA,NA,NA,NA,NA,NA,NA,NA,NA,NA,NA,NA,NA,NA,NA,NA,NA,NA,NA,NA,NA,NA,NA,NA,NA,NA,NA,NA,NA,NA,NA,NA,NA
ImmortalsOfAveum-Win64-Shipping.exe,NVIDIA GeForce RTX 4060 Ti,12th Gen Intel(R) Core(TM) i7-12700,3840x2160,D3D12,0,20336,0x0000000063F0AD60,0,0,Hardware Composed: Independent Flip,0,4553.587397,16.559,15.650,0.221,2.458,2.471,0.148,NA,2775,9001,62,51,NA,NA,NA,NA,NA,NA,0.601,0.869,0.601,69,100,100,NA,4361,13, 39,41.658, 65,25,0,18,0,14,0,8,0,70,0,80,0,1,0,0,0,14,10,9,8,NA,NA,NA,NA,NA,NA,NA,NA,NA,NA,NA,NA,NA,NA,NA,NA,NA,NA,NA,NA,NA,NA,NA,NA,NA,NA,NA,NA,NA,NA,NA,NA,NA,NA,NA,NA,NA,NA,NA,NA,NA,NA,NA,NA,NA,NA,NA,NA
ImmortalsOfAveum-Win64-Shipping.exe,NVIDIA GeForce RTX 4060 Ti,12th Gen Intel(R) Core(TM) i7-12700,3840x2160,D3D12,0,20336,0x0000000063F0AD60,0,0,Hardware Composed: Independent Flip,0,4553.605260,17.862,18.431,0.210,0.335,3.039,0.019,NA,2775,9001,62,51,NA,NA,NA,NA,NA,NA,0.557,0.805,0.557,69,100,100,NA,4380,15, 39,41.658, 65,31,1,25,1,20,1,1,1,72,1,80,1,1,1,1,1,17,14,12,13,NA,NA,NA,NA,NA,NA,NA,NA,NA,NA,NA,NA,NA,NA,NA,NA,NA,NA,NA,NA,NA,NA,NA,NA,NA,NA,NA,NA,NA,NA,NA,NA,NA,NA,NA,NA,NA,NA,NA,NA,NA,NA,NA,NA,NA,NA,NA,NA
ImmortalsOfAveum-Win64-Shipping.exe,NVIDIA GeForce RTX 4060 Ti,12th Gen Intel(R) Core(TM) i7-12700,3840x2160,D3D12,0,20336,0x0000000063F0AD60,0,0,Hardware Composed: Independent Flip,0,4553.622221,16.962,16.067,0.235,2.131,2.144,0.126,NA,2775,9001,62,51,NA,NA,NA,NA,NA,NA,0.586,0.848,0.586,69,100,100,NA,4380,15, 39,41.658, 65,31,1,25,1,20,1,1,1,72,1,80,1,1,1,1,1,17,14,12,13,NA,NA,NA,NA,NA,NA,NA,NA,NA,NA,NA,NA,NA,NA,NA,NA,NA,NA,NA,NA,NA,NA,NA,NA,NA,NA,NA,NA,NA,NA,NA,NA,NA,NA,NA,NA,NA,NA,NA,NA,NA,NA,NA,NA,NA,NA,NA,NA
ImmortalsOfAveum-Win64-Shipping.exe,NVIDIA GeForce RTX 4060 Ti,12th Gen Intel(R) Core(TM) i7-12700,3840x2160,D3D12,0,20336,0x0000000063F0AD60,0,0,Hardware Composed: Independent Flip,0,4553.638156,15.934,15.760,0.172,0.514,1.970,0.032,NA,2775,9001,62,51,NA,NA,NA,NA,NA,NA,0.624,0.903,0.624,69,100,100,NA,4380,15, 41,42.950, 65,31,1,25,1,20,1,1,1,72,1,80,1,1,1,1,1,17,14,12,13,NA,NA,NA,NA,NA,NA,NA,NA,NA,NA,NA,NA,NA,NA,NA,NA,NA,NA,NA,NA,NA,NA,NA,NA,NA,NA,NA,NA,NA,NA,NA,NA,NA,NA,NA,NA,NA,NA,NA,NA,NA,NA,NA,NA,NA,NA,NA,NA
ImmortalsOfAveum-Win64-Shipping.exe,NVIDIA GeForce RTX 4060 Ti,12th Gen Intel(R) Core(TM) i7-12700,3840x2160,D3D12,0,20336,0x0000000063F0AD60,0,0,Hardware Composed: Independent Flip,0,4553.655240,17.084,16.895,0.177,1.767,1.780,0.103,NA,2775,9001,62,51,NA,NA,NA,NA,NA,NA,0.582,0.842,0.582,69,100,100,NA,4380,15, 41,42.950, 65,31,1,25,1,20,1,1,1,72,1,80,1,1,1,1,1,17,14,12,13,NA,NA,NA,NA,NA,NA,NA,NA,NA,NA,NA,NA,NA,NA,NA,NA,NA,NA,NA,NA,NA,NA,NA,NA,NA,NA,NA,NA,NA,NA,NA,NA,NA,NA,NA,NA,NA,NA,NA,NA,NA,NA,NA,NA,NA,NA,NA,NA
ImmortalsOfAveum-Win64-Shipping.exe,NVIDIA GeForce RTX 4060 Ti,12th Gen Intel(R) Core(TM) i7-12700,3840x2160,D3D12,0,20336,0x0000000063F0AD60,0,0,Hardware Composed: Independent Flip,0,4553.671111,15.870,15.981,0.157,0.445,1.891,0.028,NA,2775,9001,62,51,NA,NA,NA,NA,NA,NA,0.627,0.906,0.627,69,100,100,NA,4380,15, 41,42.950, 65,31,1,25,1,20,1,1,1,72,1,80,1,1,1,1,1,17,14,12,13,NA,NA,NA,NA,NA,NA,NA,NA,NA,NA,NA,NA,NA,NA,NA,NA,NA,NA,NA,NA,NA,NA,NA,NA,NA,NA,NA,NA,NA,NA,NA,NA,NA,NA,NA,NA,NA,NA,NA,NA,NA,NA,NA,NA,NA,NA,NA,NA
ImmortalsOfAveum-Win64-Shipping.exe,NVIDIA GeForce RTX 4060 Ti,12th Gen Intel(R) Core(TM) i7-12700,3840x2160,D3D12,0,20336,0x0000000063F0AD60,0,0,Hardware Composed: Independent Flip,0,4553.687895,16.784,16.957,0.247,2.004,2.063,0.119,NA,2775,9001,62,51,NA,NA,NA,NA,NA,NA,0.593,0.857,0.593,69,100,100,NA,4380,15, 41,42.950, 65,31,1,25,1,20,1,1,1,72,1,80,1,1,1,1,1,17,14,12,13,NA,NA,NA,NA,NA,NA,NA,NA,NA,NA,NA,NA,NA,NA,NA,NA,NA,NA,NA,NA,NA,NA,NA,NA,NA,NA,NA,NA,NA,NA,NA,NA,NA,NA,NA,NA,NA,NA,NA,NA,NA,NA,NA,NA,NA,NA,NA,NA
ImmortalsOfAveum-Win64-Shipping.exe,NVIDIA GeForce RTX 4060 Ti,12th Gen Intel(R) Core(TM) i7-12700,3840x2160,D3D12,0,20336,0x0000000063F0AD60,0,0,Hardware Composed: Independent Flip,0,4553.705380,17.485,17.670,0.153,0.353,2.248,0.020,NA,2775,9001,62,51,NA,NA,NA,NA,NA,NA,0.569,0.823,0.569,69,100,100,NA,4380,15, 41,42.950, 65,31,1,25,1,20,1,1,1,72,1,80,1,1,1,1,1,17,14,12,13,NA,NA,NA,NA,NA,NA,NA,NA,NA,NA,NA,NA,NA,NA,NA,NA,NA,NA,NA,NA,NA,NA,NA,NA,NA,NA,NA,NA,NA,NA,NA,NA,NA,NA,NA,NA,NA,NA,NA,NA,NA,NA,NA,NA,NA,NA,NA,NA
ImmortalsOfAveum-Win64-Shipping.exe,NVIDIA GeForce RTX 4060 Ti,12th Gen Intel(R) Core(TM) i7-12700,3840x2160,D3D12,0,20336,0x0000000063F0AD60,0,0,Hardware Composed: Independent Flip,0,4553.722458,17.077,17.153,0.227,2.263,2.324,0.133,NA,2775,9001,62,51,NA,NA,NA,NA,NA,NA,0.582,0.842,0.582,69,100,100,NA,4380,15, 41,42.950, 65,31,1,25,1,20,1,1,1,72,1,80,1,1,1,1,1,17,14,12,13,NA,NA,NA,NA,NA,NA,NA,NA,NA,NA,NA,NA,NA,NA,NA,NA,NA,NA,NA,NA,NA,NA,NA,NA,NA,NA,NA,NA,NA,NA,NA,NA,NA,NA,NA,NA,NA,NA,NA,NA,NA,NA,NA,NA,NA,NA,NA,NA
ImmortalsOfAveum-Win64-Shipping.exe,NVIDIA GeForce RTX 4060 Ti,12th Gen Intel(R) Core(TM) i7-12700,3840x2160,D3D12,0,20336,0x0000000063F0AD60,0,0,Hardware Composed: Independent Flip,0,4553.737542,15.084,14.829,0.164,0.538,2.069,0.036,NA,2775,9001,62,51,NA,NA,NA,NA,NA,NA,0.659,0.953,0.659,69,100,100,NA,4380,15, 41,42.950, 65,31,1,25,1,20,1,1,1,72,1,80,1,1,1,1,1,17,14,12,13,NA,NA,NA,NA,NA,NA,NA,NA,NA,NA,NA,NA,NA,NA,NA,NA,NA,NA,NA,NA,NA,NA,NA,NA,NA,NA,NA,NA,NA,NA,NA,NA,NA,NA,NA,NA,NA,NA,NA,NA,NA,NA,NA,NA,NA,NA,NA,NA
ImmortalsOfAveum-Win64-Shipping.exe,NVIDIA GeForce RTX 4060 Ti,12th Gen Intel(R) Core(TM) i7-12700,3840x2160,D3D12,0,20336,0x0000000063F0AD60,0,0,Hardware Composed: Independent Flip,0,4553.754276,16.734,16.642,0.192,1.917,1.976,0.115,NA,2775,9001,62,51,NA,NA,NA,NA,NA,NA,0.594,0.860,0.594,69,100,100,NA,4380,15, 41,42.950, 65,31,1,25,1,20,1,1,1,72,1,80,1,1,1,1,1,17,14,12,13,NA,NA,NA,NA,NA,NA,NA,NA,NA,NA,NA,NA,NA,NA,NA,NA,NA,NA,NA,NA,NA,NA,NA,NA,NA,NA,NA,NA,NA,NA,NA,NA,NA,NA,NA,NA,NA,NA,NA,NA,NA,NA,NA,NA,NA,NA,NA,NA
ImmortalsOfAveum-Win64-Shipping.exe,NVIDIA GeForce RTX 4060 Ti,12th Gen Intel(R) Core(TM) i7-12700,3840x2160,D3D12,0,20336,0x0000000063F0AD60,0,0,Hardware Composed: Independent Flip,0,4553.771597,17.321,18.393,0.160,0.360,3.048,0.021,NA,2775,9001,62,51,NA,NA,NA,NA,NA,NA,0.574,0.830,0.574,69,100,100,NA,4380,15, 41,42.950, 65,31,1,25,1,20,1,1,1,72,1,80,1,1,1,1,1,17,14,12,13,NA,NA,NA,NA,NA,NA,NA,NA,NA,NA,NA,NA,NA,NA,NA,NA,NA,NA,NA,NA,NA,NA,NA,NA,NA,NA,NA,NA,NA,NA,NA,NA,NA,NA,NA,NA,NA,NA,NA,NA,NA,NA,NA,NA,NA,NA,NA,NA
ImmortalsOfAveum-Win64-Shipping.exe,NVIDIA GeForce RTX 4060 Ti,12th Gen Intel(R) Core(TM) i7-12700,3840x2160,D3D12,0,20336,0x0000000063F0AD60,0,0,Hardware Composed: Independent Flip,0,4553.788396,16.799,15.943,0.187,2.135,2.192,0.127,NA,2775,9001,62,51,NA,NA,NA,NA,NA,NA,0.592,0.856,0.592,69,100,100,NA,4380,15, 41,42.950, 65,31,1,25,1,20,1,1,1,72,1,80,1,1,1,1,1,17,14,12,13,NA,NA,NA,NA,NA,NA,NA,NA,NA,NA,NA,NA,NA,NA,NA,NA,NA,NA,NA,NA,NA,NA,NA,NA,NA,NA,NA,NA,NA,NA,NA,NA,NA,NA,NA,NA,NA,NA,NA,NA,NA,NA,NA,NA,NA,NA,NA,NA
ImmortalsOfAveum-Win64-Shipping.exe,NVIDIA GeForce RTX 4060 Ti,12th Gen Intel(R) Core(TM) i7-12700,3840x2160,D3D12,0,20336,0x0000000063F0AD60,0,0,Hardware Composed: Independent Flip,0,4553.804297,15.901,16.072,0.158,0.545,2.363,0.034,NA,2775,9001,62,51,NA,NA,NA,NA,NA,NA,0.626,0.905,0.626,69,100,100,NA,4380,15, 41,42.950, 65,31,1,25,1,20,1,1,1,72,1,80,1,1,1,1,1,17,14,12,13,NA,NA,NA,NA,NA,NA,NA,NA,NA,NA,NA,NA,NA,NA,NA,NA,NA,NA,NA,NA,NA,NA,NA,NA,NA,NA,NA,NA,NA,NA,NA,NA,NA,NA,NA,NA,NA,NA,NA,NA,NA,NA,NA,NA,NA,NA,NA,NA
ImmortalsOfAveum-Win64-Shipping.exe,NVIDIA GeForce RTX 4060 Ti,12th Gen Intel(R) Core(TM) i7-12700,3840x2160,D3D12,0,20336,0x0000000063F0AD60,0,0,Hardware Composed: Independent Flip,0,4553.821246,16.950,16.960,0.228,2.315,2.373,0.137,NA,2775,9001,62,51,NA,NA,NA,NA,NA,NA,0.587,0.849,0.587,69,100,100,NA,4380,15, 41,42.950, 65,31,1,25,1,20,1,1,1,72,1,80,1,1,1,1,1,17,14,12,13,NA,NA,NA,NA,NA,NA,NA,NA,NA,NA,NA,NA,NA,NA,NA,NA,NA,NA,NA,NA,NA,NA,NA,NA,NA,NA,NA,NA,NA,NA,NA,NA,NA,NA,NA,NA,NA,NA,NA,NA,NA,NA,NA,NA,NA,NA,NA,NA
ImmortalsOfAveum-Win64-Shipping.exe,NVIDIA GeForce RTX 4060 Ti,12th Gen Intel(R) Core(TM) i7-12700,3840x2160,D3D12,0,20336,0x0000000063F0AD60,0,0,Hardware Composed: Independent Flip,0,4553.838993,17.746,17.469,0.162,0.354,2.096,0.020,NA,2775,9001,62,51,NA,NA,NA,NA,NA,NA,0.560,0.810,0.560,69,100,100,NA,4380,15, 40,42.299, 65,31,1,25,1,20,1,1,1,72,1,80,1,1,1,1,1,17,14,12,13,NA,NA,NA,NA,NA,NA,NA,NA,NA,NA,NA,NA,NA,NA,NA,NA,NA,NA,NA,NA,NA,NA,NA,NA,NA,NA,NA,NA,NA,NA,NA,NA,NA,NA,NA,NA,NA,NA,NA,NA,NA,NA,NA,NA,NA,NA,NA,NA
ImmortalsOfAveum-Win64-Shipping.exe,NVIDIA GeForce RTX 4060 Ti,12th Gen Intel(R) Core(TM) i7-12700,3840x2160,D3D12,0,20336,0x0000000063F0AD60,0,0,Hardware Composed: Independent Flip,0,4553.856076,17.083,17.407,0.207,2.358,2.420,0.138,NA,2775,9001,62,51,NA,NA,NA,NA,NA,NA,0.582,0.842,0.582,69,100,100,NA,4380,15, 40,42.299, 65,31,1,25,1,20,1,1,1,72,1,80,1,1,1,1,1,17,14,12,13,NA,NA,NA,NA,NA,NA,NA,NA,NA,NA,NA,NA,NA,NA,NA,NA,NA,NA,NA,NA,NA,NA,NA,NA,NA,NA,NA,NA,NA,NA,NA,NA,NA,NA,NA,NA,NA,NA,NA,NA,NA,NA,NA,NA,NA,NA,NA,NA
ImmortalsOfAveum-Win64-Shipping.exe,NVIDIA GeForce RTX 4060 Ti,12th Gen Intel(R) Core(TM) i7-12700,3840x2160,D3D12,0,20336,0x0000000063F0AD60,0,0,Hardware Composed: Independent Flip,0,4553.871230,15.154,14.742,0.150,0.523,2.008,0.034,NA,2775,9001,62,51,NA,NA,NA,NA,NA,NA,0.656,0.949,0.656,69,100,100,NA,4380,15, 40,42.299, 65,31,1,25,1,20,1,1,1,72,1,80,1,1,1,1,1,17,14,12,13,NA,NA,NA,NA,NA,NA,NA,NA,NA,NA,NA,NA,NA,NA,NA,NA,NA,NA,NA,NA,NA,NA,NA,NA,NA,NA,NA,NA,NA,NA,NA,NA,NA,NA,NA,NA,NA,NA,NA,NA,NA,NA,NA,NA,NA,NA,NA,NA
ImmortalsOfAveum-Win64-Shipping.exe,NVIDIA GeForce RTX 4060 Ti,12th Gen Intel(R) Core(TM) i7-12700,3840x2160,D3D12,0,20336,0x0000000063F0AD60,0,0,Hardware Composed: Independent Flip,0,4553.888178,16.948,17.525,0.193,2.526,2.586,0.149,NA,2775,9001,62,51,NA,NA,NA,NA,NA,NA,0.587,0.849,0.587,69,100,100,NA,4380,15, 40,42.299, 65,31,1,25,1,20,1,1,1,72,1,80,1,1,1,1,1,17,14,12,13,NA,NA,NA,NA,NA,NA,NA,NA,NA,NA,NA,NA,NA,NA,NA,NA,NA,NA,NA,NA,NA,NA,NA,NA,NA,NA,NA,NA,NA,NA,NA,NA,NA,NA,NA,NA,NA,NA,NA,NA,NA,NA,NA,NA,NA,NA,NA,NA
ImmortalsOfAveum-Win64-Shipping.exe,NVIDIA GeForce RTX 4060 Ti,12th Gen Intel(R) Core(TM) i7-12700,3840x2160,D3D12,0,20336,0x0000000063F0AD60,0,0,Hardware Composed: Independent Flip,0,4553.904871,16.693,17.361,0.154,0.444,3.253,0.027,NA,2775,9001,62,51,NA,NA,NA,NA,NA,NA,0.596,0.862,0.596,69,100,100,NA,4380,15, 40,42.299, 65,31,1,25,1,20,1,1,1,72,1,80,1,1,1,1,1,17,14,12,13,NA,NA,NA,NA,NA,NA,NA,NA,NA,NA,NA,NA,NA,NA,NA,NA,NA,NA,NA,NA,NA,NA,NA,NA,NA,NA,NA,NA,NA,NA,NA,NA,NA,NA,NA,NA,NA,NA,NA,NA,NA,NA,NA,NA,NA,NA,NA,NA
ImmortalsOfAveum-Win64-Shipping.exe,NVIDIA GeForce RTX 4060 Ti,12th Gen Intel(R) Core(TM) i7-12700,3840x2160,D3D12,0,20336,0x0000000063F0AD60,0,0,Hardware Composed: Independent Flip,0,4553.921587,16.716,15.857,0.208,2.335,2.394,0.140,NA,2775,9001,62,51,NA,NA,NA,NA,NA,NA,0.595,0.860,0.595,69,100,100,NA,4380,15, 40,42.299, 65,31,1,25,1,20,1,1,1,72,1,80,1,1,1,1,1,17,14,12,13,NA,NA,NA,NA,NA,NA,NA,NA,NA,NA,NA,NA,NA,NA,NA,NA,NA,NA,NA,NA,NA,NA,NA,NA,NA,NA,NA,NA,NA,NA,NA,NA,NA,NA,NA,NA,NA,NA,NA,NA,NA,NA,NA,NA,NA,NA,NA,NA
ImmortalsOfAveum-Win64-Shipping.exe,NVIDIA GeForce RTX 4060 Ti,12th Gen Intel(R) Core(TM) i7-12700,3840x2160,D3D12,0,20336,0x0000000063F0AD60,0,0,Hardware Composed: Independent Flip,0,4553.937721,16.133,17.187,0.150,0.549,3.447,0.034,NA,2775,9001,62,51,NA,NA,NA,NA,NA,NA,0.616,0.891,0.616,69,100,100,NA,4380,15, 40,42.299, 65,31,1,25,1,20,1,1,1,72,1,80,1,1,1,1,1,17,14,12,13,NA,NA,NA,NA,NA,NA,NA,NA,NA,NA,NA,NA,NA,NA,NA,NA,NA,NA,NA,NA,NA,NA,NA,NA,NA,NA,NA,NA,NA,NA,NA,NA,NA,NA,NA,NA,NA,NA,NA,NA,NA,NA,NA,NA,NA,NA,NA,NA
ImmortalsOfAveum-Win64-Shipping.exe,NVIDIA GeForce RTX 4060 Ti,12th Gen Intel(R) Core(TM) i7-12700,3840x2160,D3D12,0,20336,0x0000000063F0AD60,0,0,Hardware Composed: Independent Flip,0,4553.954615,16.895,15.246,0.235,1.739,1.799,0.103,NA,2775,9001,62,51,NA,NA,NA,NA,NA,NA,0.589,0.851,0.589,69,100,100,NA,4380,15, 40,42.299, 65,31,1,25,1,20,1,1,1,72,1,80,1,1,1,1,1,17,14,12,13,NA,NA,NA,NA,NA,NA,NA,NA,NA,NA,NA,NA,NA,NA,NA,NA,NA,NA,NA,NA,NA,NA,NA,NA,NA,NA,NA,NA,NA,NA,NA,NA,NA,NA,NA,NA,NA,NA,NA,NA,NA,NA,NA,NA,NA,NA,NA,NA
ImmortalsOfAveum-Win64-Shipping.exe,NVIDIA GeForce RTX 4060 Ti,12th Gen Intel(R) Core(TM) i7-12700,3840x2160,D3D12,0,20336,0x0000000063F0AD60,0,0,Hardware Composed: Independent Flip,0,4553.972850,18.234,19.016,0.182,0.363,2.581,0.020,NA,2775,9001,62,51,NA,NA,NA,NA,NA,NA,0.545,0.789,0.545,69,100,100,NA,4380,15, 40,42.299, 65,31,1,25,1,20,1,1,1,72,1,80,1,1,1,1,1,17,14,12,13,NA,NA,NA,NA,NA,NA,NA,NA,NA,NA,NA,NA,NA,NA,NA,NA,NA,NA,NA,NA,NA,NA,NA,NA,NA,NA,NA,NA,NA,NA,NA,NA,NA,NA,NA,NA,NA,NA,NA,NA,NA,NA,NA,NA,NA,NA,NA,NA
ImmortalsOfAveum-Win64-Shipping.exe,NVIDIA GeForce RTX 4060 Ti,12th Gen Intel(R) Core(TM) i7-12700,3840x2160,D3D12,0,20336,0x0000000063F0AD60,0,0,Hardware Composed: Independent Flip,0,4553.990092,17.243,17.140,0.241,2.416,2.478,0.140,NA,2775,9001,62,51,NA,NA,NA,NA,NA,NA,0.577,0.834,0.577,69,100,100,NA,4380,15, 40,42.299, 65,31,1,25,1,20,1,1,1,72,1,80,1,1,1,1,1,17,14,12,13,NA,NA,NA,NA,NA,NA,NA,NA,NA,NA,NA,NA,NA,NA,NA,NA,NA,NA,NA,NA,NA,NA,NA,NA,NA,NA,NA,NA,NA,NA,NA,NA,NA,NA,NA,NA,NA,NA,NA,NA,NA,NA,NA,NA,NA,NA,NA,NA
ImmortalsOfAveum-Win64-Shipping.exe,NVIDIA GeForce RTX 4060 Ti,12th Gen Intel(R) Core(TM) i7-12700,3840x2160,D3D12,0,20336,0x0000000063F0AD60,0,0,Hardware Composed: Independent Flip,0,4554.004278,14.186,12.569,0.139,0.531,0.861,0.037,NA,2775,9001,62,51,NA,NA,NA,NA,NA,NA,0.701,1.014,0.701,69,100,100,NA,4380,15, 40,42.299, 65,31,1,25,1,20,1,1,1,72,1,80,1,1,1,1,1,17,14,12,13,NA,NA,NA,NA,NA,NA,NA,NA,NA,NA,NA,NA,NA,NA,NA,NA,NA,NA,NA,NA,NA,NA,NA,NA,NA,NA,NA,NA,NA,NA,NA,NA,NA,NA,NA,NA,NA,NA,NA,NA,NA,NA,NA,NA,NA,NA,NA,NA
ImmortalsOfAveum-Win64-Shipping.exe,NVIDIA GeForce RTX 4060 Ti,12th Gen Intel(R) Core(TM) i7-12700,3840x2160,D3D12,0,20336,0x0000000063F0AD60,0,0,Hardware Composed: Independent Flip,0,4554.021162,16.884,18.268,0.244,2.184,2.245,0.129,NA,2775,9001,62,51,NA,NA,NA,NA,NA,NA,0.589,0.852,0.589,69,100,100,NA,4380,15, 40,42.299, 65,31,1,25,1,20,1,1,1,72,1,80,1,1,1,1,1,17,14,12,13,NA,NA,NA,NA,NA,NA,NA,NA,NA,NA,NA,NA,NA,NA,NA,NA,NA,NA,NA,NA,NA,NA,NA,NA,NA,NA,NA,NA,NA,NA,NA,NA,NA,NA,NA,NA,NA,NA,NA,NA,NA,NA,NA,NA,NA,NA,NA,NA
ImmortalsOfAveum-Win64-Shipping.exe,NVIDIA GeForce RTX 4060 Ti,12th Gen Intel(R) Core(TM) i7-12700,3840x2160,D3D12,0,20336,0x0000000063F0AD60,0,0,Hardware Composed: Independent Flip,0,4554.037156,15.993,16.893,0.150,0.536,3.145,0.033,NA,2775,9001,62,51,NA,NA,NA,NA,NA,NA,0.622,0.899,0.622,69,100,100,NA,4380,15, 41,41.836, 65,31,1,25,1,20,1,1,1,72,1,80,1,1,1,1,1,17,14,12,13,NA,NA,NA,NA,NA,NA,NA,NA,NA,NA,NA,NA,NA,NA,NA,NA,NA,NA,NA,NA,NA,NA,NA,NA,NA,NA,NA,NA,NA,NA,NA,NA,NA,NA,NA,NA,NA,NA,NA,NA,NA,NA,NA,NA,NA,NA,NA,NA
ImmortalsOfAveum-Win64-Shipping.exe,NVIDIA GeForce RTX 4060 Ti,12th Gen Intel(R) Core(TM) i7-12700,3840x2160,D3D12,0,20336,0x0000000063F0AD60,0,0,Hardware Composed: Independent Flip,0,4554.053488,16.333,14.941,0.217,1.693,1.753,0.104,NA,2775,9001,62,51,NA,NA,NA,NA,NA,NA,0.609,0.881,0.609,69,100,100,NA,4380,15, 41,41.836, 65,31,1,25,1,20,1,1,1,72,1,80,1,1,1,1,1,17,14,12,13,NA,NA,NA,NA,NA,NA,NA,NA,NA,NA,NA,NA,NA,NA,NA,NA,NA,NA,NA,NA,NA,NA,NA,NA,NA,NA,NA,NA,NA,NA,NA,NA,NA,NA,NA,NA,NA,NA,NA,NA,NA,NA,NA,NA,NA,NA,NA,NA
ImmortalsOfAveum-Win64-Shipping.exe,NVIDIA GeForce RTX 4060 Ti,12th Gen Intel(R) Core(TM) i7-12700,3840x2160,D3D12,0,20336,0x0000000063F0AD60,0,0,Hardware Composed: Independent Flip,0,4554.071658,18.170,19.610,0.167,0.356,3.193,0.020,NA,2775,9001,62,51,NA,NA,NA,NA,NA,NA,0.547,0.792,0.547,69,100,100,NA,4380,15, 41,41.836, 65,31,1,25,1,20,1,1,1,72,1,80,1,1,1,1,1,17,14,12,13,NA,NA,NA,NA,NA,NA,NA,NA,NA,NA,NA,NA,NA,NA,NA,NA,NA,NA,NA,NA,NA,NA,NA,NA,NA,NA,NA,NA,NA,NA,NA,NA,NA,NA,NA,NA,NA,NA,NA,NA,NA,NA,NA,NA,NA,NA,NA,NA
ImmortalsOfAveum-Win64-Shipping.exe,NVIDIA GeForce RTX 4060 Ti,12th Gen Intel(R) Core(TM) i7-12700,3840x2160,D3D12,0,20336,0x0000000063F0AD60,0,0,Hardware Composed: Independent Flip,0,4554.088854,17.196,16.382,0.195,2.316,2.379,0.135,NA,2775,9001,62,51,NA,NA,NA,NA,NA,NA,0.578,0.836,0.578,69,100,100,NA,4380,15, 41,41.836, 65,31,1,25,1,20,1,1,1,72,1,80,1,1,1,1,1,17,14,12,13,NA,NA,NA,NA,NA,NA,NA,NA,NA,NA,NA,NA,NA,NA,NA,NA,NA,NA,NA,NA,NA,NA,NA,NA,NA,NA,NA,NA,NA,NA,NA,NA,NA,NA,NA,NA,NA,NA,NA,NA,NA,NA,NA,NA,NA,NA,NA,NA
ImmortalsOfAveum-Win64-Shipping.exe,NVIDIA GeForce RTX 4060 Ti,12th Gen Intel(R) Core(TM) i7-12700,3840x2160,D3D12,0,20336,0x0000000063F0AD60,0,0,Hardware Composed: Independent Flip,0,4554.104941,16.086,15.183,0.202,0.529,1.476,0.033,NA,2775,9001,62,51,NA,NA,NA,NA,NA,NA,0.618,0.894,0.618,69,100,100,NA,4380,15, 41,41.836, 65,31,1,25,1,20,1,1,1,72,1,80,1,1,1,1,1,17,14,12,13,NA,NA,NA,NA,NA,NA,NA,NA,NA,NA,NA,NA,NA,NA,NA,NA,NA,NA,NA,NA,NA,NA,NA,NA,NA,NA,NA,NA,NA,NA,NA,NA,NA,NA,NA,NA,NA,NA,NA,NA,NA,NA,NA,NA,NA,NA,NA,NA
ImmortalsOfAveum-Win64-Shipping.exe,NVIDIA GeForce RTX 4060 Ti,12th Gen Intel(R) Core(TM) i7-12700,3840x2160,D3D12,0,20336,0x0000000063F0AD60,0,0,Hardware Composed: Independent Flip,0,4554.122092,17.152,17.775,0.191,2.087,2.099,0.122,NA,2775,9001,62,51,NA,NA,NA,NA,NA,NA,0.579,0.837,0.579,69,100,100,NA,4371,13, 41,41.836, 65,27,0,19,0,16,0,8,0,69,0,81,0,0,0,0,0,14,10,8,9,NA,NA,NA,NA,NA,NA,NA,NA,NA,NA,NA,NA,NA,NA,NA,NA,NA,NA,NA,NA,NA,NA,NA,NA,NA,NA,NA,NA,NA,NA,NA,NA,NA,NA,NA,NA,NA,NA,NA,NA,NA,NA,NA,NA,NA,NA,NA,NA
ImmortalsOfAveum-Win64-Shipping.exe,NVIDIA GeForce RTX 4060 Ti,12th Gen Intel(R) Core(TM) i7-12700,3840x2160,D3D12,0,20336,0x0000000063F0AD60,0,0,Hardware Composed: Independent Flip,0,4554.138031,15.938,15.926,0.165,0.550,2.087,0.034,NA,2775,9001,62,51,NA,NA,NA,NA,NA,NA,0.623,0.900,0.623,69,100,100,NA,4371,13, 41,41.836, 65,27,0,19,0,16,0,8,0,69,0,81,0,0,0,0,0,14,10,8,9,NA,NA,NA,NA,NA,NA,NA,NA,NA,NA,NA,NA,NA,NA,NA,NA,NA,NA,NA,NA,NA,NA,NA,NA,NA,NA,NA,NA,NA,NA,NA,NA,NA,NA,NA,NA,NA,NA,NA,NA,NA,NA,NA,NA,NA,NA,NA,NA
ImmortalsOfAveum-Win64-Shipping.exe,NVIDIA GeForce RTX 4060 Ti,12th Gen Intel(R) Core(TM) i7-12700,3840x2160,D3D12,0,20336,0x0000000063F0AD60,0,0,Hardware Composed: Independent Flip,0,4554.154868,16.837,17.333,0.193,2.524,2.582,0.150,NA,2775,9001,62,51,NA,NA,NA,NA,NA,NA,0.589,0.852,0.589,69,100,100,NA,4371,13, 41,41.836, 65,27,0,19,0,16,0,8,0,69,0,81,0,0,0,0,0,14,10,8,9,NA,NA,NA,NA,NA,NA,NA,NA,NA,NA,NA,NA,NA,NA,NA,NA,NA,NA,NA,NA,NA,NA,NA,NA,NA,NA,NA,NA,NA,NA,NA,NA,NA,NA,NA,NA,NA,NA,NA,NA,NA,NA,NA,NA,NA,NA,NA,NA
ImmortalsOfAveum-Win64-Shipping.exe,NVIDIA GeForce RTX 4060 Ti,12th Gen Intel(R) Core(TM) i7-12700,3840x2160,D3D12,0,20336,0x0000000063F0AD60,0,0,Hardware Composed: Independent Flip,0,4554.171106,16.238,16.849,0.155,0.740,3.194,0.046,NA,2775,9001,62,51,NA,NA,NA,NA,NA,NA,0.611,0.884,0.611,69,100,100,NA,4371,13, 41,41.836, 65,27,0,19,0,16,0,8,0,69,0,81,0,0,0,0,0,14,10,8,9,NA,NA,NA,NA,NA,NA,NA,NA,NA,NA,NA,NA,NA,NA,NA,NA,NA,NA,NA,NA,NA,NA,NA,NA,NA,NA,NA,NA,NA,NA,NA,NA,NA,NA,NA,NA,NA,NA,NA,NA,NA,NA,NA,NA,NA,NA,NA,NA
ImmortalsOfAveum-Win64-Shipping.exe,NVIDIA GeForce RTX 4060 Ti,12th Gen Intel(R) Core(TM) i7-12700,3840x2160,D3D12,0,20336,0x0000000063F0AD60,0,0,Hardware Composed: Independent Flip,0,4554.188022,16.916,15.527,0.234,1.745,1.804,0.103,NA,2775,9001,62,51,NA,NA,NA,NA,NA,NA,0.587,0.848,0.587,69,100,100,NA,4371,13, 41,41.836, 65,27,0,19,0,16,0,8,0,69,0,81,0,0,0,0,0,14,10,8,9,NA,NA,NA,NA,NA,NA,NA,NA,NA,NA,NA,NA,NA,NA,NA,NA,NA,NA,NA,NA,NA,NA,NA,NA,NA,NA,NA,NA,NA,NA,NA,NA,NA,NA,NA,NA,NA,NA,NA,NA,NA,NA,NA,NA,NA,NA,NA,NA
ImmortalsOfAveum-Win64-Shipping.exe,NVIDIA GeForce RTX 4060 Ti,12th Gen Intel(R) Core(TM) i7-12700,3840x2160,D3D12,0,20336,0x0000000063F0AD60,0,0,Hardware Composed: Independent Flip,0,4554.205223,17.201,18.423,0.192,0.344,3.027,0.020,NA,2775,9001,62,51,NA,NA,NA,NA,NA,NA,0.577,0.834,0.577,69,100,100,NA,4371,13, 41,41.836, 65,27,0,19,0,16,0,8,0,69,0,81,0,0,0,0,0,14,10,8,9,NA,NA,NA,NA,NA,NA,NA,NA,NA,NA,NA,NA,NA,NA,NA,NA,NA,NA,NA,NA,NA,NA,NA,NA,NA,NA,NA,NA,NA,NA,NA,NA,NA,NA,NA,NA,NA,NA,NA,NA,NA,NA,NA,NA,NA,NA,NA,NA
ImmortalsOfAveum-Win64-Shipping.exe,NVIDIA GeForce RTX 4060 Ti,12th Gen Intel(R) Core(TM) i7-12700,3840x2160,D3D12,0,20336,0x0000000063F0AD60,0,0,Hardware Composed: Independent Flip,0,4554.222274,17.052,15.944,0.239,1.907,1.919,0.112,NA,2775,9001,62,51,NA,NA,NA,NA,NA,NA,0.582,0.842,0.582,69,100,100,NA,4371,13, 41,41.836, 65,27,0,19,0,16,0,8,0,69,0,81,0,0,0,0,0,14,10,8,9,NA,NA,NA,NA,NA,NA,NA,NA,NA,NA,NA,NA,NA,NA,NA,NA,NA,NA,NA,NA,NA,NA,NA,NA,NA,NA,NA,NA,NA,NA,NA,NA,NA,NA,NA,NA,NA,NA,NA,NA,NA,NA,NA,NA,NA,NA,NA,NA
ImmortalsOfAveum-Win64-Shipping.exe,NVIDIA GeForce RTX 4060 Ti,12th Gen Intel(R) Core(TM) i7-12700,3840x2160,D3D12,0,20336,0x0000000063F0AD60,0,0,Hardware Composed: Independent Flip,0,4554.238166,15.892,16.040,0.175,0.519,2.068,0.033,NA,2775,9001,62,51,NA,NA,NA,NA,NA,NA,0.624,0.903,0.624,69,100,100,NA,4371,13, 39,41.006, 65,27,0,19,0,16,0,8,0,69,0,81,0,0,0,0,0,14,10,8,9,NA,NA,NA,NA,NA,NA,NA,NA,NA,NA,NA,NA,NA,NA,NA,NA,NA,NA,NA,NA,NA,NA,NA,NA,NA,NA,NA,NA,NA,NA,NA,NA,NA,NA,NA,NA,NA,NA,NA,NA,NA,NA,NA,NA,NA,NA,NA,NA
ImmortalsOfAveum-Win64-Shipping.exe,NVIDIA GeForce RTX 4060 Ti,12th Gen Intel(R) Core(TM) i7-12700,3840x2160,D3D12,0,20336,0x0000000063F0AD60,0,0,Hardware Composed: Independent Flip,0,4554.255053,16.887,16.337,0.238,1.449,1.518,0.086,NA,2775,9001,62,51,NA,NA,NA,NA,NA,NA,0.588,0.850,0.588,69,100,100,NA,4371,13, 39,41.006, 65,27,0,19,0,16,0,8,0,69,0,81,0,0,0,0,0,14,10,8,9,NA,NA,NA,NA,NA,NA,NA,NA,NA,NA,NA,NA,NA,NA,NA,NA,NA,NA,NA,NA,NA,NA,NA,NA,NA,NA,NA,NA,NA,NA,NA,NA,NA,NA,NA,NA,NA,NA,NA,NA,NA,NA,NA,NA,NA,NA,NA,NA
ImmortalsOfAveum-Win64-Shipping.exe,NVIDIA GeForce RTX 4060 Ti,12th Gen Intel(R) Core(TM) i7-12700,3840x2160,D3D12,0,20336,0x0000000063F0AD60,0,0,Hardware Composed: Independent Flip,0,4554.270457,15.404,15.604,0.142,0.550,1.719,0.036,NA,2775,9001,62,51,NA,NA,NA,NA,NA,NA,0.644,0.932,0.644,69,100,100,NA,4371,13, 39,41.006, 65,27,0,19,0,16,0,8,0,69,0,81,0,0,0,0,0,14,10,8,9,NA,NA,NA,NA,NA,NA,NA,NA,NA,NA,NA,NA,NA,NA,NA,NA,NA,NA,NA,NA,NA,NA,NA,NA,NA,NA,NA,NA,NA,NA,NA,NA,NA,NA,NA,NA,NA,NA,NA,NA,NA,NA,NA,NA,NA,NA,NA,NA
ImmortalsOfAveum-Win64-Shipping.exe,NVIDIA GeForce RTX 4060 Ti,12th Gen Intel(R) Core(TM) i7-12700,3840x2160,D3D12,0,20336,0x0000000063F0AD60,0,0,Hardware Composed: Independent Flip,0,4554.287011,16.554,17.291,0.181,2.396,2.456,0.145,NA,2775,9001,62,51,NA,NA,NA,NA,NA,NA,0.599,0.867,0.599,69,100,100,NA,4371,13, 39,41.006, 65,27,0,19,0,16,0,8,0,69,0,81,0,0,0,0,0,14,10,8,9,NA,NA,NA,NA,NA,NA,NA,NA,NA,NA,NA,NA,NA,NA,NA,NA,NA,NA,NA,NA,NA,NA,NA,NA,NA,NA,NA,NA,NA,NA,NA,NA,NA,NA,NA,NA,NA,NA,NA,NA,NA,NA,NA,NA,NA,NA,NA,NA
ImmortalsOfAveum-Win64-Shipping.exe,NVIDIA GeForce RTX 4060 Ti,12th Gen Intel(R) Core(TM) i7-12700,3840x2160,D3D12,0,20336,0x0000000063F0AD60,0,0,Hardware Composed: Independent Flip,0,4554.304780,17.769,17.187,0.158,0.354,1.874,0.020,NA,2775,9001,62,51,NA,NA,NA,NA,NA,NA,0.558,0.808,0.558,69,100,100,NA,4371,13, 39,41.006, 65,27,0,19,0,16,0,8,0,69,0,81,0,0,0,0,0,14,10,8,9,NA,NA,NA,NA,NA,NA,NA,NA,NA,NA,NA,NA,NA,NA,NA,NA,NA,NA,NA,NA,NA,NA,NA,NA,NA,NA,NA,NA,NA,NA,NA,NA,NA,NA,NA,NA,NA,NA,NA,NA,NA,NA,NA,NA,NA,NA,NA,NA
ImmortalsOfAveum-Win64-Shipping.exe,NVIDIA GeForce RTX 4060 Ti,12th Gen Intel(R) Core(TM) i7-12700,3840x2160,D3D12,0,20336,0x0000000063F0AD60,0,0,Hardware Composed: Independent Flip,0,4554.321817,17.037,17.504,0.226,2.281,2.340,0.134,NA,2775,9001,62,51,NA,NA,NA,NA,NA,NA,0.582,0.842,0.582,69,100,100,NA,4371,13, 39,41.006, 65,27,0,19,0,16,0,8,0,69,0,81,0,0,0,0,0,14,10,8,9,NA,NA,NA,NA,NA,NA,NA,NA,NA,NA,NA,NA,NA,NA,NA,NA,NA,NA,NA,NA,NA,NA,NA,NA,NA,NA,NA,NA,NA,NA,NA,NA,NA,NA,NA,NA,NA,NA,NA,NA,NA,NA,NA,NA,NA,NA,NA,NA
ImmortalsOfAveum-Win64-Shipping.exe,NVIDIA GeForce RTX 4060 Ti,12th Gen Intel(R) Core(TM) i7-12700,3840x2160,D3D12,0,20336,0x0000000063F0AD60,0,0,Hardware Composed: Independent Flip,0,4554.337963,16.146,15.884,0.166,0.517,2.079,0.032,NA,2775,9001,62,51,NA,NA,NA,NA,NA,NA,0.615,0.889,0.615,69,100,100,NA,4371,13, 39,41.006, 65,27,0,19,0,16,0,8,0,69,0,81,0,0,0,0,0,14,10,8,9,NA,NA,NA,NA,NA,NA,NA,NA,NA,NA,NA,NA,NA,NA,NA,NA,NA,NA,NA,NA,NA,NA,NA,NA,NA,NA,NA,NA,NA,NA,NA,NA,NA,NA,NA,NA,NA,NA,NA,NA,NA,NA,NA,NA,NA,NA,NA,NA
ImmortalsOfAveum-Win64-Shipping.exe,NVIDIA GeForce RTX 4060 Ti,12th Gen Intel(R) Core(TM) i7-12700,3840x2160,D3D12,0,20336,0x0000000063F0AD60,0,0,Hardware Composed: Independent Flip,0,4554.355049,17.086,17.060,0.226,1.992,2.053,0.117,NA,2775,9001,62,51,NA,NA,NA,NA,NA,NA,0.581,0.840,0.581,69,100,100,NA,4371,13, 39,41.006, 65,27,0,19,0,16,0,8,0,69,0,81,0,0,0,0,0,14,10,8,9,NA,NA,NA,NA,NA,NA,NA,NA,NA,NA,NA,NA,NA,NA,NA,NA,NA,NA,NA,NA,NA,NA,NA,NA,NA,NA,NA,NA,NA,NA,NA,NA,NA,NA,NA,NA,NA,NA,NA,NA,NA,NA,NA,NA,NA,NA,NA,NA
ImmortalsOfAveum-Win64-Shipping.exe,NVIDIA GeForce RTX 4060 Ti,12th Gen Intel(R) Core(TM) i7-12700,3840x2160,D3D12,0,20336,0x0000000063F0AD60,0,0,Hardware Composed: Independent Flip,0,4554.370771,15.723,16.591,0.143,0.551,2.921,0.035,NA,2775,9001,62,51,NA,NA,NA,NA,NA,NA,0.631,0.913,0.631,69,100,100,NA,4371,13, 39,41.006, 65,27,0,19,0,16,0,8,0,69,0,81,0,0,0,0,0,14,10,8,9,NA,NA,NA,NA,NA,NA,NA,NA,NA,NA,NA,NA,NA,NA,NA,NA,NA,NA,NA,NA,NA,NA,NA,NA,NA,NA,NA,NA,NA,NA,NA,NA,NA,NA,NA,NA,NA,NA,NA,NA,NA,NA,NA,NA,NA,NA,NA,NA
ImmortalsOfAveum-Win64-Shipping.exe,NVIDIA GeForce RTX 4060 Ti,12th Gen Intel(R) Core(TM) i7-12700,3840x2160,D3D12,0,20336,0x0000000063F0AD60,0,0,Hardware Composed: Independent Flip,0,4554.387533,16.762,16.579,0.219,2.256,2.739,0.135,NA,2775,9001,62,51,NA,NA,NA,NA,NA,NA,0.592,0.856,0.592,69,100,100,NA,4371,13, 39,41.006, 65,27,0,19,0,16,0,8,0,69,0,81,0,0,0,0,0,14,10,8,9,NA,NA,NA,NA,NA,NA,NA,NA,NA,NA,NA,NA,NA,NA,NA,NA,NA,NA,NA,NA,NA,NA,NA,NA,NA,NA,NA,NA,NA,NA,NA,NA,NA,NA,NA,NA,NA,NA,NA,NA,NA,NA,NA,NA,NA,NA,NA,NA
ImmortalsOfAveum-Win64-Shipping.exe,NVIDIA GeForce RTX 4060 Ti,12th Gen Intel(R) Core(TM) i7-12700,3840x2160,D3D12,0,20336,0x0000000063F0AD60,0,0,Hardware Composed: Independent Flip,0,4554.405289,17.755,17.969,0.161,0.356,2.953,0.020,NA,2775,9001,62,51,NA,NA,NA,NA,NA,NA,0.559,0.808,0.559,69,100,100,NA,4371,13, 39,41.006, 65,27,0,19,0,16,0,8,0,69,0,81,0,0,0,0,0,14,10,8,9,NA,NA,NA,NA,NA,NA,NA,NA,NA,NA,NA,NA,NA,NA,NA,NA,NA,NA,NA,NA,NA,NA,NA,NA,NA,NA,NA,NA,NA,NA,NA,NA,NA,NA,NA,NA,NA,NA,NA,NA,NA,NA,NA,NA,NA,NA,NA,NA
ImmortalsOfAveum-Win64-Shipping.exe,NVIDIA GeForce RTX 4060 Ti,12th Gen Intel(R) Core(TM) i7-12700,3840x2160,D3D12,0,20336,0x0000000063F0AD60,0,0,Hardware Composed: Independent Flip,0,4554.422490,17.201,16.707,0.229,2.400,2.459,0.140,NA,2775,9001,62,51,NA,NA,NA,NA,NA,NA,0.577,0.834,0.577,69,100,100,NA,4371,13, 39,41.006, 65,27,0,19,0,16,0,8,0,69,0,81,0,0,0,0,0,14,10,8,9,NA,NA,NA,NA,NA,NA,NA,NA,NA,NA,NA,NA,NA,NA,NA,NA,NA,NA,NA,NA,NA,NA,NA,NA,NA,NA,NA,NA,NA,NA,NA,NA,NA,NA,NA,NA,NA,NA,NA,NA,NA,NA,NA,NA,NA,NA,NA,NA
ImmortalsOfAveum-Win64-Shipping.exe,NVIDIA GeForce RTX 4060 Ti,12th Gen Intel(R) Core(TM) i7-12700,3840x2160,D3D12,0,20336,0x0000000063F0AD60,0,0,Hardware Composed: Independent Flip,0,4554.437585,15.095,15.064,0.159,0.538,2.428,0.036,NA,2775,9001,62,51,NA,NA,NA,NA,NA,NA,0.657,0.951,0.657,69,100,100,NA,4371,13, 39,41.721, 65,27,0,19,0,16,0,8,0,69,0,81,0,0,0,0,0,14,10,8,9,NA,NA,NA,NA,NA,NA,NA,NA,NA,NA,NA,NA,NA,NA,NA,NA,NA,NA,NA,NA,NA,NA,NA,NA,NA,NA,NA,NA,NA,NA,NA,NA,NA,NA,NA,NA,NA,NA,NA,NA,NA,NA,NA,NA,NA,NA,NA,NA
ImmortalsOfAveum-Win64-Shipping.exe,NVIDIA GeForce RTX 4060 Ti,12th Gen Intel(R) Core(TM) i7-12700,3840x2160,D3D12,0,20336,0x0000000063F0AD60,0,0,Hardware Composed: Independent Flip,0,4554.454534,16.948,16.769,0.278,2.187,2.249,0.129,NA,2775,9001,62,51,NA,NA,NA,NA,NA,NA,0.585,0.847,0.585,69,100,100,NA,4371,13, 39,41.721, 65,27,0,19,0,16,0,8,0,69,0,81,0,0,0,0,0,14,10,8,9,NA,NA,NA,NA,NA,NA,NA,NA,NA,NA,NA,NA,NA,NA,NA,NA,NA,NA,NA,NA,NA,NA,NA,NA,NA,NA,NA,NA,NA,NA,NA,NA,NA,NA,NA,NA,NA,NA,NA,NA,NA,NA,NA,NA,NA,NA,NA,NA
ImmortalsOfAveum-Win64-Shipping.exe,NVIDIA GeForce RTX 4060 Ti,12th Gen Intel(R) Core(TM) i7-12700,3840x2160,D3D12,0,20336,0x0000000063F0AD60,0,0,Hardware Composed: Independent Flip,0,4554.472245,17.711,18.517,0.162,0.348,3.054,0.020,NA,2775,9001,62,51,NA,NA,NA,NA,NA,NA,0.560,0.810,0.560,69,100,100,NA,4371,13, 39,41.721, 65,27,0,19,0,16,0,8,0,69,0,81,0,0,0,0,0,14,10,8,9,NA,NA,NA,NA,NA,NA,NA,NA,NA,NA,NA,NA,NA,NA,NA,NA,NA,NA,NA,NA,NA,NA,NA,NA,NA,NA,NA,NA,NA,NA,NA,NA,NA,NA,NA,NA,NA,NA,NA,NA,NA,NA,NA,NA,NA,NA,NA,NA
ImmortalsOfAveum-Win64-Shipping.exe,NVIDIA GeForce RTX 4060 Ti,12th Gen Intel(R) Core(TM) i7-12700,3840x2160,D3D12,0,20336,0x0000000063F0AD60,0,0,Hardware Composed: Independent Flip,0,4554.489250,17.005,15.743,0.248,1.734,1.792,0.102,NA,2775,9001,62,51,NA,NA,NA,NA,NA,NA,0.584,0.844,0.584,69,100,100,NA,4371,13, 39,41.721, 65,27,0,19,0,16,0,8,0,69,0,81,0,0,0,0,0,14,10,8,9,NA,NA,NA,NA,NA,NA,NA,NA,NA,NA,NA,NA,NA,NA,NA,NA,NA,NA,NA,NA,NA,NA,NA,NA,NA,NA,NA,NA,NA,NA,NA,NA,NA,NA,NA,NA,NA,NA,NA,NA,NA,NA,NA,NA,NA,NA,NA,NA
ImmortalsOfAveum-Win64-Shipping.exe,NVIDIA GeForce RTX 4060 Ti,12th Gen Intel(R) Core(TM) i7-12700,3840x2160,D3D12,0,20336,0x0000000063F0AD60,0,0,Hardware Composed: Independent Flip,0,4554.504782,15.532,16.123,0.143,0.553,2.382,0.036,NA,2775,9001,62,51,NA,NA,NA,NA,NA,NA,0.639,0.924,0.639,69,100,100,NA,4371,13, 39,41.721, 65,27,0,19,0,16,0,8,0,69,0,81,0,0,0,0,0,14,10,8,9,NA,NA,NA,NA,NA,NA,NA,NA,NA,NA,NA,NA,NA,NA,NA,NA,NA,NA,NA,NA,NA,NA,NA,NA,NA,NA,NA,NA,NA,NA,NA,NA,NA,NA,NA,NA,NA,NA,NA,NA,NA,NA,NA,NA,NA,NA,NA,NA
ImmortalsOfAveum-Win64-Shipping.exe,NVIDIA GeForce RTX 4060 Ti,12th Gen Intel(R) Core(TM) i7-12700,3840x2160,D3D12,0,20336,0x0000000063F0AD60,0,0,Hardware Composed: Independent Flip,0,4554.521857,17.075,17.171,0.245,2.458,2.478,0.144,NA,2775,9001,62,51,NA,NA,NA,NA,NA,NA,0.581,0.841,0.581,69,100,100,NA,4371,13, 39,41.721, 65,27,0,19,0,16,0,8,0,69,0,81,0,0,0,0,0,14,10,8,9,NA,NA,NA,NA,NA,NA,NA,NA,NA,NA,NA,NA,NA,NA,NA,NA,NA,NA,NA,NA,NA,NA,NA,NA,NA,NA,NA,NA,NA,NA,NA,NA,NA,NA,NA,NA,NA,NA,NA,NA,NA,NA,NA,NA,NA,NA,NA,NA
ImmortalsOfAveum-Win64-Shipping.exe,NVIDIA GeForce RTX 4060 Ti,12th Gen Intel(R) Core(TM) i7-12700,3840x2160,D3D12,0,20336,0x0000000063F0AD60,0,0,Hardware Composed: Independent Flip,0,4554.538183,16.326,16.028,0.146,0.546,2.179,0.033,NA,2775,9001,62,51,NA,NA,NA,NA,NA,NA,0.608,0.879,0.608,69,100,100,NA,4371,13, 39,41.721, 65,27,0,19,0,16,0,8,0,69,0,81,0,0,0,0,0,14,10,8,9,NA,NA,NA,NA,NA,NA,NA,NA,NA,NA,NA,NA,NA,NA,NA,NA,NA,NA,NA,NA,NA,NA,NA,NA,NA,NA,NA,NA,NA,NA,NA,NA,NA,NA,NA,NA,NA,NA,NA,NA,NA,NA,NA,NA,NA,NA,NA,NA
ImmortalsOfAveum-Win64-Shipping.exe,NVIDIA GeForce RTX 4060 Ti,12th Gen Intel(R) Core(TM) i7-12700,3840x2160,D3D12,0,20336,0x0000000063F0AD60,0,0,Hardware Composed: Independent Flip,0,4554.554907,16.724,16.359,0.253,1.755,1.815,0.105,NA,2775,9001,62,51,NA,NA,NA,NA,NA,NA,0.593,0.858,0.593,69,100,100,NA,4371,13, 39,41.721, 65,27,0,19,0,16,0,8,0,69,0,81,0,0,0,0,0,14,10,8,9,NA,NA,NA,NA,NA,NA,NA,NA,NA,NA,NA,NA,NA,NA,NA,NA,NA,NA,NA,NA,NA,NA,NA,NA,NA,NA,NA,NA,NA,NA,NA,NA,NA,NA,NA,NA,NA,NA,NA,NA,NA,NA,NA,NA,NA,NA,NA,NA
ImmortalsOfAveum-Win64-Shipping.exe,NVIDIA GeForce RTX 4060 Ti,12th Gen Intel(R) Core(TM) i7-12700,3840x2160,D3D12,0,20336,0x0000000063F0AD60,0,0,Hardware Composed: Independent Flip,0,4554.572104,17.197,17.928,0.181,0.364,2.546,0.021,NA,2775,9001,62,51,NA,NA,NA,NA,NA,NA,0.577,0.835,0.577,69,100,100,NA,4371,13, 39,41.721, 65,27,0,19,0,16,0,8,0,69,0,81,0,0,0,0,0,14,10,8,9,NA,NA,NA,NA,NA,NA,NA,NA,NA,NA,NA,NA,NA,NA,NA,NA,NA,NA,NA,NA,NA,NA,NA,NA,NA,NA,NA,NA,NA,NA,NA,NA,NA,NA,NA,NA,NA,NA,NA,NA,NA,NA,NA,NA,NA,NA,NA,NA
ImmortalsOfAveum-Win64-Shipping.exe,NVIDIA GeForce RTX 4060 Ti,12th Gen Intel(R) Core(TM) i7-12700,3840x2160,D3D12,0,20336,0x0000000063F0AD60,0,0,Hardware Composed: Independent Flip,0,4554.589234,17.130,16.984,0.196,2.341,2.400,0.137,NA,2775,9001,62,51,NA,NA,NA,NA,NA,NA,0.579,0.838,0.579,69,100,100,NA,4371,13, 39,41.721, 65,27,0,19,0,16,0,8,0,69,0,81,0,0,0,0,0,14,10,8,9,NA,NA,NA,NA,NA,NA,NA,NA,NA,NA,NA,NA,NA,NA,NA,NA,NA,NA,NA,NA,NA,NA,NA,NA,NA,NA,NA,NA,NA,NA,NA,NA,NA,NA,NA,NA,NA,NA,NA,NA,NA,NA,NA,NA,NA,NA,NA,NA
ImmortalsOfAveum-Win64-Shipping.exe,NVIDIA GeForce RTX 4060 Ti,12th Gen Intel(R) Core(TM) i7-12700,3840x2160,D3D12,0,20336,0x0000000063F0AD60,0,0,Hardware Composed: Independent Flip,0,4554.604498,15.264,14.821,0.140,0.557,1.956,0.037,NA,2775,9001,62,51,NA,NA,NA,NA,NA,NA,0.650,0.940,0.650,69,100,100,NA,4371,13, 39,41.721, 65,27,0,19,0,16,0,8,0,69,0,81,0,0,0,0,0,14,10,8,9,NA,NA,NA,NA,NA,NA,NA,NA,NA,NA,NA,NA,NA,NA,NA,NA,NA,NA,NA,NA,NA,NA,NA,NA,NA,NA,NA,NA,NA,NA,NA,NA,NA,NA,NA,NA,NA,NA,NA,NA,NA,NA,NA,NA,NA,NA,NA,NA
ImmortalsOfAveum-Win64-Shipping.exe,NVIDIA GeForce RTX 4060 Ti,12th Gen Intel(R) Core(TM) i7-12700,3840x2160,D3D12,0,20336,0x0000000063F0AD60,0,0,Hardware Composed: Independent Flip,0,4554.621330,16.832,17.453,0.207,2.516,2.577,0.149,NA,2775,9001,61,51,NA,NA,NA,NA,NA,NA,0.590,0.853,0.590,69,100,100,NA,4367,14, 39,41.721, 65,29,1,22,1,15,1,7,1,73,1,77,1,1,1,1,1,16,13,12,12,NA,NA,NA,NA,NA,NA,NA,NA,NA,NA,NA,NA,NA,NA,NA,NA,NA,NA,NA,NA,NA,NA,NA,NA,NA,NA,NA,NA,NA,NA,NA,NA,NA,NA,NA,NA,NA,NA,NA,NA,NA,NA,NA,NA,NA,NA,NA,NA
ImmortalsOfAveum-Win64-Shipping.exe,NVIDIA GeForce RTX 4060 Ti,12th Gen Intel(R) Core(TM) i7-12700,3840x2160,D3D12,0,20336,0x0000000063F0AD60,0,0,Hardware Composed: Independent Flip,0,4554.637671,16.341,16.765,0.153,0.528,3.001,0.032,NA,2775,9001,61,51,NA,NA,NA,NA,NA,NA,0.607,0.878,0.607,69,100,100,NA,4367,14, 39,43.291, 65,29,1,22,1,15,1,7,1,73,1,77,1,1,1,1,1,16,13,12,12,NA,NA,NA,NA,NA,NA,NA,NA,NA,NA,NA,NA,NA,NA,NA,NA,NA,NA,NA,NA,NA,NA,NA,NA,NA,NA,NA,NA,NA,NA,NA,NA,NA,NA,NA,NA,NA,NA,NA,NA,NA,NA,NA,NA,NA,NA,NA,NA
ImmortalsOfAveum-Win64-Shipping.exe,NVIDIA GeForce RTX 4060 Ti,12th Gen Intel(R) Core(TM) i7-12700,3840x2160,D3D12,0,20336,0x0000000063F0AD60,0,0,Hardware Composed: Independent Flip,0,4554.654317,16.647,15.784,0.254,2.078,2.139,0.125,NA,2775,9001,61,51,NA,NA,NA,NA,NA,NA,0.596,0.862,0.596,69,100,100,NA,4367,14, 39,43.291, 65,29,1,22,1,15,1,7,1,73,1,77,1,1,1,1,1,16,13,12,12,NA,NA,NA,NA,NA,NA,NA,NA,NA,NA,NA,NA,NA,NA,NA,NA,NA,NA,NA,NA,NA,NA,NA,NA,NA,NA,NA,NA,NA,NA,NA,NA,NA,NA,NA,NA,NA,NA,NA,NA,NA,NA,NA,NA,NA,NA,NA,NA
ImmortalsOfAveum-Win64-Shipping.exe,NVIDIA GeForce RTX 4060 Ti,12th Gen Intel(R) Core(TM) i7-12700,3840x2160,D3D12,0,20336,0x0000000063F0AD60,0,0,Hardware Composed: Independent Flip,0,4554.671807,17.490,18.520,0.170,0.359,3.169,0.021,NA,2775,9001,61,51,NA,NA,NA,NA,NA,NA,0.567,0.821,0.567,69,100,100,NA,4367,14, 39,43.291, 65,29,1,22,1,15,1,7,1,73,1,77,1,1,1,1,1,16,13,12,12,NA,NA,NA,NA,NA,NA,NA,NA,NA,NA,NA,NA,NA,NA,NA,NA,NA,NA,NA,NA,NA,NA,NA,NA,NA,NA,NA,NA,NA,NA,NA,NA,NA,NA,NA,NA,NA,NA,NA,NA,NA,NA,NA,NA,NA,NA,NA,NA
ImmortalsOfAveum-Win64-Shipping.exe,NVIDIA GeForce RTX 4060 Ti,12th Gen Intel(R) Core(TM) i7-12700,3840x2160,D3D12,0,20336,0x0000000063F0AD60,0,0,Hardware Composed: Independent Flip,0,4554.688968,17.161,16.026,0.187,2.022,2.034,0.118,NA,2775,9001,61,51,NA,NA,NA,NA,NA,NA,0.578,0.836,0.578,69,100,100,NA,4367,14, 39,43.291, 65,29,1,22,1,15,1,7,1,73,1,77,1,1,1,1,1,16,13,12,12,NA,NA,NA,NA,NA,NA,NA,NA,NA,NA,NA,NA,NA,NA,NA,NA,NA,NA,NA,NA,NA,NA,NA,NA,NA,NA,NA,NA,NA,NA,NA,NA,NA,NA,NA,NA,NA,NA,NA,NA,NA,NA,NA,NA,NA,NA,NA,NA
ImmortalsOfAveum-Win64-Shipping.exe,NVIDIA GeForce RTX 4060 Ti,12th Gen Intel(R) Core(TM) i7-12700,3840x2160,D3D12,0,20336,0x0000000063F0AD60,0,0,Hardware Composed: Independent Flip,0,4554.704817,15.849,15.810,0.146,0.562,1.996,0.035,NA,2775,9001,61,51,NA,NA,NA,NA,NA,NA,0.626,0.906,0.626,69,100,100,NA,4367,14, 39,43.291, 65,29,1,22,1,15,1,7,1,73,1,77,1,1,1,1,1,16,13,12,12,NA,NA,NA,NA,NA,NA,NA,NA,NA,NA,NA,NA,NA,NA,NA,NA,NA,NA,NA,NA,NA,NA,NA,NA,NA,NA,NA,NA,NA,NA,NA,NA,NA,NA,NA,NA,NA,NA,NA,NA,NA,NA,NA,NA,NA,NA,NA,NA
ImmortalsOfAveum-Win64-Shipping.exe,NVIDIA GeForce RTX 4060 Ti,12th Gen Intel(R) Core(TM) i7-12700,3840x2160,D3D12,0,20336,0x0000000063F0AD60,0,0,Hardware Composed: Independent Flip,0,4554.721862,17.045,17.320,0.187,2.211,2.270,0.130,NA,2775,9001,61,51,NA,NA,NA,NA,NA,NA,0.582,0.842,0.582,69,100,100,NA,4367,14, 39,43.291, 65,29,1,22,1,15,1,7,1,73,1,77,1,1,1,1,1,16,13,12,12,NA,NA,NA,NA,NA,NA,NA,NA,NA,NA,NA,NA,NA,NA,NA,NA,NA,NA,NA,NA,NA,NA,NA,NA,NA,NA,NA,NA,NA,NA,NA,NA,NA,NA,NA,NA,NA,NA,NA,NA,NA,NA,NA,NA,NA,NA,NA,NA
ImmortalsOfAveum-Win64-Shipping.exe,NVIDIA GeForce RTX 4060 Ti,12th Gen Intel(R) Core(TM) i7-12700,3840x2160,D3D12,0,20336,0x0000000063F0AD60,0,0,Hardware Composed: Independent Flip,0,4554.737895,16.033,15.841,0.153,0.549,2.078,0.034,NA,2775,9001,61,51,NA,NA,NA,NA,NA,NA,0.619,0.895,0.619,69,100,100,NA,4367,14, 39,43.291, 65,29,1,22,1,15,1,7,1,73,1,77,1,1,1,1,1,16,13,12,12,NA,NA,NA,NA,NA,NA,NA,NA,NA,NA,NA,NA,NA,NA,NA,NA,NA,NA,NA,NA,NA,NA,NA,NA,NA,NA,NA,NA,NA,NA,NA,NA,NA,NA,NA,NA,NA,NA,NA,NA,NA,NA,NA,NA,NA,NA,NA,NA
ImmortalsOfAveum-Win64-Shipping.exe,NVIDIA GeForce RTX 4060 Ti,12th Gen Intel(R) Core(TM) i7-12700,3840x2160,D3D12,0,20336,0x0000000063F0AD60,0,0,Hardware Composed: Independent Flip,0,4554.754669,16.774,16.820,0.189,2.064,2.124,0.123,NA,2775,9001,61,51,NA,NA,NA,NA,NA,NA,0.592,0.856,0.592,69,100,100,NA,4367,14, 39,43.291, 65,29,1,22,1,15,1,7,1,73,1,77,1,1,1,1,1,16,13,12,12,NA,NA,NA,NA,NA,NA,NA,NA,NA,NA,NA,NA,NA,NA,NA,NA,NA,NA,NA,NA,NA,NA,NA,NA,NA,NA,NA,NA,NA,NA,NA,NA,NA,NA,NA,NA,NA,NA,NA,NA,NA,NA,NA,NA,NA,NA,NA,NA
ImmortalsOfAveum-Win64-Shipping.exe,NVIDIA GeForce RTX 4060 Ti,12th Gen Intel(R) Core(TM) i7-12700,3840x2160,D3D12,0,20336,0x0000000063F0AD60,0,0,Hardware Composed: Independent Flip,0,4554.772232,17.562,18.066,0.145,0.362,2.628,0.021,NA,2775,9001,61,51,NA,NA,NA,NA,NA,NA,0.565,0.817,0.565,69,100,100,NA,4367,14, 39,43.291, 65,29,1,22,1,15,1,7,1,73,1,77,1,1,1,1,1,16,13,12,12,NA,NA,NA,NA,NA,NA,NA,NA,NA,NA,NA,NA,NA,NA,NA,NA,NA,NA,NA,NA,NA,NA,NA,NA,NA,NA,NA,NA,NA,NA,NA,NA,NA,NA,NA,NA,NA,NA,NA,NA,NA,NA,NA,NA,NA,NA,NA,NA
ImmortalsOfAveum-Win64-Shipping.exe,NVIDIA GeForce RTX 4060 Ti,12th Gen Intel(R) Core(TM) i7-12700,3840x2160,D3D12,0,20336,0x0000000063F0AD60,0,0,Hardware Composed: Independent Flip,0,4554.789459,17.227,16.936,0.220,2.278,2.337,0.132,NA,2775,9001,61,51,NA,NA,NA,NA,NA,NA,0.576,0.833,0.576,69,100,100,NA,4367,14, 39,43.291, 65,29,1,22,1,15,1,7,1,73,1,77,1,1,1,1,1,16,13,12,12,NA,NA,NA,NA,NA,NA,NA,NA,NA,NA,NA,NA,NA,NA,NA,NA,NA,NA,NA,NA,NA,NA,NA,NA,NA,NA,NA,NA,NA,NA,NA,NA,NA,NA,NA,NA,NA,NA,NA,NA,NA,NA,NA,NA,NA,NA,NA,NA
ImmortalsOfAveum-Win64-Shipping.exe,NVIDIA GeForce RTX 4060 Ti,12th Gen Intel(R) Core(TM) i7-12700,3840x2160,D3D12,0,20336,0x0000000063F0AD60,0,0,Hardware Composed: Independent Flip,0,4554.804685,15.226,15.045,0.155,0.520,2.156,0.034,NA,2775,9001,61,51,NA,NA,NA,NA,NA,NA,0.652,0.943,0.652,69,100,100,NA,4367,14, 39,43.291, 65,29,1,22,1,15,1,7,1,73,1,77,1,1,1,1,1,16,13,12,12,NA,NA,NA,NA,NA,NA,NA,NA,NA,NA,NA,NA,NA,NA,NA,NA,NA,NA,NA,NA,NA,NA,NA,NA,NA,NA,NA,NA,NA,NA,NA,NA,NA,NA,NA,NA,NA,NA,NA,NA,NA,NA,NA,NA,NA,NA,NA,NA
ImmortalsOfAveum-Win64-Shipping.exe,NVIDIA GeForce RTX 4060 Ti,12th Gen Intel(R) Core(TM) i7-12700,3840x2160,D3D12,0,20336,0x0000000063F0AD60,0,0,Hardware Composed: Independent Flip,0,4554.821597,16.912,16.909,0.197,2.132,2.153,0.126,NA,2775,9001,61,51,NA,NA,NA,NA,NA,NA,0.587,0.849,0.587,69,100,100,NA,4367,14, 39,43.291, 65,29,1,22,1,15,1,7,1,73,1,77,1,1,1,1,1,16,13,12,12,NA,NA,NA,NA,NA,NA,NA,NA,NA,NA,NA,NA,NA,NA,NA,NA,NA,NA,NA,NA,NA,NA,NA,NA,NA,NA,NA,NA,NA,NA,NA,NA,NA,NA,NA,NA,NA,NA,NA,NA,NA,NA,NA,NA,NA,NA,NA,NA
ImmortalsOfAveum-Win64-Shipping.exe,NVIDIA GeForce RTX 4060 Ti,12th Gen Intel(R) Core(TM) i7-12700,3840x2160,D3D12,0,20336,0x0000000063F0AD60,0,0,Hardware Composed: Independent Flip,0,4554.838303,16.706,17.476,0.162,0.349,2.924,0.021,NA,2775,9001,61,51,NA,NA,NA,NA,NA,NA,0.594,0.859,0.594,69,100,100,NA,4367,14, 39,42.453, 65,29,1,22,1,15,1,7,1,73,1,77,1,1,1,1,1,16,13,12,12,NA,NA,NA,NA,NA,NA,NA,NA,NA,NA,NA,NA,NA,NA,NA,NA,NA,NA,NA,NA,NA,NA,NA,NA,NA,NA,NA,NA,NA,NA,NA,NA,NA,NA,NA,NA,NA,NA,NA,NA,NA,NA,NA,NA,NA,NA,NA,NA
ImmortalsOfAveum-Win64-Shipping.exe,NVIDIA GeForce RTX 4060 Ti,12th Gen Intel(R) Core(TM) i7-12700,3840x2160,D3D12,0,20336,0x0000000063F0AD60,0,0,Hardware Composed: Independent Flip,0,4554.855054,16.751,16.024,0.218,2.139,2.197,0.128,NA,2775,9001,61,51,NA,NA,NA,NA,NA,NA,0.592,0.857,0.592,69,100,100,NA,4367,14, 39,42.453, 65,29,1,22,1,15,1,7,1,73,1,77,1,1,1,1,1,16,13,12,12,NA,NA,NA,NA,NA,NA,NA,NA,NA,NA,NA,NA,NA,NA,NA,NA,NA,NA,NA,NA,NA,NA,NA,NA,NA,NA,NA,NA,NA,NA,NA,NA,NA,NA,NA,NA,NA,NA,NA,NA,NA,NA,NA,NA,NA,NA,NA,NA
ImmortalsOfAveum-Win64-Shipping.exe,NVIDIA GeForce RTX 4060 Ti,12th Gen Intel(R) Core(TM) i7-12700,3840x2160,D3D12,0,20336,0x0000000063F0AD60,0,0,Hardware Composed: Independent Flip,0,4554.870926,15.872,16.495,0.141,0.552,2.821,0.035,NA,2775,9001,61,51,NA,NA,NA,NA,NA,NA,0.625,0.904,0.625,69,100,100,NA,4367,14, 39,42.453, 65,29,1,22,1,15,1,7,1,73,1,77,1,1,1,1,1,16,13,12,12,NA,NA,NA,NA,NA,NA,NA,NA,NA,NA,NA,NA,NA,NA,NA,NA,NA,NA,NA,NA,NA,NA,NA,NA,NA,NA,NA,NA,NA,NA,NA,NA,NA,NA,NA,NA,NA,NA,NA,NA,NA,NA,NA,NA,NA,NA,NA,NA
ImmortalsOfAveum-Win64-Shipping.exe,NVIDIA GeForce RTX 4060 Ti,12th Gen Intel(R) Core(TM) i7-12700,3840x2160,D3D12,0,20336,0x0000000063F0AD60,0,0,Hardware Composed: Independent Flip,0,4554.887773,16.848,16.102,0.240,2.014,2.075,0.120,NA,2775,9001,61,51,NA,NA,NA,NA,NA,NA,0.589,0.852,0.589,69,100,100,NA,4367,14, 39,42.453, 65,29,1,22,1,15,1,7,1,73,1,77,1,1,1,1,1,16,13,12,12,NA,NA,NA,NA,NA,NA,NA,NA,NA,NA,NA,NA,NA,NA,NA,NA,NA,NA,NA,NA,NA,NA,NA,NA,NA,NA,NA,NA,NA,NA,NA,NA,NA,NA,NA,NA,NA,NA,NA,NA,NA,NA,NA,NA,NA,NA,NA,NA
ImmortalsOfAveum-Win64-Shipping.exe,NVIDIA GeForce RTX 4060 Ti,12th Gen Intel(R) Core(TM) i7-12700,3840x2160,D3D12,0,20336,0x0000000063F0AD60,0,0,Hardware Composed: Independent Flip,0,4554.905199,17.426,17.721,0.158,0.348,2.370,0.020,NA,2775,9001,61,51,NA,NA,NA,NA,NA,NA,0.569,0.824,0.569,69,100,100,NA,4367,14, 39,42.453, 65,29,1,22,1,15,1,7,1,73,1,77,1,1,1,1,1,16,13,12,12,NA,NA,NA,NA,NA,NA,NA,NA,NA,NA,NA,NA,NA,NA,NA,NA,NA,NA,NA,NA,NA,NA,NA,NA,NA,NA,NA,NA,NA,NA,NA,NA,NA,NA,NA,NA,NA,NA,NA,NA,NA,NA,NA,NA,NA,NA,NA,NA
ImmortalsOfAveum-Win64-Shipping.exe,NVIDIA GeForce RTX 4060 Ti,12th Gen Intel(R) Core(TM) i7-12700,3840x2160,D3D12,0,20336,0x0000000063F0AD60,0,0,Hardware Composed: Independent Flip,0,4554.922180,16.980,16.224,0.247,1.548,1.614,0.091,NA,2775,9001,61,51,NA,NA,NA,NA,NA,NA,0.584,0.845,0.584,69,100,100,NA,4367,14, 39,42.453, 65,29,1,22,1,15,1,7,1,73,1,77,1,1,1,1,1,16,13,12,12,NA,NA,NA,NA,NA,NA,NA,NA,NA,NA,NA,NA,NA,NA,NA,NA,NA,NA,NA,NA,NA,NA,NA,NA,NA,NA,NA,NA,NA,NA,NA,NA,NA,NA,NA,NA,NA,NA,NA,NA,NA,NA,NA,NA,NA,NA,NA,NA
ImmortalsOfAveum-Win64-Shipping.exe,NVIDIA GeForce RTX 4060 Ti,12th Gen Intel(R) Core(TM) i7-12700,3840x2160,D3D12,0,20336,0x0000000063F0AD60,0,0,Hardware Composed: Independent Flip,0,4554.937608,15.428,15.575,0.141,0.555,1.760,0.036,NA,2775,9001,61,51,NA,NA,NA,NA,NA,NA,0.643,0.930,0.643,69,100,100,NA,4367,14, 39,42.453, 65,29,1,22,1,15,1,7,1,73,1,77,1,1,1,1,1,16,13,12,12,NA,NA,NA,NA,NA,NA,NA,NA,NA,NA,NA,NA,NA,NA,NA,NA,NA,NA,NA,NA,NA,NA,NA,NA,NA,NA,NA,NA,NA,NA,NA,NA,NA,NA,NA,NA,NA,NA,NA,NA,NA,NA,NA,NA,NA,NA,NA,NA
ImmortalsOfAveum-Win64-Shipping.exe,NVIDIA GeForce RTX 4060 Ti,12th Gen Intel(R) Core(TM) i7-12700,3840x2160,D3D12,0,20336,0x0000000063F0AD60,0,0,Hardware Composed: Independent Flip,0,4554.954535,16.927,16.951,0.203,1.724,1.784,0.102,NA,2775,9001,61,51,NA,NA,NA,NA,NA,NA,0.586,0.848,0.586,69,100,100,NA,4367,14, 39,42.453, 65,29,1,22,1,15,1,7,1,73,1,77,1,1,1,1,1,16,13,12,12,NA,NA,NA,NA,NA,NA,NA,NA,NA,NA,NA,NA,NA,NA,NA,NA,NA,NA,NA,NA,NA,NA,NA,NA,NA,NA,NA,NA,NA,NA,NA,NA,NA,NA,NA,NA,NA,NA,NA,NA,NA,NA,NA,NA,NA,NA,NA,NA
ImmortalsOfAveum-Win64-Shipping.exe,NVIDIA GeForce RTX 4060 Ti,12th Gen Intel(R) Core(TM) i7-12700,3840x2160,D3D12,0,20336,0x0000000063F0AD60,0,0,Hardware Composed: Independent Flip,0,4554.971656,17.122,17.210,0.157,0.344,1.873,0.020,NA,2775,9001,61,51,NA,NA,NA,NA,NA,NA,0.580,0.838,0.580,69,100,100,NA,4367,14, 39,42.453, 65,29,1,22,1,15,1,7,1,73,1,77,1,1,1,1,1,16,13,12,12,NA,NA,NA,NA,NA,NA,NA,NA,NA,NA,NA,NA,NA,NA,NA,NA,NA,NA,NA,NA,NA,NA,NA,NA,NA,NA,NA,NA,NA,NA,NA,NA,NA,NA,NA,NA,NA,NA,NA,NA,NA,NA,NA,NA,NA,NA,NA,NA
ImmortalsOfAveum-Win64-Shipping.exe,NVIDIA GeForce RTX 4060 Ti,12th Gen Intel(R) Core(TM) i7-12700,3840x2160,D3D12,0,20336,0x0000000063F0AD60,0,0,Hardware Composed: Independent Flip,0,4554.988514,16.857,17.242,0.201,2.242,2.257,0.133,NA,2775,9001,61,51,NA,NA,NA,NA,NA,NA,0.589,0.851,0.589,69,100,100,NA,4367,14, 39,42.453, 65,29,1,22,1,15,1,7,1,73,1,77,1,1,1,1,1,16,13,12,12,NA,NA,NA,NA,NA,NA,NA,NA,NA,NA,NA,NA,NA,NA,NA,NA,NA,NA,NA,NA,NA,NA,NA,NA,NA,NA,NA,NA,NA,NA,NA,NA,NA,NA,NA,NA,NA,NA,NA,NA,NA,NA,NA,NA,NA,NA,NA,NA
ImmortalsOfAveum-Win64-Shipping.exe,NVIDIA GeForce RTX 4060 Ti,12th Gen Intel(R) Core(TM) i7-12700,3840x2160,D3D12,0,20336,0x0000000063F0AD60,0,0,Hardware Composed: Independent Flip,0,4555.004632,16.118,15.784,0.149,0.539,1.922,0.033,NA,2775,9001,61,51,NA,NA,NA,NA,NA,NA,0.616,0.890,0.616,69,100,100,NA,4367,14, 39,42.453, 65,29,1,22,1,15,1,7,1,73,1,77,1,1,1,1,1,16,13,12,12,NA,NA,NA,NA,NA,NA,NA,NA,NA,NA,NA,NA,NA,NA,NA,NA,NA,NA,NA,NA,NA,NA,NA,NA,NA,NA,NA,NA,NA,NA,NA,NA,NA,NA,NA,NA,NA,NA,NA,NA,NA,NA,NA,NA,NA,NA,NA,NA
ImmortalsOfAveum-Win64-Shipping.exe,NVIDIA GeForce RTX 4060 Ti,12th Gen Intel(R) Core(TM) i7-12700,3840x2160,D3D12,0,20336,0x0000000063F0AD60,0,0,Hardware Composed: Independent Flip,0,4555.021642,17.010,16.984,0.235,1.836,1.896,0.108,NA,2775,9001,61,51,NA,NA,NA,NA,NA,NA,0.583,0.844,0.583,69,100,100,NA,4367,14, 39,42.453, 65,29,1,22,1,15,1,7,1,73,1,77,1,1,1,1,1,16,13,12,12,NA,NA,NA,NA,NA,NA,NA,NA,NA,NA,NA,NA,NA,NA,NA,NA,NA,NA,NA,NA,NA,NA,NA,NA,NA,NA,NA,NA,NA,NA,NA,NA,NA,NA,NA,NA,NA,NA,NA,NA,NA,NA,NA,NA,NA,NA,NA,NA
ImmortalsOfAveum-Win64-Shipping.exe,NVIDIA GeForce RTX 4060 Ti,12th Gen Intel(R) Core(TM) i7-12700,3840x2160,D3D12,0,20336,0x0000000063F0AD60,0,0,Hardware Composed: Independent Flip,0,4555.038932,17.290,17.838,0.193,0.347,2.444,0.020,NA,2775,9001,61,51,NA,NA,NA,NA,NA,NA,0.574,0.830,0.574,69,100,100,NA,4367,14, 39,42.611, 65,29,1,22,1,15,1,7,1,73,1,77,1,1,1,1,1,16,13,12,12,NA,NA,NA,NA,NA,NA,NA,NA,NA,NA,NA,NA,NA,NA,NA,NA,NA,NA,NA,NA,NA,NA,NA,NA,NA,NA,NA,NA,NA,NA,NA,NA,NA,NA,NA,NA,NA,NA,NA,NA,NA,NA,NA,NA,NA,NA,NA,NA
ImmortalsOfAveum-Win64-Shipping.exe,NVIDIA GeForce RTX 4060 Ti,12th Gen Intel(R) Core(TM) i7-12700,3840x2160,D3D12,0,20336,0x0000000063F0AD60,0,0,Hardware Composed: Independent Flip,0,4555.055915,16.983,16.871,0.226,2.273,2.332,0.134,NA,2775,9001,61,51,NA,NA,NA,NA,NA,NA,0.584,0.845,0.584,69,100,100,NA,4367,14, 39,42.611, 65,29,1,22,1,15,1,7,1,73,1,77,1,1,1,1,1,16,13,12,12,NA,NA,NA,NA,NA,NA,NA,NA,NA,NA,NA,NA,NA,NA,NA,NA,NA,NA,NA,NA,NA,NA,NA,NA,NA,NA,NA,NA,NA,NA,NA,NA,NA,NA,NA,NA,NA,NA,NA,NA,NA,NA,NA,NA,NA,NA,NA,NA
ImmortalsOfAveum-Win64-Shipping.exe,NVIDIA GeForce RTX 4060 Ti,12th Gen Intel(R) Core(TM) i7-12700,3840x2160,D3D12,0,20336,0x0000000063F0AD60,0,0,Hardware Composed: Independent Flip,0,4555.071029,15.114,14.994,0.151,0.550,2.212,0.036,NA,2775,9001,61,51,NA,NA,NA,NA,NA,NA,0.657,0.950,0.657,69,100,100,NA,4367,14, 39,42.611, 65,29,1,22,1,15,1,7,1,73,1,77,1,1,1,1,1,16,13,12,12,NA,NA,NA,NA,NA,NA,NA,NA,NA,NA,NA,NA,NA,NA,NA,NA,NA,NA,NA,NA,NA,NA,NA,NA,NA,NA,NA,NA,NA,NA,NA,NA,NA,NA,NA,NA,NA,NA,NA,NA,NA,NA,NA,NA,NA,NA,NA,NA
ImmortalsOfAveum-Win64-Shipping.exe,NVIDIA GeForce RTX 4060 Ti,12th Gen Intel(R) Core(TM) i7-12700,3840x2160,D3D12,0,20336,0x0000000063F0AD60,0,0,Hardware Composed: Independent Flip,0,4555.087929,16.899,16.661,0.244,1.913,1.974,0.113,NA,2775,9001,61,51,NA,NA,NA,NA,NA,NA,0.587,0.849,0.587,69,100,100,NA,4367,14, 39,42.611, 65,29,1,22,1,15,1,7,1,73,1,77,1,1,1,1,1,16,13,12,12,NA,NA,NA,NA,NA,NA,NA,NA,NA,NA,NA,NA,NA,NA,NA,NA,NA,NA,NA,NA,NA,NA,NA,NA,NA,NA,NA,NA,NA,NA,NA,NA,NA,NA,NA,NA,NA,NA,NA,NA,NA,NA,NA,NA,NA,NA,NA,NA
ImmortalsOfAveum-Win64-Shipping.exe,NVIDIA GeForce RTX 4060 Ti,12th Gen Intel(R) Core(TM) i7-12700,3840x2160,D3D12,0,20336,0x0000000063F0AD60,0,0,Hardware Composed: Independent Flip,0,4555.105306,17.377,18.319,0.167,0.320,2.916,0.018,NA,2775,9001,61,51,NA,NA,NA,NA,NA,NA,0.571,0.826,0.571,69,100,100,NA,4367,14, 39,42.611, 65,29,1,22,1,15,1,7,1,73,1,77,1,1,1,1,1,16,13,12,12,NA,NA,NA,NA,NA,NA,NA,NA,NA,NA,NA,NA,NA,NA,NA,NA,NA,NA,NA,NA,NA,NA,NA,NA,NA,NA,NA,NA,NA,NA,NA,NA,NA,NA,NA,NA,NA,NA,NA,NA,NA,NA,NA,NA,NA,NA,NA,NA
ImmortalsOfAveum-Win64-Shipping.exe,NVIDIA GeForce RTX 4060 Ti,12th Gen Intel(R) Core(TM) i7-12700,3840x2160,D3D12,0,20336,0x0000000063F0AD60,0,0,Hardware Composed: Independent Flip,0,4555.122122,16.817,15.695,0.198,1.736,1.794,0.103,NA,2775,9001,61,51,NA,NA,NA,NA,NA,NA,0.590,0.853,0.590,69,100,100,NA,4367,14, 39,42.611, 65,29,1,22,1,15,1,7,1,73,1,77,1,1,1,1,1,16,13,12,12,NA,NA,NA,NA,NA,NA,NA,NA,NA,NA,NA,NA,NA,NA,NA,NA,NA,NA,NA,NA,NA,NA,NA,NA,NA,NA,NA,NA,NA,NA,NA,NA,NA,NA,NA,NA,NA,NA,NA,NA,NA,NA,NA,NA,NA,NA,NA,NA
ImmortalsOfAveum-Win64-Shipping.exe,NVIDIA GeForce RTX 4060 Ti,12th Gen Intel(R) Core(TM) i7-12700,3840x2160,D3D12,0,20336,0x0000000063F0AD60,0,0,Hardware Composed: Independent Flip,0,4555.137710,15.587,16.160,0.150,0.548,2.366,0.035,NA,2775,9001,62,51,NA,NA,NA,NA,NA,NA,0.636,0.919,0.636,69,100,100,NA,4372,13, 39,42.611, 65,27,0,20,0,15,0,10,0,68,0,80,0,0,0,0,0,13,10,8,8,NA,NA,NA,NA,NA,NA,NA,NA,NA,NA,NA,NA,NA,NA,NA,NA,NA,NA,NA,NA,NA,NA,NA,NA,NA,NA,NA,NA,NA,NA,NA,NA,NA,NA,NA,NA,NA,NA,NA,NA,NA,NA,NA,NA,NA,NA,NA,NA
ImmortalsOfAveum-Win64-Shipping.exe,NVIDIA GeForce RTX 4060 Ti,12th Gen Intel(R) Core(TM) i7-12700,3840x2160,D3D12,0,20336,0x0000000063F0AD60,0,0,Hardware Composed: Independent Flip,0,4555.154629,16.919,16.323,0.215,1.708,1.770,0.101,NA,2775,9001,62,51,NA,NA,NA,NA,NA,NA,0.586,0.847,0.586,69,100,100,NA,4372,13, 39,42.611, 65,27,0,20,0,15,0,10,0,68,0,80,0,0,0,0,0,13,10,8,8,NA,NA,NA,NA,NA,NA,NA,NA,NA,NA,NA,NA,NA,NA,NA,NA,NA,NA,NA,NA,NA,NA,NA,NA,NA,NA,NA,NA,NA,NA,NA,NA,NA,NA,NA,NA,NA,NA,NA,NA,NA,NA,NA,NA,NA,NA,NA,NA
ImmortalsOfAveum-Win64-Shipping.exe,NVIDIA GeForce RTX 4060 Ti,12th Gen Intel(R) Core(TM) i7-12700,3840x2160,D3D12,0,20336,0x0000000063F0AD60,0,0,Hardware Composed: Independent Flip,0,4555.172728,18.099,18.203,0.255,0.346,1.874,0.019,NA,2775,9001,62,51,NA,NA,NA,NA,NA,NA,0.548,0.792,0.548,69,100,100,NA,4372,13, 39,42.611, 65,27,0,20,0,15,0,10,0,68,0,80,0,0,0,0,0,13,10,8,8,NA,NA,NA,NA,NA,NA,NA,NA,NA,NA,NA,NA,NA,NA,NA,NA,NA,NA,NA,NA,NA,NA,NA,NA,NA,NA,NA,NA,NA,NA,NA,NA,NA,NA,NA,NA,NA,NA,NA,NA,NA,NA,NA,NA,NA,NA,NA,NA
ImmortalsOfAveum-Win64-Shipping.exe,NVIDIA GeForce RTX 4060 Ti,12th Gen Intel(R) Core(TM) i7-12700,3840x2160,D3D12,0,20336,0x0000000063F0AD60,0,0,Hardware Composed: Independent Flip,0,4555.189852,17.124,17.092,0.217,1.780,1.842,0.104,NA,2775,9001,62,51,NA,NA,NA,NA,NA,NA,0.579,0.837,0.579,69,100,100,NA,4372,13, 39,42.611, 65,27,0,20,0,15,0,10,0,68,0,80,0,0,0,0,0,13,10,8,8,NA,NA,NA,NA,NA,NA,NA,NA,NA,NA,NA,NA,NA,NA,NA,NA,NA,NA,NA,NA,NA,NA,NA,NA,NA,NA,NA,NA,NA,NA,NA,NA,NA,NA,NA,NA,NA,NA,NA,NA,NA,NA,NA,NA,NA,NA,NA,NA
ImmortalsOfAveum-Win64-Shipping.exe,NVIDIA GeForce RTX 4060 Ti,12th Gen Intel(R) Core(TM) i7-12700,3840x2160,D3D12,0,20336,0x0000000063F0AD60,0,0,Hardware Composed: Independent Flip,0,4555.204590,14.737,14.018,0.201,0.536,1.123,0.036,NA,2775,9001,62,51,NA,NA,NA,NA,NA,NA,0.673,0.972,0.673,69,100,100,NA,4372,13, 39,42.611, 65,27,0,20,0,15,0,10,0,68,0,80,0,0,0,0,0,13,10,8,8,NA,NA,NA,NA,NA,NA,NA,NA,NA,NA,NA,NA,NA,NA,NA,NA,NA,NA,NA,NA,NA,NA,NA,NA,NA,NA,NA,NA,NA,NA,NA,NA,NA,NA,NA,NA,NA,NA,NA,NA,NA,NA,NA,NA,NA,NA,NA,NA
ImmortalsOfAveum-Win64-Shipping.exe,NVIDIA GeForce RTX 4060 Ti,12th Gen Intel(R) Core(TM) i7-12700,3840x2160,D3D12,0,20336,0x0000000063F0AD60,0,0,Hardware Composed: Independent Flip,0,4555.221594,17.005,18.200,0.200,2.256,2.318,0.133,NA,2775,9001,62,51,NA,NA,NA,NA,NA,NA,0.583,0.843,0.583,69,100,100,NA,4372,13, 39,42.611, 65,27,0,20,0,15,0,10,0,68,0,80,0,0,0,0,0,13,10,8,8,NA,NA,NA,NA,NA,NA,NA,NA,NA,NA,NA,NA,NA,NA,NA,NA,NA,NA,NA,NA,NA,NA,NA,NA,NA,NA,NA,NA,NA,NA,NA,NA,NA,NA,NA,NA,NA,NA,NA,NA,NA,NA,NA,NA,NA,NA,NA,NA
ImmortalsOfAveum-Win64-Shipping.exe,NVIDIA GeForce RTX 4060 Ti,12th Gen Intel(R) Core(TM) i7-12700,3840x2160,D3D12,0,20336,0x0000000063F0AD60,0,0,Hardware Composed: Independent Flip,0,4555.239252,17.658,17.813,0.152,0.357,2.472,0.020,NA,2775,9001,62,51,NA,NA,NA,NA,NA,NA,0.562,0.811,0.562,69,100,100,NA,4372,13, 39,41.633, 65,27,0,20,0,15,0,10,0,68,0,80,0,0,0,0,0,13,10,8,8,NA,NA,NA,NA,NA,NA,NA,NA,NA,NA,NA,NA,NA,NA,NA,NA,NA,NA,NA,NA,NA,NA,NA,NA,NA,NA,NA,NA,NA,NA,NA,NA,NA,NA,NA,NA,NA,NA,NA,NA,NA,NA,NA,NA,NA,NA,NA,NA
ImmortalsOfAveum-Win64-Shipping.exe,NVIDIA GeForce RTX 4060 Ti,12th Gen Intel(R) Core(TM) i7-12700,3840x2160,D3D12,0,20336,0x0000000063F0AD60,0,0,Hardware Composed: Independent Flip,0,4555.256180,16.928,16.981,0.195,2.462,2.526,0.145,NA,2775,9001,62,51,NA,NA,NA,NA,NA,NA,0.586,0.846,0.586,69,100,100,NA,4372,13, 39,41.633, 65,27,0,20,0,15,0,10,0,68,0,80,0,0,0,0,0,13,10,8,8,NA,NA,NA,NA,NA,NA,NA,NA,NA,NA,NA,NA,NA,NA,NA,NA,NA,NA,NA,NA,NA,NA,NA,NA,NA,NA,NA,NA,NA,NA,NA,NA,NA,NA,NA,NA,NA,NA,NA,NA,NA,NA,NA,NA,NA,NA,NA,NA
ImmortalsOfAveum-Win64-Shipping.exe,NVIDIA GeForce RTX 4060 Ti,12th Gen Intel(R) Core(TM) i7-12700,3840x2160,D3D12,0,20336,0x0000000063F0AD60,0,0,Hardware Composed: Independent Flip,0,4555.271450,15.270,15.574,0.154,0.528,2.830,0.035,NA,2775,9001,62,51,NA,NA,NA,NA,NA,NA,0.649,0.938,0.649,69,100,100,NA,4372,13, 39,41.633, 65,27,0,20,0,15,0,10,0,68,0,80,0,0,0,0,0,13,10,8,8,NA,NA,NA,NA,NA,NA,NA,NA,NA,NA,NA,NA,NA,NA,NA,NA,NA,NA,NA,NA,NA,NA,NA,NA,NA,NA,NA,NA,NA,NA,NA,NA,NA,NA,NA,NA,NA,NA,NA,NA,NA,NA,NA,NA,NA,NA,NA,NA
ImmortalsOfAveum-Win64-Shipping.exe,NVIDIA GeForce RTX 4060 Ti,12th Gen Intel(R) Core(TM) i7-12700,3840x2160,D3D12,0,20336,0x0000000063F0AD60,0,0,Hardware Composed: Independent Flip,0,4555.288371,16.921,16.139,0.193,1.829,2.048,0.108,NA,2775,9001,62,51,NA,NA,NA,NA,NA,NA,0.586,0.847,0.586,69,100,100,NA,4372,13, 39,41.633, 65,27,0,20,0,15,0,10,0,68,0,80,0,0,0,0,0,13,10,8,8,NA,NA,NA,NA,NA,NA,NA,NA,NA,NA,NA,NA,NA,NA,NA,NA,NA,NA,NA,NA,NA,NA,NA,NA,NA,NA,NA,NA,NA,NA,NA,NA,NA,NA,NA,NA,NA,NA,NA,NA,NA,NA,NA,NA,NA,NA,NA,NA
ImmortalsOfAveum-Win64-Shipping.exe,NVIDIA GeForce RTX 4060 Ti,12th Gen Intel(R) Core(TM) i7-12700,3840x2160,D3D12,0,20336,0x0000000063F0AD60,0,0,Hardware Composed: Independent Flip,0,4555.305682,17.311,18.613,0.167,0.355,3.351,0.020,NA,2775,9001,62,51,NA,NA,NA,NA,NA,NA,0.573,0.828,0.573,69,100,100,NA,4372,13, 39,41.633, 65,27,0,20,0,15,0,10,0,68,0,80,0,0,0,0,0,13,10,8,8,NA,NA,NA,NA,NA,NA,NA,NA,NA,NA,NA,NA,NA,NA,NA,NA,NA,NA,NA,NA,NA,NA,NA,NA,NA,NA,NA,NA,NA,NA,NA,NA,NA,NA,NA,NA,NA,NA,NA,NA,NA,NA,NA,NA,NA,NA,NA,NA
ImmortalsOfAveum-Win64-Shipping.exe,NVIDIA GeForce RTX 4060 Ti,12th Gen Intel(R) Core(TM) i7-12700,3840x2160,D3D12,0,20336,0x0000000063F0AD60,0,0,Hardware Composed: Independent Flip,0,4555.322557,16.876,15.463,0.237,1.880,1.938,0.111,NA,2775,9001,62,51,NA,NA,NA,NA,NA,NA,0.588,0.849,0.588,69,100,100,NA,4372,13, 39,41.633, 65,27,0,20,0,15,0,10,0,68,0,80,0,0,0,0,0,13,10,8,8,NA,NA,NA,NA,NA,NA,NA,NA,NA,NA,NA,NA,NA,NA,NA,NA,NA,NA,NA,NA,NA,NA,NA,NA,NA,NA,NA,NA,NA,NA,NA,NA,NA,NA,NA,NA,NA,NA,NA,NA,NA,NA,NA,NA,NA,NA,NA,NA
ImmortalsOfAveum-Win64-Shipping.exe,NVIDIA GeForce RTX 4060 Ti,12th Gen Intel(R) Core(TM) i7-12700,3840x2160,D3D12,0,20336,0x0000000063F0AD60,0,0,Hardware Composed: Independent Flip,0,4555.338247,15.689,16.047,0.160,0.543,2.295,0.035,NA,2775,9001,62,51,NA,NA,NA,NA,NA,NA,0.632,0.913,0.632,69,100,100,NA,4372,13, 39,41.633, 65,27,0,20,0,15,0,10,0,68,0,80,0,0,0,0,0,13,10,8,8,NA,NA,NA,NA,NA,NA,NA,NA,NA,NA,NA,NA,NA,NA,NA,NA,NA,NA,NA,NA,NA,NA,NA,NA,NA,NA,NA,NA,NA,NA,NA,NA,NA,NA,NA,NA,NA,NA,NA,NA,NA,NA,NA,NA,NA,NA,NA,NA
ImmortalsOfAveum-Win64-Shipping.exe,NVIDIA GeForce RTX 4060 Ti,12th Gen Intel(R) Core(TM) i7-12700,3840x2160,D3D12,0,20336,0x0000000063F0AD60,0,0,Hardware Composed: Independent Flip,0,4555.355196,16.949,16.951,0.237,2.284,2.298,0.135,NA,2775,9001,62,51,NA,NA,NA,NA,NA,NA,0.585,0.845,0.585,69,100,100,NA,4372,13, 39,41.633, 65,27,0,20,0,15,0,10,0,68,0,80,0,0,0,0,0,13,10,8,8,NA,NA,NA,NA,NA,NA,NA,NA,NA,NA,NA,NA,NA,NA,NA,NA,NA,NA,NA,NA,NA,NA,NA,NA,NA,NA,NA,NA,NA,NA,NA,NA,NA,NA,NA,NA,NA,NA,NA,NA,NA,NA,NA,NA,NA,NA,NA,NA
ImmortalsOfAveum-Win64-Shipping.exe,NVIDIA GeForce RTX 4060 Ti,12th Gen Intel(R) Core(TM) i7-12700,3840x2160,D3D12,0,20336,0x0000000063F0AD60,0,0,Hardware Composed: Independent Flip,0,4555.371479,16.284,15.885,0.136,0.442,1.899,0.027,NA,2775,9001,62,51,NA,NA,NA,NA,NA,NA,0.609,0.880,0.609,69,100,100,NA,4372,13, 39,41.633, 65,27,0,20,0,15,0,10,0,68,0,80,0,0,0,0,0,13,10,8,8,NA,NA,NA,NA,NA,NA,NA,NA,NA,NA,NA,NA,NA,NA,NA,NA,NA,NA,NA,NA,NA,NA,NA,NA,NA,NA,NA,NA,NA,NA,NA,NA,NA,NA,NA,NA,NA,NA,NA,NA,NA,NA,NA,NA,NA,NA,NA,NA
ImmortalsOfAveum-Win64-Shipping.exe,NVIDIA GeForce RTX 4060 Ti,12th Gen Intel(R) Core(TM) i7-12700,3840x2160,D3D12,0,20336,0x0000000063F0AD60,0,0,Hardware Composed: Independent Flip,0,4555.388198,16.720,16.574,0.242,1.693,1.753,0.101,NA,2775,9001,62,51,NA,NA,NA,NA,NA,NA,0.593,0.857,0.593,69,100,100,NA,4372,13, 39,41.633, 65,27,0,20,0,15,0,10,0,68,0,80,0,0,0,0,0,13,10,8,8,NA,NA,NA,NA,NA,NA,NA,NA,NA,NA,NA,NA,NA,NA,NA,NA,NA,NA,NA,NA,NA,NA,NA,NA,NA,NA,NA,NA,NA,NA,NA,NA,NA,NA,NA,NA,NA,NA,NA,NA,NA,NA,NA,NA,NA,NA,NA,NA
ImmortalsOfAveum-Win64-Shipping.exe,NVIDIA GeForce RTX 4060 Ti,12th Gen Intel(R) Core(TM) i7-12700,3840x2160,D3D12,0,20336,0x0000000063F0AD60,0,0,Hardware Composed: Independent Flip,0,4555.405258,17.060,17.832,0.228,0.549,2.526,0.032,NA,2775,9001,62,51,NA,NA,NA,NA,NA,NA,0.581,0.840,0.581,69,100,100,NA,4372,13, 39,41.633, 65,27,0,20,0,15,0,10,0,68,0,80,0,0,0,0,0,13,10,8,8,NA,NA,NA,NA,NA,NA,NA,NA,NA,NA,NA,NA,NA,NA,NA,NA,NA,NA,NA,NA,NA,NA,NA,NA,NA,NA,NA,NA,NA,NA,NA,NA,NA,NA,NA,NA,NA,NA,NA,NA,NA,NA,NA,NA,NA,NA,NA,NA
ImmortalsOfAveum-Win64-Shipping.exe,NVIDIA GeForce RTX 4060 Ti,12th Gen Intel(R) Core(TM) i7-12700,3840x2160,D3D12,0,20336,0x0000000063F0AD60,0,0,Hardware Composed: Independent Flip,0,4555.422260,17.002,16.302,0.244,1.767,1.825,0.104,NA,2775,9001,62,51,NA,NA,NA,NA,NA,NA,0.583,0.843,0.583,69,100,100,NA,4372,13, 39,41.633, 65,27,0,20,0,15,0,10,0,68,0,80,0,0,0,0,0,13,10,8,8,NA,NA,NA,NA,NA,NA,NA,NA,NA,NA,NA,NA,NA,NA,NA,NA,NA,NA,NA,NA,NA,NA,NA,NA,NA,NA,NA,NA,NA,NA,NA,NA,NA,NA,NA,NA,NA,NA,NA,NA,NA,NA,NA,NA,NA,NA,NA,NA
ImmortalsOfAveum-Win64-Shipping.exe,NVIDIA GeForce RTX 4060 Ti,12th Gen Intel(R) Core(TM) i7-12700,3840x2160,D3D12,0,20336,0x0000000063F0AD60,0,0,Hardware Composed: Independent Flip,0,4555.437843,15.583,15.625,0.135,0.528,1.867,0.034,NA,2775,9001,62,51,NA,NA,NA,NA,NA,NA,0.636,0.919,0.636,69,100,100,NA,4372,13, 39,41.328, 65,27,0,20,0,15,0,10,0,68,0,80,0,0,0,0,0,13,10,8,8,NA,NA,NA,NA,NA,NA,NA,NA,NA,NA,NA,NA,NA,NA,NA,NA,NA,NA,NA,NA,NA,NA,NA,NA,NA,NA,NA,NA,NA,NA,NA,NA,NA,NA,NA,NA,NA,NA,NA,NA,NA,NA,NA,NA,NA,NA,NA,NA
ImmortalsOfAveum-Win64-Shipping.exe,NVIDIA GeForce RTX 4060 Ti,12th Gen Intel(R) Core(TM) i7-12700,3840x2160,D3D12,0,20336,0x0000000063F0AD60,0,0,Hardware Composed: Independent Flip,0,4555.454608,16.764,17.049,0.229,2.091,2.152,0.125,NA,2775,9001,62,51,NA,NA,NA,NA,NA,NA,0.591,0.855,0.591,69,100,100,NA,4372,13, 39,41.328, 65,27,0,20,0,15,0,10,0,68,0,80,0,0,0,0,0,13,10,8,8,NA,NA,NA,NA,NA,NA,NA,NA,NA,NA,NA,NA,NA,NA,NA,NA,NA,NA,NA,NA,NA,NA,NA,NA,NA,NA,NA,NA,NA,NA,NA,NA,NA,NA,NA,NA,NA,NA,NA,NA,NA,NA,NA,NA,NA,NA,NA,NA
ImmortalsOfAveum-Win64-Shipping.exe,NVIDIA GeForce RTX 4060 Ti,12th Gen Intel(R) Core(TM) i7-12700,3840x2160,D3D12,0,20336,0x0000000063F0AD60,0,0,Hardware Composed: Independent Flip,0,4555.473137,18.529,18.409,0.167,0.360,2.031,0.019,NA,2775,9001,62,51,NA,NA,NA,NA,NA,NA,0.535,0.773,0.535,69,100,100,NA,4372,13, 39,41.328, 65,27,0,20,0,15,0,10,0,68,0,80,0,0,0,0,0,13,10,8,8,NA,NA,NA,NA,NA,NA,NA,NA,NA,NA,NA,NA,NA,NA,NA,NA,NA,NA,NA,NA,NA,NA,NA,NA,NA,NA,NA,NA,NA,NA,NA,NA,NA,NA,NA,NA,NA,NA,NA,NA,NA,NA,NA,NA,NA,NA,NA,NA
ImmortalsOfAveum-Win64-Shipping.exe,NVIDIA GeForce RTX 4060 Ti,12th Gen Intel(R) Core(TM) i7-12700,3840x2160,D3D12,0,20336,0x0000000063F0AD60,0,0,Hardware Composed: Independent Flip,0,4555.490428,17.292,17.067,0.303,1.792,1.807,0.104,NA,2775,9001,62,51,NA,NA,NA,NA,NA,NA,0.573,0.829,0.573,69,100,100,NA,4372,13, 39,41.328, 65,27,0,20,0,15,0,10,0,68,0,80,0,0,0,0,0,13,10,8,8,NA,NA,NA,NA,NA,NA,NA,NA,NA,NA,NA,NA,NA,NA,NA,NA,NA,NA,NA,NA,NA,NA,NA,NA,NA,NA,NA,NA,NA,NA,NA,NA,NA,NA,NA,NA,NA,NA,NA,NA,NA,NA,NA,NA,NA,NA,NA,NA
ImmortalsOfAveum-Win64-Shipping.exe,NVIDIA GeForce RTX 4060 Ti,12th Gen Intel(R) Core(TM) i7-12700,3840x2160,D3D12,0,20336,0x0000000063F0AD60,0,0,Hardware Composed: Independent Flip,0,4555.504945,14.517,14.173,0.210,0.481,1.464,0.033,NA,2775,9001,62,51,NA,NA,NA,NA,NA,NA,0.683,0.987,0.683,69,100,100,NA,4372,13, 39,41.328, 65,27,0,20,0,15,0,10,0,68,0,80,0,0,0,0,0,13,10,8,8,NA,NA,NA,NA,NA,NA,NA,NA,NA,NA,NA,NA,NA,NA,NA,NA,NA,NA,NA,NA,NA,NA,NA,NA,NA,NA,NA,NA,NA,NA,NA,NA,NA,NA,NA,NA,NA,NA,NA,NA,NA,NA,NA,NA,NA,NA,NA,NA
ImmortalsOfAveum-Win64-Shipping.exe,NVIDIA GeForce RTX 4060 Ti,12th Gen Intel(R) Core(TM) i7-12700,3840x2160,D3D12,0,20336,0x0000000063F0AD60,0,0,Hardware Composed: Independent Flip,0,4555.521911,16.966,17.767,0.277,2.250,2.265,0.133,NA,2775,9001,62,51,NA,NA,NA,NA,NA,NA,0.584,0.844,0.584,69,100,100,NA,4372,13, 39,41.328, 65,27,0,20,0,15,0,10,0,68,0,80,0,0,0,0,0,13,10,8,8,NA,NA,NA,NA,NA,NA,NA,NA,NA,NA,NA,NA,NA,NA,NA,NA,NA,NA,NA,NA,NA,NA,NA,NA,NA,NA,NA,NA,NA,NA,NA,NA,NA,NA,NA,NA,NA,NA,NA,NA,NA,NA,NA,NA,NA,NA,NA,NA
ImmortalsOfAveum-Win64-Shipping.exe,NVIDIA GeForce RTX 4060 Ti,12th Gen Intel(R) Core(TM) i7-12700,3840x2160,D3D12,0,20336,0x0000000063F0AD60,0,0,Hardware Composed: Independent Flip,0,4555.539630,17.719,18.237,0.183,0.355,2.782,0.020,NA,2775,9001,62,51,NA,NA,NA,NA,NA,NA,0.560,0.809,0.560,69,100,100,NA,4372,13, 39,41.328, 65,27,0,20,0,15,0,10,0,68,0,80,0,0,0,0,0,13,10,8,8,NA,NA,NA,NA,NA,NA,NA,NA,NA,NA,NA,NA,NA,NA,NA,NA,NA,NA,NA,NA,NA,NA,NA,NA,NA,NA,NA,NA,NA,NA,NA,NA,NA,NA,NA,NA,NA,NA,NA,NA,NA,NA,NA,NA,NA,NA,NA,NA
ImmortalsOfAveum-Win64-Shipping.exe,NVIDIA GeForce RTX 4060 Ti,12th Gen Intel(R) Core(TM) i7-12700,3840x2160,D3D12,0,20336,0x0000000063F0AD60,0,0,Hardware Composed: Independent Flip,0,4555.556439,16.809,15.942,0.202,1.856,1.917,0.110,NA,2775,9001,62,51,NA,NA,NA,NA,NA,NA,0.590,0.852,0.590,69,100,100,NA,4372,13, 39,41.328, 65,27,0,20,0,15,0,10,0,68,0,80,0,0,0,0,0,13,10,8,8,NA,NA,NA,NA,NA,NA,NA,NA,NA,NA,NA,NA,NA,NA,NA,NA,NA,NA,NA,NA,NA,NA,NA,NA,NA,NA,NA,NA,NA,NA,NA,NA,NA,NA,NA,NA,NA,NA,NA,NA,NA,NA,NA,NA,NA,NA,NA,NA
ImmortalsOfAveum-Win64-Shipping.exe,NVIDIA GeForce RTX 4060 Ti,12th Gen Intel(R) Core(TM) i7-12700,3840x2160,D3D12,0,20336,0x0000000063F0AD60,0,0,Hardware Composed: Independent Flip,0,4555.571053,14.615,15.391,0.181,0.510,2.693,0.035,NA,2775,9001,62,51,NA,NA,NA,NA,NA,NA,0.678,0.980,0.678,69,100,100,NA,4372,13, 39,41.328, 65,27,0,20,0,15,0,10,0,68,0,80,0,0,0,0,0,13,10,8,8,NA,NA,NA,NA,NA,NA,NA,NA,NA,NA,NA,NA,NA,NA,NA,NA,NA,NA,NA,NA,NA,NA,NA,NA,NA,NA,NA,NA,NA,NA,NA,NA,NA,NA,NA,NA,NA,NA,NA,NA,NA,NA,NA,NA,NA,NA,NA,NA
ImmortalsOfAveum-Win64-Shipping.exe,NVIDIA GeForce RTX 4060 Ti,12th Gen Intel(R) Core(TM) i7-12700,3840x2160,D3D12,0,20336,0x0000000063F0AD60,0,0,Hardware Composed: Independent Flip,0,4555.587817,16.764,15.920,0.244,1.835,1.849,0.109,NA,2775,9001,62,51,NA,NA,NA,NA,NA,NA,0.591,0.855,0.591,69,100,100,NA,4372,13, 39,41.328, 65,27,0,20,0,15,0,10,0,68,0,80,0,0,0,0,0,13,10,8,8,NA,NA,NA,NA,NA,NA,NA,NA,NA,NA,NA,NA,NA,NA,NA,NA,NA,NA,NA,NA,NA,NA,NA,NA,NA,NA,NA,NA,NA,NA,NA,NA,NA,NA,NA,NA,NA,NA,NA,NA,NA,NA,NA,NA,NA,NA,NA,NA
ImmortalsOfAveum-Win64-Shipping.exe,NVIDIA GeForce RTX 4060 Ti,12th Gen Intel(R) Core(TM) i7-12700,3840x2160,D3D12,0,20336,0x0000000063F0AD60,0,0,Hardware Composed: Independent Flip,0,4555.604977,17.160,18.110,0.162,0.355,2.799,0.021,NA,2775,9001,62,51,NA,NA,NA,NA,NA,NA,0.578,0.835,0.578,69,100,100,NA,4372,13, 39,41.328, 65,27,0,20,0,15,0,10,0,68,0,80,0,0,0,0,0,13,10,8,8,NA,NA,NA,NA,NA,NA,NA,NA,NA,NA,NA,NA,NA,NA,NA,NA,NA,NA,NA,NA,NA,NA,NA,NA,NA,NA,NA,NA,NA,NA,NA,NA,NA,NA,NA,NA,NA,NA,NA,NA,NA,NA,NA,NA,NA,NA,NA,NA
ImmortalsOfAveum-Win64-Shipping.exe,NVIDIA GeForce RTX 4060 Ti,12th Gen Intel(R) Core(TM) i7-12700,3840x2160,D3D12,0,20336,0x0000000063F0AD60,0,0,Hardware Composed: Independent Flip,0,4555.621560,16.583,15.865,0.192,2.024,2.081,0.122,NA,2775,9001,62,51,NA,NA,NA,NA,NA,NA,0.598,0.864,0.598,69,100,100,NA,4372,13, 39,41.328, 65,27,0,20,0,15,0,10,0,68,0,80,0,0,0,0,0,13,10,8,8,NA,NA,NA,NA,NA,NA,NA,NA,NA,NA,NA,NA,NA,NA,NA,NA,NA,NA,NA,NA,NA,NA,NA,NA,NA,NA,NA,NA,NA,NA,NA,NA,NA,NA,NA,NA,NA,NA,NA,NA,NA,NA,NA,NA,NA,NA,NA,NA
ImmortalsOfAveum-Win64-Shipping.exe,NVIDIA GeForce RTX 4060 Ti,12th Gen Intel(R) Core(TM) i7-12700,3840x2160,D3D12,0,20336,0x0000000063F0AD60,0,0,Hardware Composed: Independent Flip,0,4555.637338,15.778,15.581,0.148,0.539,1.884,0.034,NA,2775,9001,62,51,NA,NA,NA,NA,NA,NA,0.626,0.905,0.626,70,101,101,NA,4367,15, 40,44.764, 65,30,1,21,1,17,1,12,1,76,1,76,1,1,1,1,1,16,13,11,11,NA,NA,NA,NA,NA,NA,NA,NA,NA,NA,NA,NA,NA,NA,NA,NA,NA,NA,NA,NA,NA,NA,NA,NA,NA,NA,NA,NA,NA,NA,NA,NA,NA,NA,NA,NA,NA,NA,NA,NA,NA,NA,NA,NA,NA,NA,NA,NA
ImmortalsOfAveum-Win64-Shipping.exe,NVIDIA GeForce RTX 4060 Ti,12th Gen Intel(R) Core(TM) i7-12700,3840x2160,D3D12,0,20336,0x0000000063F0AD60,0,0,Hardware Composed: Independent Flip,0,4555.654279,16.941,16.952,0.236,1.880,1.894,0.111,NA,2775,9001,62,51,NA,NA,NA,NA,NA,NA,0.583,0.843,0.583,70,101,101,NA,4367,15, 40,44.764, 65,30,1,21,1,17,1,12,1,76,1,76,1,1,1,1,1,16,13,11,11,NA,NA,NA,NA,NA,NA,NA,NA,NA,NA,NA,NA,NA,NA,NA,NA,NA,NA,NA,NA,NA,NA,NA,NA,NA,NA,NA,NA,NA,NA,NA,NA,NA,NA,NA,NA,NA,NA,NA,NA,NA,NA,NA,NA,NA,NA,NA,NA
ImmortalsOfAveum-Win64-Shipping.exe,NVIDIA GeForce RTX 4060 Ti,12th Gen Intel(R) Core(TM) i7-12700,3840x2160,D3D12,0,20336,0x0000000063F0AD60,0,0,Hardware Composed: Independent Flip,0,4555.671579,17.299,17.230,0.161,0.348,1.825,0.020,NA,2775,9001,62,51,NA,NA,NA,NA,NA,NA,0.571,0.825,0.571,70,101,101,NA,4367,15, 40,44.764, 65,30,1,21,1,17,1,12,1,76,1,76,1,1,1,1,1,16,13,11,11,NA,NA,NA,NA,NA,NA,NA,NA,NA,NA,NA,NA,NA,NA,NA,NA,NA,NA,NA,NA,NA,NA,NA,NA,NA,NA,NA,NA,NA,NA,NA,NA,NA,NA,NA,NA,NA,NA,NA,NA,NA,NA,NA,NA,NA,NA,NA,NA
ImmortalsOfAveum-Win64-Shipping.exe,NVIDIA GeForce RTX 4060 Ti,12th Gen Intel(R) Core(TM) i7-12700,3840x2160,D3D12,0,20336,0x0000000063F0AD60,0,0,Hardware Composed: Independent Flip,0,4555.688562,16.983,16.862,0.200,1.688,1.703,0.099,NA,2775,9001,62,51,NA,NA,NA,NA,NA,NA,0.581,0.841,0.581,70,101,101,NA,4367,15, 40,44.764, 65,30,1,21,1,17,1,12,1,76,1,76,1,1,1,1,1,16,13,11,11,NA,NA,NA,NA,NA,NA,NA,NA,NA,NA,NA,NA,NA,NA,NA,NA,NA,NA,NA,NA,NA,NA,NA,NA,NA,NA,NA,NA,NA,NA,NA,NA,NA,NA,NA,NA,NA,NA,NA,NA,NA,NA,NA,NA,NA,NA,NA,NA
ImmortalsOfAveum-Win64-Shipping.exe,NVIDIA GeForce RTX 4060 Ti,12th Gen Intel(R) Core(TM) i7-12700,3840x2160,D3D12,0,20336,0x0000000063F0AD60,0,0,Hardware Composed: Independent Flip,0,4555.705590,17.028,17.002,0.150,0.348,1.677,0.020,NA,2775,9001,62,51,NA,NA,NA,NA,NA,NA,0.580,0.838,0.580,70,101,101,NA,4367,15, 40,44.764, 65,30,1,21,1,17,1,12,1,76,1,76,1,1,1,1,1,16,13,11,11,NA,NA,NA,NA,NA,NA,NA,NA,NA,NA,NA,NA,NA,NA,NA,NA,NA,NA,NA,NA,NA,NA,NA,NA,NA,NA,NA,NA,NA,NA,NA,NA,NA,NA,NA,NA,NA,NA,NA,NA,NA,NA,NA,NA,NA,NA,NA,NA
ImmortalsOfAveum-Win64-Shipping.exe,NVIDIA GeForce RTX 4060 Ti,12th Gen Intel(R) Core(TM) i7-12700,3840x2160,D3D12,0,20336,0x0000000063F0AD60,0,0,Hardware Composed: Independent Flip,0,4555.722908,17.319,18.072,0.217,2.368,2.430,0.137,NA,2775,9001,62,51,NA,NA,NA,NA,NA,NA,0.570,0.824,0.570,70,101,101,NA,4367,15, 40,44.764, 65,30,1,21,1,17,1,12,1,76,1,76,1,1,1,1,1,16,13,11,11,NA,NA,NA,NA,NA,NA,NA,NA,NA,NA,NA,NA,NA,NA,NA,NA,NA,NA,NA,NA,NA,NA,NA,NA,NA,NA,NA,NA,NA,NA,NA,NA,NA,NA,NA,NA,NA,NA,NA,NA,NA,NA,NA,NA,NA,NA,NA,NA
ImmortalsOfAveum-Win64-Shipping.exe,NVIDIA GeForce RTX 4060 Ti,12th Gen Intel(R) Core(TM) i7-12700,3840x2160,D3D12,0,20336,0x0000000063F0AD60,0,0,Hardware Composed: Independent Flip,0,4555.738471,15.563,15.138,0.178,0.400,2.005,0.026,NA,2775,9001,62,51,NA,NA,NA,NA,NA,NA,0.634,0.917,0.634,70,101,101,NA,4367,15, 40,44.764, 65,30,1,21,1,17,1,12,1,76,1,76,1,1,1,1,1,16,13,11,11,NA,NA,NA,NA,NA,NA,NA,NA,NA,NA,NA,NA,NA,NA,NA,NA,NA,NA,NA,NA,NA,NA,NA,NA,NA,NA,NA,NA,NA,NA,NA,NA,NA,NA,NA,NA,NA,NA,NA,NA,NA,NA,NA,NA,NA,NA,NA,NA
ImmortalsOfAveum-Win64-Shipping.exe,NVIDIA GeForce RTX 4060 Ti,12th Gen Intel(R) Core(TM) i7-12700,3840x2160,D3D12,0,20336,0x0000000063F0AD60,0,0,Hardware Composed: Independent Flip,0,4555.755288,16.817,17.095,0.222,2.271,2.284,0.135,NA,2775,9001,62,51,NA,NA,NA,NA,NA,NA,0.587,0.849,0.587,70,101,101,NA,4367,15, 40,44.764, 65,30,1,21,1,17,1,12,1,76,1,76,1,1,1,1,1,16,13,11,11,NA,NA,NA,NA,NA,NA,NA,NA,NA,NA,NA,NA,NA,NA,NA,NA,NA,NA,NA,NA,NA,NA,NA,NA,NA,NA,NA,NA,NA,NA,NA,NA,NA,NA,NA,NA,NA,NA,NA,NA,NA,NA,NA,NA,NA,NA,NA,NA
ImmortalsOfAveum-Win64-Shipping.exe,NVIDIA GeForce RTX 4060 Ti,12th Gen Intel(R) Core(TM) i7-12700,3840x2160,D3D12,0,20336,0x0000000063F0AD60,0,0,Hardware Composed: Independent Flip,0,4555.771640,16.352,17.230,0.131,0.448,3.161,0.027,NA,2775,9001,62,51,NA,NA,NA,NA,NA,NA,0.604,0.873,0.604,70,101,101,NA,4367,15, 40,44.764, 65,30,1,21,1,17,1,12,1,76,1,76,1,1,1,1,1,16,13,11,11,NA,NA,NA,NA,NA,NA,NA,NA,NA,NA,NA,NA,NA,NA,NA,NA,NA,NA,NA,NA,NA,NA,NA,NA,NA,NA,NA,NA,NA,NA,NA,NA,NA,NA,NA,NA,NA,NA,NA,NA,NA,NA,NA,NA,NA,NA,NA,NA
ImmortalsOfAveum-Win64-Shipping.exe,NVIDIA GeForce RTX 4060 Ti,12th Gen Intel(R) Core(TM) i7-12700,3840x2160,D3D12,0,20336,0x0000000063F0AD60,0,0,Hardware Composed: Independent Flip,0,4555.788319,16.679,15.822,0.186,2.291,2.304,0.137,NA,2775,9001,62,51,NA,NA,NA,NA,NA,NA,0.592,0.856,0.592,70,101,101,NA,4367,15, 40,44.764, 65,30,1,21,1,17,1,12,1,76,1,76,1,1,1,1,1,16,13,11,11,NA,NA,NA,NA,NA,NA,NA,NA,NA,NA,NA,NA,NA,NA,NA,NA,NA,NA,NA,NA,NA,NA,NA,NA,NA,NA,NA,NA,NA,NA,NA,NA,NA,NA,NA,NA,NA,NA,NA,NA,NA,NA,NA,NA,NA,NA,NA,NA
ImmortalsOfAveum-Win64-Shipping.exe,NVIDIA GeForce RTX 4060 Ti,12th Gen Intel(R) Core(TM) i7-12700,3840x2160,D3D12,0,20336,0x0000000063F0AD60,0,0,Hardware Composed: Independent Flip,0,4555.804368,16.049,17.111,0.155,0.740,3.366,0.046,NA,2775,9001,62,51,NA,NA,NA,NA,NA,NA,0.615,0.890,0.615,70,101,101,NA,4367,15, 40,44.764, 65,30,1,21,1,17,1,12,1,76,1,76,1,1,1,1,1,16,13,11,11,NA,NA,NA,NA,NA,NA,NA,NA,NA,NA,NA,NA,NA,NA,NA,NA,NA,NA,NA,NA,NA,NA,NA,NA,NA,NA,NA,NA,NA,NA,NA,NA,NA,NA,NA,NA,NA,NA,NA,NA,NA,NA,NA,NA,NA,NA,NA,NA
ImmortalsOfAveum-Win64-Shipping.exe,NVIDIA GeForce RTX 4060 Ti,12th Gen Intel(R) Core(TM) i7-12700,3840x2160,D3D12,0,20336,0x0000000063F0AD60,0,0,Hardware Composed: Independent Flip,0,4555.821002,16.634,15.093,0.204,1.812,1.824,0.109,NA,2775,9001,62,51,NA,NA,NA,NA,NA,NA,0.593,0.858,0.593,70,101,101,NA,4367,15, 40,44.764, 65,30,1,21,1,17,1,12,1,76,1,76,1,1,1,1,1,16,13,11,11,NA,NA,NA,NA,NA,NA,NA,NA,NA,NA,NA,NA,NA,NA,NA,NA,NA,NA,NA,NA,NA,NA,NA,NA,NA,NA,NA,NA,NA,NA,NA,NA,NA,NA,NA,NA,NA,NA,NA,NA,NA,NA,NA,NA,NA,NA,NA,NA
ImmortalsOfAveum-Win64-Shipping.exe,NVIDIA GeForce RTX 4060 Ti,12th Gen Intel(R) Core(TM) i7-12700,3840x2160,D3D12,0,20336,0x0000000063F0AD60,0,0,Hardware Composed: Independent Flip,0,4555.838272,17.270,17.774,0.159,0.354,2.329,0.020,NA,2775,9001,62,51,NA,NA,NA,NA,NA,NA,0.572,0.827,0.572,70,101,101,NA,4367,15, 39,42.740, 65,30,1,21,1,17,1,12,1,76,1,76,1,1,1,1,1,16,13,11,11,NA,NA,NA,NA,NA,NA,NA,NA,NA,NA,NA,NA,NA,NA,NA,NA,NA,NA,NA,NA,NA,NA,NA,NA,NA,NA,NA,NA,NA,NA,NA,NA,NA,NA,NA,NA,NA,NA,NA,NA,NA,NA,NA,NA,NA,NA,NA,NA
ImmortalsOfAveum-Win64-Shipping.exe,NVIDIA GeForce RTX 4060 Ti,12th Gen Intel(R) Core(TM) i7-12700,3840x2160,D3D12,0,20336,0x0000000063F0AD60,0,0,Hardware Composed: Independent Flip,0,4555.855083,16.811,16.955,0.219,2.459,2.472,0.146,NA,2775,9001,62,51,NA,NA,NA,NA,NA,NA,0.587,0.849,0.587,70,101,101,NA,4367,15, 39,42.740, 65,30,1,21,1,17,1,12,1,76,1,76,1,1,1,1,1,16,13,11,11,NA,NA,NA,NA,NA,NA,NA,NA,NA,NA,NA,NA,NA,NA,NA,NA,NA,NA,NA,NA,NA,NA,NA,NA,NA,NA,NA,NA,NA,NA,NA,NA,NA,NA,NA,NA,NA,NA,NA,NA,NA,NA,NA,NA,NA,NA,NA,NA
ImmortalsOfAveum-Win64-Shipping.exe,NVIDIA GeForce RTX 4060 Ti,12th Gen Intel(R) Core(TM) i7-12700,3840x2160,D3D12,0,20336,0x0000000063F0AD60,0,0,Hardware Composed: Independent Flip,0,4555.871262,16.178,14.890,0.145,0.557,1.184,0.034,NA,2775,9001,62,51,NA,NA,NA,NA,NA,NA,0.610,0.882,0.610,70,101,101,NA,4367,15, 39,42.740, 65,30,1,21,1,17,1,12,1,76,1,76,1,1,1,1,1,16,13,11,11,NA,NA,NA,NA,NA,NA,NA,NA,NA,NA,NA,NA,NA,NA,NA,NA,NA,NA,NA,NA,NA,NA,NA,NA,NA,NA,NA,NA,NA,NA,NA,NA,NA,NA,NA,NA,NA,NA,NA,NA,NA,NA,NA,NA,NA,NA,NA,NA
ImmortalsOfAveum-Win64-Shipping.exe,NVIDIA GeForce RTX 4060 Ti,12th Gen Intel(R) Core(TM) i7-12700,3840x2160,D3D12,0,20336,0x0000000063F0AD60,0,0,Hardware Composed: Independent Flip,0,4555.888170,16.908,18.107,0.225,2.296,2.383,0.136,NA,2775,9001,62,51,NA,NA,NA,NA,NA,NA,0.584,0.844,0.584,70,101,101,NA,4367,15, 39,42.740, 65,30,1,21,1,17,1,12,1,76,1,76,1,1,1,1,1,16,13,11,11,NA,NA,NA,NA,NA,NA,NA,NA,NA,NA,NA,NA,NA,NA,NA,NA,NA,NA,NA,NA,NA,NA,NA,NA,NA,NA,NA,NA,NA,NA,NA,NA,NA,NA,NA,NA,NA,NA,NA,NA,NA,NA,NA,NA,NA,NA,NA,NA
ImmortalsOfAveum-Win64-Shipping.exe,NVIDIA GeForce RTX 4060 Ti,12th Gen Intel(R) Core(TM) i7-12700,3840x2160,D3D12,0,20336,0x0000000063F0AD60,0,0,Hardware Composed: Independent Flip,0,4555.904263,16.093,15.905,0.150,0.545,2.195,0.034,NA,2775,9001,62,51,NA,NA,NA,NA,NA,NA,0.613,0.887,0.613,70,101,101,NA,4367,15, 39,42.740, 65,30,1,21,1,17,1,12,1,76,1,76,1,1,1,1,1,16,13,11,11,NA,NA,NA,NA,NA,NA,NA,NA,NA,NA,NA,NA,NA,NA,NA,NA,NA,NA,NA,NA,NA,NA,NA,NA,NA,NA,NA,NA,NA,NA,NA,NA,NA,NA,NA,NA,NA,NA,NA,NA,NA,NA,NA,NA,NA,NA,NA,NA
ImmortalsOfAveum-Win64-Shipping.exe,NVIDIA GeForce RTX 4060 Ti,12th Gen Intel(R) Core(TM) i7-12700,3840x2160,D3D12,0,20336,0x0000000063F0AD60,0,0,Hardware Composed: Independent Flip,0,4555.921012,16.749,16.851,0.206,2.237,2.297,0.134,NA,2775,9001,62,51,NA,NA,NA,NA,NA,NA,0.589,0.852,0.589,70,101,101,NA,4367,15, 39,42.740, 65,30,1,21,1,17,1,12,1,76,1,76,1,1,1,1,1,16,13,11,11,NA,NA,NA,NA,NA,NA,NA,NA,NA,NA,NA,NA,NA,NA,NA,NA,NA,NA,NA,NA,NA,NA,NA,NA,NA,NA,NA,NA,NA,NA,NA,NA,NA,NA,NA,NA,NA,NA,NA,NA,NA,NA,NA,NA,NA,NA,NA,NA
ImmortalsOfAveum-Win64-Shipping.exe,NVIDIA GeForce RTX 4060 Ti,12th Gen Intel(R) Core(TM) i7-12700,3840x2160,D3D12,0,20336,0x0000000063F0AD60,0,0,Hardware Composed: Independent Flip,0,4555.938603,17.591,18.392,0.156,0.354,3.098,0.020,NA,2775,9001,62,51,NA,NA,NA,NA,NA,NA,0.561,0.812,0.561,70,101,101,NA,4367,15, 39,42.740, 65,30,1,21,1,17,1,12,1,76,1,76,1,1,1,1,1,16,13,11,11,NA,NA,NA,NA,NA,NA,NA,NA,NA,NA,NA,NA,NA,NA,NA,NA,NA,NA,NA,NA,NA,NA,NA,NA,NA,NA,NA,NA,NA,NA,NA,NA,NA,NA,NA,NA,NA,NA,NA,NA,NA,NA,NA,NA,NA,NA,NA,NA
ImmortalsOfAveum-Win64-Shipping.exe,NVIDIA GeForce RTX 4060 Ti,12th Gen Intel(R) Core(TM) i7-12700,3840x2160,D3D12,0,20336,0x0000000063F0AD60,0,0,Hardware Composed: Independent Flip,0,4555.955780,17.177,16.610,0.206,2.465,2.531,0.144,NA,2775,9001,62,51,NA,NA,NA,NA,NA,NA,0.575,0.831,0.575,70,101,101,NA,4367,15, 39,42.740, 65,30,1,21,1,17,1,12,1,76,1,76,1,1,1,1,1,16,13,11,11,NA,NA,NA,NA,NA,NA,NA,NA,NA,NA,NA,NA,NA,NA,NA,NA,NA,NA,NA,NA,NA,NA,NA,NA,NA,NA,NA,NA,NA,NA,NA,NA,NA,NA,NA,NA,NA,NA,NA,NA,NA,NA,NA,NA,NA,NA,NA,NA
ImmortalsOfAveum-Win64-Shipping.exe,NVIDIA GeForce RTX 4060 Ti,12th Gen Intel(R) Core(TM) i7-12700,3840x2160,D3D12,0,20336,0x0000000063F0AD60,0,0,Hardware Composed: Independent Flip,0,4555.970994,15.213,15.166,0.152,0.513,2.484,0.034,NA,2775,9001,62,51,NA,NA,NA,NA,NA,NA,0.649,0.938,0.649,70,101,101,NA,4367,15, 39,42.740, 65,30,1,21,1,17,1,12,1,76,1,76,1,1,1,1,1,16,13,11,11,NA,NA,NA,NA,NA,NA,NA,NA,NA,NA,NA,NA,NA,NA,NA,NA,NA,NA,NA,NA,NA,NA,NA,NA,NA,NA,NA,NA,NA,NA,NA,NA,NA,NA,NA,NA,NA,NA,NA,NA,NA,NA,NA,NA,NA,NA,NA,NA
ImmortalsOfAveum-Win64-Shipping.exe,NVIDIA GeForce RTX 4060 Ti,12th Gen Intel(R) Core(TM) i7-12700,3840x2160,D3D12,0,20336,0x0000000063F0AD60,0,0,Hardware Composed: Independent Flip,0,4555.987879,16.885,16.869,0.206,2.449,2.468,0.145,NA,2775,9001,62,51,NA,NA,NA,NA,NA,NA,0.585,0.846,0.585,70,101,101,NA,4367,15, 39,42.740, 65,30,1,21,1,17,1,12,1,76,1,76,1,1,1,1,1,16,13,11,11,NA,NA,NA,NA,NA,NA,NA,NA,NA,NA,NA,NA,NA,NA,NA,NA,NA,NA,NA,NA,NA,NA,NA,NA,NA,NA,NA,NA,NA,NA,NA,NA,NA,NA,NA,NA,NA,NA,NA,NA,NA,NA,NA,NA,NA,NA,NA,NA
ImmortalsOfAveum-Win64-Shipping.exe,NVIDIA GeForce RTX 4060 Ti,12th Gen Intel(R) Core(TM) i7-12700,3840x2160,D3D12,0,20336,0x0000000063F0AD60,0,0,Hardware Composed: Independent Flip,0,4556.004756,16.877,17.439,0.151,0.354,3.030,0.021,NA,2775,9001,62,51,NA,NA,NA,NA,NA,NA,0.585,0.846,0.585,70,101,101,NA,4367,15, 39,42.740, 65,30,1,21,1,17,1,12,1,76,1,76,1,1,1,1,1,16,13,11,11,NA,NA,NA,NA,NA,NA,NA,NA,NA,NA,NA,NA,NA,NA,NA,NA,NA,NA,NA,NA,NA,NA,NA,NA,NA,NA,NA,NA,NA,NA,NA,NA,NA,NA,NA,NA,NA,NA,NA,NA,NA,NA,NA,NA,NA,NA,NA,NA
ImmortalsOfAveum-Win64-Shipping.exe,NVIDIA GeForce RTX 4060 Ti,12th Gen Intel(R) Core(TM) i7-12700,3840x2160,D3D12,0,20336,0x0000000063F0AD60,0,0,Hardware Composed: Independent Flip,0,4556.021537,16.781,16.161,0.208,2.352,2.410,0.140,NA,2775,9001,62,51,NA,NA,NA,NA,NA,NA,0.588,0.851,0.588,70,101,101,NA,4367,15, 39,42.740, 65,30,1,21,1,17,1,12,1,76,1,76,1,1,1,1,1,16,13,11,11,NA,NA,NA,NA,NA,NA,NA,NA,NA,NA,NA,NA,NA,NA,NA,NA,NA,NA,NA,NA,NA,NA,NA,NA,NA,NA,NA,NA,NA,NA,NA,NA,NA,NA,NA,NA,NA,NA,NA,NA,NA,NA,NA,NA,NA,NA,NA,NA
ImmortalsOfAveum-Win64-Shipping.exe,NVIDIA GeForce RTX 4060 Ti,12th Gen Intel(R) Core(TM) i7-12700,3840x2160,D3D12,0,20336,0x0000000063F0AD60,0,0,Hardware Composed: Independent Flip,0,4556.038032,16.495,16.889,0.150,0.434,2.803,0.026,NA,2775,9001,62,51,NA,NA,NA,NA,NA,NA,0.598,0.866,0.598,70,101,101,NA,4367,15, 41,42.906, 65,30,1,21,1,17,1,12,1,76,1,76,1,1,1,1,1,16,13,11,11,NA,NA,NA,NA,NA,NA,NA,NA,NA,NA,NA,NA,NA,NA,NA,NA,NA,NA,NA,NA,NA,NA,NA,NA,NA,NA,NA,NA,NA,NA,NA,NA,NA,NA,NA,NA,NA,NA,NA,NA,NA,NA,NA,NA,NA,NA,NA,NA
ImmortalsOfAveum-Win64-Shipping.exe,NVIDIA GeForce RTX 4060 Ti,12th Gen Intel(R) Core(TM) i7-12700,3840x2160,D3D12,0,20336,0x0000000063F0AD60,0,0,Hardware Composed: Independent Flip,0,4556.055141,17.109,16.316,0.221,1.949,2.010,0.114,NA,2775,9001,62,51,NA,NA,NA,NA,NA,NA,0.577,0.834,0.577,70,101,101,NA,4367,15, 41,42.906, 65,30,1,21,1,17,1,12,1,76,1,76,1,1,1,1,1,16,13,11,11,NA,NA,NA,NA,NA,NA,NA,NA,NA,NA,NA,NA,NA,NA,NA,NA,NA,NA,NA,NA,NA,NA,NA,NA,NA,NA,NA,NA,NA,NA,NA,NA,NA,NA,NA,NA,NA,NA,NA,NA,NA,NA,NA,NA,NA,NA,NA,NA
ImmortalsOfAveum-Win64-Shipping.exe,NVIDIA GeForce RTX 4060 Ti,12th Gen Intel(R) Core(TM) i7-12700,3840x2160,D3D12,0,20336,0x0000000063F0AD60,0,0,Hardware Composed: Independent Flip,0,4556.072679,17.538,17.875,0.158,0.353,2.347,0.020,NA,2775,9001,62,51,NA,NA,NA,NA,NA,NA,0.563,0.814,0.563,70,101,101,NA,4367,15, 41,42.906, 65,30,1,21,1,17,1,12,1,76,1,76,1,1,1,1,1,16,13,11,11,NA,NA,NA,NA,NA,NA,NA,NA,NA,NA,NA,NA,NA,NA,NA,NA,NA,NA,NA,NA,NA,NA,NA,NA,NA,NA,NA,NA,NA,NA,NA,NA,NA,NA,NA,NA,NA,NA,NA,NA,NA,NA,NA,NA,NA,NA,NA,NA
ImmortalsOfAveum-Win64-Shipping.exe,NVIDIA GeForce RTX 4060 Ti,12th Gen Intel(R) Core(TM) i7-12700,3840x2160,D3D12,0,20336,0x0000000063F0AD60,0,0,Hardware Composed: Independent Flip,0,4556.089929,17.250,17.180,0.221,2.219,2.277,0.129,NA,2775,9001,62,51,NA,NA,NA,NA,NA,NA,0.572,0.828,0.572,70,101,101,NA,4367,15, 41,42.906, 65,30,1,21,1,17,1,12,1,76,1,76,1,1,1,1,1,16,13,11,11,NA,NA,NA,NA,NA,NA,NA,NA,NA,NA,NA,NA,NA,NA,NA,NA,NA,NA,NA,NA,NA,NA,NA,NA,NA,NA,NA,NA,NA,NA,NA,NA,NA,NA,NA,NA,NA,NA,NA,NA,NA,NA,NA,NA,NA,NA,NA,NA
ImmortalsOfAveum-Win64-Shipping.exe,NVIDIA GeForce RTX 4060 Ti,12th Gen Intel(R) Core(TM) i7-12700,3840x2160,D3D12,0,20336,0x0000000063F0AD60,0,0,Hardware Composed: Independent Flip,0,4556.104857,14.928,14.402,0.139,0.545,1.751,0.037,NA,2775,9001,62,51,NA,NA,NA,NA,NA,NA,0.661,0.956,0.661,70,101,101,NA,4367,15, 41,42.906, 65,30,1,21,1,17,1,12,1,76,1,76,1,1,1,1,1,16,13,11,11,NA,NA,NA,NA,NA,NA,NA,NA,NA,NA,NA,NA,NA,NA,NA,NA,NA,NA,NA,NA,NA,NA,NA,NA,NA,NA,NA,NA,NA,NA,NA,NA,NA,NA,NA,NA,NA,NA,NA,NA,NA,NA,NA,NA,NA,NA,NA,NA
ImmortalsOfAveum-Win64-Shipping.exe,NVIDIA GeForce RTX 4060 Ti,12th Gen Intel(R) Core(TM) i7-12700,3840x2160,D3D12,0,20336,0x0000000063F0AD60,0,0,Hardware Composed: Independent Flip,0,4556.121711,16.854,17.235,0.195,2.112,2.132,0.125,NA,2775,9001,62,51,NA,NA,NA,NA,NA,NA,0.586,0.847,0.586,70,101,101,NA,4367,15, 41,42.906, 65,30,1,21,1,17,1,12,1,76,1,76,1,1,1,1,1,16,13,11,11,NA,NA,NA,NA,NA,NA,NA,NA,NA,NA,NA,NA,NA,NA,NA,NA,NA,NA,NA,NA,NA,NA,NA,NA,NA,NA,NA,NA,NA,NA,NA,NA,NA,NA,NA,NA,NA,NA,NA,NA,NA,NA,NA,NA,NA,NA,NA,NA
ImmortalsOfAveum-Win64-Shipping.exe,NVIDIA GeForce RTX 4060 Ti,12th Gen Intel(R) Core(TM) i7-12700,3840x2160,D3D12,0,20336,0x0000000063F0AD60,0,0,Hardware Composed: Independent Flip,0,4556.137690,15.978,16.983,0.152,0.551,3.137,0.035,NA,2775,9001,62,51,NA,NA,NA,NA,NA,NA,0.618,0.894,0.618,70,101,101,NA,4367,15, 41,42.906, 65,30,1,21,1,17,1,12,1,76,1,76,1,1,1,1,1,16,13,11,11,NA,NA,NA,NA,NA,NA,NA,NA,NA,NA,NA,NA,NA,NA,NA,NA,NA,NA,NA,NA,NA,NA,NA,NA,NA,NA,NA,NA,NA,NA,NA,NA,NA,NA,NA,NA,NA,NA,NA,NA,NA,NA,NA,NA,NA,NA,NA,NA
ImmortalsOfAveum-Win64-Shipping.exe,NVIDIA GeForce RTX 4060 Ti,12th Gen Intel(R) Core(TM) i7-12700,3840x2160,D3D12,0,20336,0x0000000063F0AD60,0,0,Hardware Composed: Independent Flip,0,4556.154189,16.499,15.630,0.183,2.254,2.268,0.137,NA,2775,9001,62,51,NA,NA,NA,NA,NA,NA,0.607,0.879,0.607,68,99,99,NA,4375,13, 41,42.906, 65,31,0,21,0,16,0,7,0,70,0,83,0,0,0,0,0,14,10,9,9,NA,NA,NA,NA,NA,NA,NA,NA,NA,NA,NA,NA,NA,NA,NA,NA,NA,NA,NA,NA,NA,NA,NA,NA,NA,NA,NA,NA,NA,NA,NA,NA,NA,NA,NA,NA,NA,NA,NA,NA,NA,NA,NA,NA,NA,NA,NA,NA
ImmortalsOfAveum-Win64-Shipping.exe,NVIDIA GeForce RTX 4060 Ti,12th Gen Intel(R) Core(TM) i7-12700,3840x2160,D3D12,0,20336,0x0000000063F0AD60,0,0,Hardware Composed: Independent Flip,0,4556.171803,17.614,18.394,0.160,0.347,3.047,0.020,NA,2775,9001,62,51,NA,NA,NA,NA,NA,NA,0.569,0.823,0.569,68,99,99,NA,4375,13, 41,42.906, 65,31,0,21,0,16,0,7,0,70,0,83,0,0,0,0,0,14,10,9,9,NA,NA,NA,NA,NA,NA,NA,NA,NA,NA,NA,NA,NA,NA,NA,NA,NA,NA,NA,NA,NA,NA,NA,NA,NA,NA,NA,NA,NA,NA,NA,NA,NA,NA,NA,NA,NA,NA,NA,NA,NA,NA,NA,NA,NA,NA,NA,NA
ImmortalsOfAveum-Win64-Shipping.exe,NVIDIA GeForce RTX 4060 Ti,12th Gen Intel(R) Core(TM) i7-12700,3840x2160,D3D12,0,20336,0x0000000063F0AD60,0,0,Hardware Composed: Independent Flip,0,4556.188890,17.087,15.998,0.275,1.946,1.958,0.114,NA,2775,9001,62,51,NA,NA,NA,NA,NA,NA,0.587,0.849,0.587,68,99,99,NA,4375,13, 41,42.906, 65,31,0,21,0,16,0,7,0,70,0,83,0,0,0,0,0,14,10,9,9,NA,NA,NA,NA,NA,NA,NA,NA,NA,NA,NA,NA,NA,NA,NA,NA,NA,NA,NA,NA,NA,NA,NA,NA,NA,NA,NA,NA,NA,NA,NA,NA,NA,NA,NA,NA,NA,NA,NA,NA,NA,NA,NA,NA,NA,NA,NA,NA
ImmortalsOfAveum-Win64-Shipping.exe,NVIDIA GeForce RTX 4060 Ti,12th Gen Intel(R) Core(TM) i7-12700,3840x2160,D3D12,0,20336,0x0000000063F0AD60,0,0,Hardware Composed: Independent Flip,0,4556.204661,15.771,15.825,0.171,0.707,2.012,0.045,NA,2775,9001,62,51,NA,NA,NA,NA,NA,NA,0.635,0.920,0.635,68,99,99,NA,4375,13, 41,42.906, 65,31,0,21,0,16,0,7,0,70,0,83,0,0,0,0,0,14,10,9,9,NA,NA,NA,NA,NA,NA,NA,NA,NA,NA,NA,NA,NA,NA,NA,NA,NA,NA,NA,NA,NA,NA,NA,NA,NA,NA,NA,NA,NA,NA,NA,NA,NA,NA,NA,NA,NA,NA,NA,NA,NA,NA,NA,NA,NA,NA,NA,NA
ImmortalsOfAveum-Win64-Shipping.exe,NVIDIA GeForce RTX 4060 Ti,12th Gen Intel(R) Core(TM) i7-12700,3840x2160,D3D12,0,20336,0x0000000063F0AD60,0,0,Hardware Composed: Independent Flip,0,4556.221616,16.954,17.251,0.187,2.296,2.309,0.135,NA,2775,9001,62,51,NA,NA,NA,NA,NA,NA,0.591,0.855,0.591,68,99,99,NA,4375,13, 41,42.906, 65,31,0,21,0,16,0,7,0,70,0,83,0,0,0,0,0,14,10,9,9,NA,NA,NA,NA,NA,NA,NA,NA,NA,NA,NA,NA,NA,NA,NA,NA,NA,NA,NA,NA,NA,NA,NA,NA,NA,NA,NA,NA,NA,NA,NA,NA,NA,NA,NA,NA,NA,NA,NA,NA,NA,NA,NA,NA,NA,NA,NA,NA
ImmortalsOfAveum-Win64-Shipping.exe,NVIDIA GeForce RTX 4060 Ti,12th Gen Intel(R) Core(TM) i7-12700,3840x2160,D3D12,0,20336,0x0000000063F0AD60,0,0,Hardware Composed: Independent Flip,0,4556.237972,16.356,15.870,0.145,0.439,1.822,0.027,NA,2775,9001,62,51,NA,NA,NA,NA,NA,NA,0.613,0.887,0.613,68,99,99,NA,4375,13, 41,42.917, 65,31,0,21,0,16,0,7,0,70,0,83,0,0,0,0,0,14,10,9,9,NA,NA,NA,NA,NA,NA,NA,NA,NA,NA,NA,NA,NA,NA,NA,NA,NA,NA,NA,NA,NA,NA,NA,NA,NA,NA,NA,NA,NA,NA,NA,NA,NA,NA,NA,NA,NA,NA,NA,NA,NA,NA,NA,NA,NA,NA,NA,NA
ImmortalsOfAveum-Win64-Shipping.exe,NVIDIA GeForce RTX 4060 Ti,12th Gen Intel(R) Core(TM) i7-12700,3840x2160,D3D12,0,20336,0x0000000063F0AD60,0,0,Hardware Composed: Independent Flip,0,4556.254674,16.702,16.526,0.222,1.633,1.647,0.098,NA,2775,9001,62,51,NA,NA,NA,NA,NA,NA,0.600,0.868,0.600,68,99,99,NA,4375,13, 41,42.917, 65,31,0,21,0,16,0,7,0,70,0,83,0,0,0,0,0,14,10,9,9,NA,NA,NA,NA,NA,NA,NA,NA,NA,NA,NA,NA,NA,NA,NA,NA,NA,NA,NA,NA,NA,NA,NA,NA,NA,NA,NA,NA,NA,NA,NA,NA,NA,NA,NA,NA,NA,NA,NA,NA,NA,NA,NA,NA,NA,NA,NA,NA
ImmortalsOfAveum-Win64-Shipping.exe,NVIDIA GeForce RTX 4060 Ti,12th Gen Intel(R) Core(TM) i7-12700,3840x2160,D3D12,0,20336,0x0000000063F0AD60,0,0,Hardware Composed: Independent Flip,0,4556.271722,17.048,17.819,0.164,0.354,2.418,0.021,NA,2775,9001,62,51,NA,NA,NA,NA,NA,NA,0.588,0.851,0.588,68,99,99,NA,4375,13, 41,42.917, 65,31,0,21,0,16,0,7,0,70,0,83,0,0,0,0,0,14,10,9,9,NA,NA,NA,NA,NA,NA,NA,NA,NA,NA,NA,NA,NA,NA,NA,NA,NA,NA,NA,NA,NA,NA,NA,NA,NA,NA,NA,NA,NA,NA,NA,NA,NA,NA,NA,NA,NA,NA,NA,NA,NA,NA,NA,NA,NA,NA,NA,NA
ImmortalsOfAveum-Win64-Shipping.exe,NVIDIA GeForce RTX 4060 Ti,12th Gen Intel(R) Core(TM) i7-12700,3840x2160,D3D12,0,20336,0x0000000063F0AD60,0,0,Hardware Composed: Independent Flip,0,4556.288657,16.934,17.033,0.222,2.503,2.516,0.148,NA,2775,9001,62,51,NA,NA,NA,NA,NA,NA,0.592,0.856,0.592,68,99,99,NA,4375,13, 41,42.917, 65,31,0,21,0,16,0,7,0,70,0,83,0,0,0,0,0,14,10,9,9,NA,NA,NA,NA,NA,NA,NA,NA,NA,NA,NA,NA,NA,NA,NA,NA,NA,NA,NA,NA,NA,NA,NA,NA,NA,NA,NA,NA,NA,NA,NA,NA,NA,NA,NA,NA,NA,NA,NA,NA,NA,NA,NA,NA,NA,NA,NA,NA
ImmortalsOfAveum-Win64-Shipping.exe,NVIDIA GeForce RTX 4060 Ti,12th Gen Intel(R) Core(TM) i7-12700,3840x2160,D3D12,0,20336,0x0000000063F0AD60,0,0,Hardware Composed: Independent Flip,0,4556.305556,16.899,16.134,0.179,0.345,1.751,0.020,NA,2775,9001,62,51,NA,NA,NA,NA,NA,NA,0.593,0.858,0.593,68,99,99,NA,4375,13, 41,42.917, 65,31,0,21,0,16,0,7,0,70,0,83,0,0,0,0,0,14,10,9,9,NA,NA,NA,NA,NA,NA,NA,NA,NA,NA,NA,NA,NA,NA,NA,NA,NA,NA,NA,NA,NA,NA,NA,NA,NA,NA,NA,NA,NA,NA,NA,NA,NA,NA,NA,NA,NA,NA,NA,NA,NA,NA,NA,NA,NA,NA,NA,NA
ImmortalsOfAveum-Win64-Shipping.exe,NVIDIA GeForce RTX 4060 Ti,12th Gen Intel(R) Core(TM) i7-12700,3840x2160,D3D12,0,20336,0x0000000063F0AD60,0,0,Hardware Composed: Independent Flip,0,4556.322609,17.053,17.503,0.232,2.140,2.200,0.125,NA,2775,9001,62,51,NA,NA,NA,NA,NA,NA,0.588,0.850,0.588,68,99,99,NA,4375,13, 41,42.917, 65,31,0,21,0,16,0,7,0,70,0,83,0,0,0,0,0,14,10,9,9,NA,NA,NA,NA,NA,NA,NA,NA,NA,NA,NA,NA,NA,NA,NA,NA,NA,NA,NA,NA,NA,NA,NA,NA,NA,NA,NA,NA,NA,NA,NA,NA,NA,NA,NA,NA,NA,NA,NA,NA,NA,NA,NA,NA,NA,NA,NA,NA
ImmortalsOfAveum-Win64-Shipping.exe,NVIDIA GeForce RTX 4060 Ti,12th Gen Intel(R) Core(TM) i7-12700,3840x2160,D3D12,0,20336,0x0000000063F0AD60,0,0,Hardware Composed: Independent Flip,0,4556.337512,14.903,15.096,0.145,0.544,2.393,0.037,NA,2775,9001,62,51,NA,NA,NA,NA,NA,NA,0.673,0.973,0.673,68,99,99,NA,4375,13, 41,42.917, 65,31,0,21,0,16,0,7,0,70,0,83,0,0,0,0,0,14,10,9,9,NA,NA,NA,NA,NA,NA,NA,NA,NA,NA,NA,NA,NA,NA,NA,NA,NA,NA,NA,NA,NA,NA,NA,NA,NA,NA,NA,NA,NA,NA,NA,NA,NA,NA,NA,NA,NA,NA,NA,NA,NA,NA,NA,NA,NA,NA,NA,NA
ImmortalsOfAveum-Win64-Shipping.exe,NVIDIA GeForce RTX 4060 Ti,12th Gen Intel(R) Core(TM) i7-12700,3840x2160,D3D12,0,20336,0x0000000063F0AD60,0,0,Hardware Composed: Independent Flip,0,4556.354109,16.597,16.795,0.234,2.530,2.591,0.152,NA,2775,9001,62,51,NA,NA,NA,NA,NA,NA,0.604,0.874,0.604,68,99,99,NA,4375,13, 41,42.917, 65,31,0,21,0,16,0,7,0,70,0,83,0,0,0,0,0,14,10,9,9,NA,NA,NA,NA,NA,NA,NA,NA,NA,NA,NA,NA,NA,NA,NA,NA,NA,NA,NA,NA,NA,NA,NA,NA,NA,NA,NA,NA,NA,NA,NA,NA,NA,NA,NA,NA,NA,NA,NA,NA,NA,NA,NA,NA,NA,NA,NA,NA
ImmortalsOfAveum-Win64-Shipping.exe,NVIDIA GeForce RTX 4060 Ti,12th Gen Intel(R) Core(TM) i7-12700,3840x2160,D3D12,0,20336,0x0000000063F0AD60,0,0,Hardware Composed: Independent Flip,0,4556.373150,19.041,19.627,0.166,0.361,3.177,0.019,NA,2775,9001,62,51,NA,NA,NA,NA,NA,NA,0.526,0.762,0.526,68,99,99,NA,4375,13, 41,42.917, 65,31,0,21,0,16,0,7,0,70,0,83,0,0,0,0,0,14,10,9,9,NA,NA,NA,NA,NA,NA,NA,NA,NA,NA,NA,NA,NA,NA,NA,NA,NA,NA,NA,NA,NA,NA,NA,NA,NA,NA,NA,NA,NA,NA,NA,NA,NA,NA,NA,NA,NA,NA,NA,NA,NA,NA,NA,NA,NA,NA,NA,NA
ImmortalsOfAveum-Win64-Shipping.exe,NVIDIA GeForce RTX 4060 Ti,12th Gen Intel(R) Core(TM) i7-12700,3840x2160,D3D12,0,20336,0x0000000063F0AD60,0,0,Hardware Composed: Independent Flip,0,4556.390307,17.157,15.954,0.239,1.913,1.973,0.112,NA,2775,9001,62,51,NA,NA,NA,NA,NA,NA,0.584,0.845,0.584,68,99,99,NA,4375,13, 41,42.917, 65,31,0,21,0,16,0,7,0,70,0,83,0,0,0,0,0,14,10,9,9,NA,NA,NA,NA,NA,NA,NA,NA,NA,NA,NA,NA,NA,NA,NA,NA,NA,NA,NA,NA,NA,NA,NA,NA,NA,NA,NA,NA,NA,NA,NA,NA,NA,NA,NA,NA,NA,NA,NA,NA,NA,NA,NA,NA,NA,NA,NA,NA
ImmortalsOfAveum-Win64-Shipping.exe,NVIDIA GeForce RTX 4060 Ti,12th Gen Intel(R) Core(TM) i7-12700,3840x2160,D3D12,0,20336,0x0000000063F0AD60,0,0,Hardware Composed: Independent Flip,0,4556.405065,14.757,15.143,0.157,0.730,2.359,0.049,NA,2775,9001,62,51,NA,NA,NA,NA,NA,NA,0.679,0.983,0.679,68,99,99,NA,4375,13, 41,42.917, 65,31,0,21,0,16,0,7,0,70,0,83,0,0,0,0,0,14,10,9,9,NA,NA,NA,NA,NA,NA,NA,NA,NA,NA,NA,NA,NA,NA,NA,NA,NA,NA,NA,NA,NA,NA,NA,NA,NA,NA,NA,NA,NA,NA,NA,NA,NA,NA,NA,NA,NA,NA,NA,NA,NA,NA,NA,NA,NA,NA,NA,NA
ImmortalsOfAveum-Win64-Shipping.exe,NVIDIA GeForce RTX 4060 Ti,12th Gen Intel(R) Core(TM) i7-12700,3840x2160,D3D12,0,20336,0x0000000063F0AD60,0,0,Hardware Composed: Independent Flip,0,4556.422197,17.133,17.164,0.197,2.328,2.390,0.136,NA,2775,9001,62,51,NA,NA,NA,NA,NA,NA,0.585,0.847,0.585,68,99,99,NA,4375,13, 41,42.917, 65,31,0,21,0,16,0,7,0,70,0,83,0,0,0,0,0,14,10,9,9,NA,NA,NA,NA,NA,NA,NA,NA,NA,NA,NA,NA,NA,NA,NA,NA,NA,NA,NA,NA,NA,NA,NA,NA,NA,NA,NA,NA,NA,NA,NA,NA,NA,NA,NA,NA,NA,NA,NA,NA,NA,NA,NA,NA,NA,NA,NA,NA
ImmortalsOfAveum-Win64-Shipping.exe,NVIDIA GeForce RTX 4060 Ti,12th Gen Intel(R) Core(TM) i7-12700,3840x2160,D3D12,0,20336,0x0000000063F0AD60,0,0,Hardware Composed: Independent Flip,0,4556.438633,16.436,16.468,0.174,0.396,2.422,0.024,NA,2775,9001,62,51,NA,NA,NA,NA,NA,NA,0.610,0.882,0.610,68,99,99,NA,4375,13, 41,42.303, 65,31,0,21,0,16,0,7,0,70,0,83,0,0,0,0,0,14,10,9,9,NA,NA,NA,NA,NA,NA,NA,NA,NA,NA,NA,NA,NA,NA,NA,NA,NA,NA,NA,NA,NA,NA,NA,NA,NA,NA,NA,NA,NA,NA,NA,NA,NA,NA,NA,NA,NA,NA,NA,NA,NA,NA,NA,NA,NA,NA,NA,NA
ImmortalsOfAveum-Win64-Shipping.exe,NVIDIA GeForce RTX 4060 Ti,12th Gen Intel(R) Core(TM) i7-12700,3840x2160,D3D12,0,20336,0x0000000063F0AD60,0,0,Hardware Composed: Independent Flip,0,4556.455101,16.468,16.517,0.243,2.412,2.471,0.146,NA,2775,9001,62,51,NA,NA,NA,NA,NA,NA,0.609,0.881,0.609,68,99,99,NA,4375,13, 41,42.303, 65,31,0,21,0,16,0,7,0,70,0,83,0,0,0,0,0,14,10,9,9,NA,NA,NA,NA,NA,NA,NA,NA,NA,NA,NA,NA,NA,NA,NA,NA,NA,NA,NA,NA,NA,NA,NA,NA,NA,NA,NA,NA,NA,NA,NA,NA,NA,NA,NA,NA,NA,NA,NA,NA,NA,NA,NA,NA,NA,NA,NA,NA
ImmortalsOfAveum-Win64-Shipping.exe,NVIDIA GeForce RTX 4060 Ti,12th Gen Intel(R) Core(TM) i7-12700,3840x2160,D3D12,0,20336,0x0000000063F0AD60,0,0,Hardware Composed: Independent Flip,0,4556.471251,16.150,16.611,0.142,0.564,2.932,0.035,NA,2775,9001,62,51,NA,NA,NA,NA,NA,NA,0.621,0.898,0.621,68,99,99,NA,4375,13, 41,42.303, 65,31,0,21,0,16,0,7,0,70,0,83,0,0,0,0,0,14,10,9,9,NA,NA,NA,NA,NA,NA,NA,NA,NA,NA,NA,NA,NA,NA,NA,NA,NA,NA,NA,NA,NA,NA,NA,NA,NA,NA,NA,NA,NA,NA,NA,NA,NA,NA,NA,NA,NA,NA,NA,NA,NA,NA,NA,NA,NA,NA,NA,NA
ImmortalsOfAveum-Win64-Shipping.exe,NVIDIA GeForce RTX 4060 Ti,12th Gen Intel(R) Core(TM) i7-12700,3840x2160,D3D12,0,20336,0x0000000063F0AD60,0,0,Hardware Composed: Independent Flip,0,4556.487957,16.706,16.467,0.206,2.133,2.693,0.128,NA,2775,9001,62,51,NA,NA,NA,NA,NA,NA,0.600,0.868,0.600,68,99,99,NA,4375,13, 41,42.303, 65,31,0,21,0,16,0,7,0,70,0,83,0,0,0,0,0,14,10,9,9,NA,NA,NA,NA,NA,NA,NA,NA,NA,NA,NA,NA,NA,NA,NA,NA,NA,NA,NA,NA,NA,NA,NA,NA,NA,NA,NA,NA,NA,NA,NA,NA,NA,NA,NA,NA,NA,NA,NA,NA,NA,NA,NA,NA,NA,NA,NA,NA
ImmortalsOfAveum-Win64-Shipping.exe,NVIDIA GeForce RTX 4060 Ti,12th Gen Intel(R) Core(TM) i7-12700,3840x2160,D3D12,0,20336,0x0000000063F0AD60,0,0,Hardware Composed: Independent Flip,0,4556.505511,17.554,17.520,0.157,0.343,2.659,0.020,NA,2775,9001,62,51,NA,NA,NA,NA,NA,NA,0.571,0.826,0.571,68,99,99,NA,4375,13, 41,42.303, 65,31,0,21,0,16,0,7,0,70,0,83,0,0,0,0,0,14,10,9,9,NA,NA,NA,NA,NA,NA,NA,NA,NA,NA,NA,NA,NA,NA,NA,NA,NA,NA,NA,NA,NA,NA,NA,NA,NA,NA,NA,NA,NA,NA,NA,NA,NA,NA,NA,NA,NA,NA,NA,NA,NA,NA,NA,NA,NA,NA,NA,NA
ImmortalsOfAveum-Win64-Shipping.exe,NVIDIA GeForce RTX 4060 Ti,12th Gen Intel(R) Core(TM) i7-12700,3840x2160,D3D12,0,20336,0x0000000063F0AD60,0,0,Hardware Composed: Independent Flip,0,4556.522507,16.997,16.896,0.239,2.496,2.558,0.147,NA,2775,9001,62,51,NA,NA,NA,NA,NA,NA,0.590,0.853,0.590,68,99,99,NA,4375,13, 41,42.303, 65,31,0,21,0,16,0,7,0,70,0,83,0,0,0,0,0,14,10,9,9,NA,NA,NA,NA,NA,NA,NA,NA,NA,NA,NA,NA,NA,NA,NA,NA,NA,NA,NA,NA,NA,NA,NA,NA,NA,NA,NA,NA,NA,NA,NA,NA,NA,NA,NA,NA,NA,NA,NA,NA,NA,NA,NA,NA,NA,NA,NA,NA
ImmortalsOfAveum-Win64-Shipping.exe,NVIDIA GeForce RTX 4060 Ti,12th Gen Intel(R) Core(TM) i7-12700,3840x2160,D3D12,0,20336,0x0000000063F0AD60,0,0,Hardware Composed: Independent Flip,0,4556.537844,15.337,15.114,0.138,0.552,2.335,0.036,NA,2775,9001,62,51,NA,NA,NA,NA,NA,NA,0.653,0.946,0.653,68,99,99,NA,4375,13, 41,42.303, 65,31,0,21,0,16,0,7,0,70,0,83,0,0,0,0,0,14,10,9,9,NA,NA,NA,NA,NA,NA,NA,NA,NA,NA,NA,NA,NA,NA,NA,NA,NA,NA,NA,NA,NA,NA,NA,NA,NA,NA,NA,NA,NA,NA,NA,NA,NA,NA,NA,NA,NA,NA,NA,NA,NA,NA,NA,NA,NA,NA,NA,NA
ImmortalsOfAveum-Win64-Shipping.exe,NVIDIA GeForce RTX 4060 Ti,12th Gen Intel(R) Core(TM) i7-12700,3840x2160,D3D12,0,20336,0x0000000063F0AD60,0,0,Hardware Composed: Independent Flip,0,4556.554744,16.900,16.220,0.207,1.594,1.655,0.094,NA,2775,9001,62,51,NA,NA,NA,NA,NA,NA,0.593,0.858,0.593,68,99,99,NA,4375,13, 41,42.303, 65,31,0,21,0,16,0,7,0,70,0,83,0,0,0,0,0,14,10,9,9,NA,NA,NA,NA,NA,NA,NA,NA,NA,NA,NA,NA,NA,NA,NA,NA,NA,NA,NA,NA,NA,NA,NA,NA,NA,NA,NA,NA,NA,NA,NA,NA,NA,NA,NA,NA,NA,NA,NA,NA,NA,NA,NA,NA,NA,NA,NA,NA
ImmortalsOfAveum-Win64-Shipping.exe,NVIDIA GeForce RTX 4060 Ti,12th Gen Intel(R) Core(TM) i7-12700,3840x2160,D3D12,0,20336,0x0000000063F0AD60,0,0,Hardware Composed: Independent Flip,0,4556.571710,16.966,18.336,0.160,0.355,3.026,0.021,NA,2775,9001,62,51,NA,NA,NA,NA,NA,NA,0.591,0.855,0.591,68,99,99,NA,4375,13, 41,42.303, 65,31,0,21,0,16,0,7,0,70,0,83,0,0,0,0,0,14,10,9,9,NA,NA,NA,NA,NA,NA,NA,NA,NA,NA,NA,NA,NA,NA,NA,NA,NA,NA,NA,NA,NA,NA,NA,NA,NA,NA,NA,NA,NA,NA,NA,NA,NA,NA,NA,NA,NA,NA,NA,NA,NA,NA,NA,NA,NA,NA,NA,NA
ImmortalsOfAveum-Win64-Shipping.exe,NVIDIA GeForce RTX 4060 Ti,12th Gen Intel(R) Core(TM) i7-12700,3840x2160,D3D12,0,20336,0x0000000063F0AD60,0,0,Hardware Composed: Independent Flip,0,4556.588541,16.831,15.717,0.258,1.891,1.912,0.112,NA,2775,9001,62,51,NA,NA,NA,NA,NA,NA,0.595,0.862,0.595,68,99,99,NA,4375,13, 41,42.303, 65,31,0,21,0,16,0,7,0,70,0,83,0,0,0,0,0,14,10,9,9,NA,NA,NA,NA,NA,NA,NA,NA,NA,NA,NA,NA,NA,NA,NA,NA,NA,NA,NA,NA,NA,NA,NA,NA,NA,NA,NA,NA,NA,NA,NA,NA,NA,NA,NA,NA,NA,NA,NA,NA,NA,NA,NA,NA,NA,NA,NA,NA
ImmortalsOfAveum-Win64-Shipping.exe,NVIDIA GeForce RTX 4060 Ti,12th Gen Intel(R) Core(TM) i7-12700,3840x2160,D3D12,0,20336,0x0000000063F0AD60,0,0,Hardware Composed: Independent Flip,0,4556.604355,15.815,16.049,0.138,0.548,2.147,0.035,NA,2775,9001,62,51,NA,NA,NA,NA,NA,NA,0.634,0.917,0.634,68,99,99,NA,4375,13, 41,42.303, 65,31,0,21,0,16,0,7,0,70,0,83,0,0,0,0,0,14,10,9,9,NA,NA,NA,NA,NA,NA,NA,NA,NA,NA,NA,NA,NA,NA,NA,NA,NA,NA,NA,NA,NA,NA,NA,NA,NA,NA,NA,NA,NA,NA,NA,NA,NA,NA,NA,NA,NA,NA,NA,NA,NA,NA,NA,NA,NA,NA,NA,NA
ImmortalsOfAveum-Win64-Shipping.exe,NVIDIA GeForce RTX 4060 Ti,12th Gen Intel(R) Core(TM) i7-12700,3840x2160,D3D12,0,20336,0x0000000063F0AD60,0,0,Hardware Composed: Independent Flip,0,4556.621223,16.867,16.854,0.191,2.075,2.133,0.123,NA,2775,9001,62,51,NA,NA,NA,NA,NA,NA,0.594,0.860,0.594,68,99,99,NA,4375,13, 41,42.303, 65,31,0,21,0,16,0,7,0,70,0,83,0,0,0,0,0,14,10,9,9,NA,NA,NA,NA,NA,NA,NA,NA,NA,NA,NA,NA,NA,NA,NA,NA,NA,NA,NA,NA,NA,NA,NA,NA,NA,NA,NA,NA,NA,NA,NA,NA,NA,NA,NA,NA,NA,NA,NA,NA,NA,NA,NA,NA,NA,NA,NA,NA
ImmortalsOfAveum-Win64-Shipping.exe,NVIDIA GeForce RTX 4060 Ti,12th Gen Intel(R) Core(TM) i7-12700,3840x2160,D3D12,0,20336,0x0000000063F0AD60,0,0,Hardware Composed: Independent Flip,0,4556.638702,17.480,17.308,0.157,0.351,1.962,0.020,NA,2775,9001,62,51,NA,NA,NA,NA,NA,NA,0.573,0.830,0.573,68,99,99,NA,4375,13, 40,42.941, 65,31,0,21,0,16,0,7,0,70,0,83,0,0,0,0,0,14,10,9,9,NA,NA,NA,NA,NA,NA,NA,NA,NA,NA,NA,NA,NA,NA,NA,NA,NA,NA,NA,NA,NA,NA,NA,NA,NA,NA,NA,NA,NA,NA,NA,NA,NA,NA,NA,NA,NA,NA,NA,NA,NA,NA,NA,NA,NA,NA,NA,NA
ImmortalsOfAveum-Win64-Shipping.exe,NVIDIA GeForce RTX 4060 Ti,12th Gen Intel(R) Core(TM) i7-12700,3840x2160,D3D12,0,20336,0x0000000063F0AD60,0,0,Hardware Composed: Independent Flip,0,4556.655709,17.006,16.702,0.245,1.590,1.657,0.094,NA,2775,9001,62,51,NA,NA,NA,NA,NA,NA,0.587,0.849,0.587,69,100,100,NA,4372,14, 40,42.941, 65,28,1,20,1,17,1,14,1,72,1,79,1,1,1,1,1,15,12,10,10,NA,NA,NA,NA,NA,NA,NA,NA,NA,NA,NA,NA,NA,NA,NA,NA,NA,NA,NA,NA,NA,NA,NA,NA,NA,NA,NA,NA,NA,NA,NA,NA,NA,NA,NA,NA,NA,NA,NA,NA,NA,NA,NA,NA,NA,NA,NA,NA
ImmortalsOfAveum-Win64-Shipping.exe,NVIDIA GeForce RTX 4060 Ti,12th Gen Intel(R) Core(TM) i7-12700,3840x2160,D3D12,0,20336,0x0000000063F0AD60,0,0,Hardware Composed: Independent Flip,0,4556.671239,15.530,15.575,0.170,0.528,1.701,0.034,NA,2775,9001,62,51,NA,NA,NA,NA,NA,NA,0.643,0.929,0.643,69,100,100,NA,4372,14, 40,42.941, 65,28,1,20,1,17,1,14,1,72,1,79,1,1,1,1,1,15,12,10,10,NA,NA,NA,NA,NA,NA,NA,NA,NA,NA,NA,NA,NA,NA,NA,NA,NA,NA,NA,NA,NA,NA,NA,NA,NA,NA,NA,NA,NA,NA,NA,NA,NA,NA,NA,NA,NA,NA,NA,NA,NA,NA,NA,NA,NA,NA,NA,NA
ImmortalsOfAveum-Win64-Shipping.exe,NVIDIA GeForce RTX 4060 Ti,12th Gen Intel(R) Core(TM) i7-12700,3840x2160,D3D12,0,20336,0x0000000063F0AD60,0,0,Hardware Composed: Independent Flip,0,4556.688187,16.948,16.997,0.218,1.689,1.751,0.100,NA,2775,9001,62,51,NA,NA,NA,NA,NA,NA,0.589,0.852,0.589,69,100,100,NA,4372,14, 40,42.941, 65,28,1,20,1,17,1,14,1,72,1,79,1,1,1,1,1,15,12,10,10,NA,NA,NA,NA,NA,NA,NA,NA,NA,NA,NA,NA,NA,NA,NA,NA,NA,NA,NA,NA,NA,NA,NA,NA,NA,NA,NA,NA,NA,NA,NA,NA,NA,NA,NA,NA,NA,NA,NA,NA,NA,NA,NA,NA,NA,NA,NA,NA
ImmortalsOfAveum-Win64-Shipping.exe,NVIDIA GeForce RTX 4060 Ti,12th Gen Intel(R) Core(TM) i7-12700,3840x2160,D3D12,0,20336,0x0000000063F0AD60,0,0,Hardware Composed: Independent Flip,0,4556.705257,17.070,17.393,0.143,0.349,2.074,0.020,NA,2775,9001,62,51,NA,NA,NA,NA,NA,NA,0.585,0.846,0.585,69,100,100,NA,4372,14, 40,42.941, 65,28,1,20,1,17,1,14,1,72,1,79,1,1,1,1,1,15,12,10,10,NA,NA,NA,NA,NA,NA,NA,NA,NA,NA,NA,NA,NA,NA,NA,NA,NA,NA,NA,NA,NA,NA,NA,NA,NA,NA,NA,NA,NA,NA,NA,NA,NA,NA,NA,NA,NA,NA,NA,NA,NA,NA,NA,NA,NA,NA,NA,NA
ImmortalsOfAveum-Win64-Shipping.exe,NVIDIA GeForce RTX 4060 Ti,12th Gen Intel(R) Core(TM) i7-12700,3840x2160,D3D12,0,20336,0x0000000063F0AD60,0,0,Hardware Composed: Independent Flip,0,4556.722150,16.893,16.439,0.192,1.563,1.620,0.093,NA,2775,9001,62,51,NA,NA,NA,NA,NA,NA,0.591,0.854,0.591,69,100,100,NA,4372,14, 40,42.941, 65,28,1,20,1,17,1,14,1,72,1,79,1,1,1,1,1,15,12,10,10,NA,NA,NA,NA,NA,NA,NA,NA,NA,NA,NA,NA,NA,NA,NA,NA,NA,NA,NA,NA,NA,NA,NA,NA,NA,NA,NA,NA,NA,NA,NA,NA,NA,NA,NA,NA,NA,NA,NA,NA,NA,NA,NA,NA,NA,NA,NA,NA
ImmortalsOfAveum-Win64-Shipping.exe,NVIDIA GeForce RTX 4060 Ti,12th Gen Intel(R) Core(TM) i7-12700,3840x2160,D3D12,0,20336,0x0000000063F0AD60,0,0,Hardware Composed: Independent Flip,0,4556.737513,15.364,15.806,0.143,0.541,2.062,0.035,NA,2775,9001,62,51,NA,NA,NA,NA,NA,NA,0.650,0.939,0.650,69,100,100,NA,4372,14, 40,42.941, 65,28,1,20,1,17,1,14,1,72,1,79,1,1,1,1,1,15,12,10,10,NA,NA,NA,NA,NA,NA,NA,NA,NA,NA,NA,NA,NA,NA,NA,NA,NA,NA,NA,NA,NA,NA,NA,NA,NA,NA,NA,NA,NA,NA,NA,NA,NA,NA,NA,NA,NA,NA,NA,NA,NA,NA,NA,NA,NA,NA,NA,NA
ImmortalsOfAveum-Win64-Shipping.exe,NVIDIA GeForce RTX 4060 Ti,12th Gen Intel(R) Core(TM) i7-12700,3840x2160,D3D12,0,20336,0x0000000063F0AD60,0,0,Hardware Composed: Independent Flip,0,4556.754343,16.830,17.145,0.239,2.314,2.377,0.137,NA,2775,9001,62,51,NA,NA,NA,NA,NA,NA,0.593,0.858,0.593,69,100,100,NA,4372,14, 40,42.941, 65,28,1,20,1,17,1,14,1,72,1,79,1,1,1,1,1,15,12,10,10,NA,NA,NA,NA,NA,NA,NA,NA,NA,NA,NA,NA,NA,NA,NA,NA,NA,NA,NA,NA,NA,NA,NA,NA,NA,NA,NA,NA,NA,NA,NA,NA,NA,NA,NA,NA,NA,NA,NA,NA,NA,NA,NA,NA,NA,NA,NA,NA
ImmortalsOfAveum-Win64-Shipping.exe,NVIDIA GeForce RTX 4060 Ti,12th Gen Intel(R) Core(TM) i7-12700,3840x2160,D3D12,0,20336,0x0000000063F0AD60,0,0,Hardware Composed: Independent Flip,0,4556.772052,17.709,17.514,0.156,0.337,2.182,0.019,NA,2775,9001,62,51,NA,NA,NA,NA,NA,NA,0.564,0.815,0.564,69,100,100,NA,4372,14, 40,42.941, 65,28,1,20,1,17,1,14,1,72,1,79,1,1,1,1,1,15,12,10,10,NA,NA,NA,NA,NA,NA,NA,NA,NA,NA,NA,NA,NA,NA,NA,NA,NA,NA,NA,NA,NA,NA,NA,NA,NA,NA,NA,NA,NA,NA,NA,NA,NA,NA,NA,NA,NA,NA,NA,NA,NA,NA,NA,NA,NA,NA,NA,NA
ImmortalsOfAveum-Win64-Shipping.exe,NVIDIA GeForce RTX 4060 Ti,12th Gen Intel(R) Core(TM) i7-12700,3840x2160,D3D12,0,20336,0x0000000063F0AD60,0,0,Hardware Composed: Independent Flip,0,4556.788987,16.935,17.150,0.191,2.337,2.396,0.138,NA,2775,9001,62,51,NA,NA,NA,NA,NA,NA,0.589,0.852,0.589,69,100,100,NA,4372,14, 40,42.941, 65,28,1,20,1,17,1,14,1,72,1,79,1,1,1,1,1,15,12,10,10,NA,NA,NA,NA,NA,NA,NA,NA,NA,NA,NA,NA,NA,NA,NA,NA,NA,NA,NA,NA,NA,NA,NA,NA,NA,NA,NA,NA,NA,NA,NA,NA,NA,NA,NA,NA,NA,NA,NA,NA,NA,NA,NA,NA,NA,NA,NA,NA
ImmortalsOfAveum-Win64-Shipping.exe,NVIDIA GeForce RTX 4060 Ti,12th Gen Intel(R) Core(TM) i7-12700,3840x2160,D3D12,0,20336,0x0000000063F0AD60,0,0,Hardware Composed: Independent Flip,0,4556.804060,15.073,14.861,0.150,0.541,2.184,0.036,NA,2775,9001,62,51,NA,NA,NA,NA,NA,NA,0.662,0.958,0.662,69,100,100,NA,4372,14, 40,42.941, 65,28,1,20,1,17,1,14,1,72,1,79,1,1,1,1,1,15,12,10,10,NA,NA,NA,NA,NA,NA,NA,NA,NA,NA,NA,NA,NA,NA,NA,NA,NA,NA,NA,NA,NA,NA,NA,NA,NA,NA,NA,NA,NA,NA,NA,NA,NA,NA,NA,NA,NA,NA,NA,NA,NA,NA,NA,NA,NA,NA,NA,NA
ImmortalsOfAveum-Win64-Shipping.exe,NVIDIA GeForce RTX 4060 Ti,12th Gen Intel(R) Core(TM) i7-12700,3840x2160,D3D12,0,20336,0x0000000063F0AD60,0,0,Hardware Composed: Independent Flip,0,4556.820947,16.887,16.831,0.200,2.066,2.128,0.122,NA,2775,9001,62,51,NA,NA,NA,NA,NA,NA,0.591,0.855,0.591,69,100,100,NA,4372,14, 40,42.941, 65,28,1,20,1,17,1,14,1,72,1,79,1,1,1,1,1,15,12,10,10,NA,NA,NA,NA,NA,NA,NA,NA,NA,NA,NA,NA,NA,NA,NA,NA,NA,NA,NA,NA,NA,NA,NA,NA,NA,NA,NA,NA,NA,NA,NA,NA,NA,NA,NA,NA,NA,NA,NA,NA,NA,NA,NA,NA,NA,NA,NA,NA
ImmortalsOfAveum-Win64-Shipping.exe,NVIDIA GeForce RTX 4060 Ti,12th Gen Intel(R) Core(TM) i7-12700,3840x2160,D3D12,0,20336,0x0000000063F0AD60,0,0,Hardware Composed: Independent Flip,0,4556.838447,17.500,18.512,0.156,0.357,3.140,0.020,NA,2775,9001,62,51,NA,NA,NA,NA,NA,NA,0.570,0.825,0.570,69,100,100,NA,4372,14, 41,42.876, 65,28,1,20,1,17,1,14,1,72,1,79,1,1,1,1,1,15,12,10,10,NA,NA,NA,NA,NA,NA,NA,NA,NA,NA,NA,NA,NA,NA,NA,NA,NA,NA,NA,NA,NA,NA,NA,NA,NA,NA,NA,NA,NA,NA,NA,NA,NA,NA,NA,NA,NA,NA,NA,NA,NA,NA,NA,NA,NA,NA,NA,NA
ImmortalsOfAveum-Win64-Shipping.exe,NVIDIA GeForce RTX 4060 Ti,12th Gen Intel(R) Core(TM) i7-12700,3840x2160,D3D12,0,20336,0x0000000063F0AD60,0,0,Hardware Composed: Independent Flip,0,4556.855303,16.856,15.946,0.205,2.173,2.230,0.129,NA,2775,9001,62,51,NA,NA,NA,NA,NA,NA,0.592,0.856,0.592,69,100,100,NA,4372,14, 41,42.876, 65,28,1,20,1,17,1,14,1,72,1,79,1,1,1,1,1,15,12,10,10,NA,NA,NA,NA,NA,NA,NA,NA,NA,NA,NA,NA,NA,NA,NA,NA,NA,NA,NA,NA,NA,NA,NA,NA,NA,NA,NA,NA,NA,NA,NA,NA,NA,NA,NA,NA,NA,NA,NA,NA,NA,NA,NA,NA,NA,NA,NA,NA
ImmortalsOfAveum-Win64-Shipping.exe,NVIDIA GeForce RTX 4060 Ti,12th Gen Intel(R) Core(TM) i7-12700,3840x2160,D3D12,0,20336,0x0000000063F0AD60,0,0,Hardware Composed: Independent Flip,0,4556.871946,16.643,16.706,0.150,0.355,2.293,0.021,NA,2775,9001,62,51,NA,NA,NA,NA,NA,NA,0.600,0.867,0.600,69,100,100,NA,4372,14, 41,42.876, 65,28,1,20,1,17,1,14,1,72,1,79,1,1,1,1,1,15,12,10,10,NA,NA,NA,NA,NA,NA,NA,NA,NA,NA,NA,NA,NA,NA,NA,NA,NA,NA,NA,NA,NA,NA,NA,NA,NA,NA,NA,NA,NA,NA,NA,NA,NA,NA,NA,NA,NA,NA,NA,NA,NA,NA,NA,NA,NA,NA,NA,NA
ImmortalsOfAveum-Win64-Shipping.exe,NVIDIA GeForce RTX 4060 Ti,12th Gen Intel(R) Core(TM) i7-12700,3840x2160,D3D12,0,20336,0x0000000063F0AD60,0,0,Hardware Composed: Independent Flip,0,4556.889181,17.235,16.855,0.254,1.853,1.913,0.108,NA,2775,9001,62,51,NA,NA,NA,NA,NA,NA,0.579,0.837,0.579,69,100,100,NA,4372,14, 41,42.876, 65,28,1,20,1,17,1,14,1,72,1,79,1,1,1,1,1,15,12,10,10,NA,NA,NA,NA,NA,NA,NA,NA,NA,NA,NA,NA,NA,NA,NA,NA,NA,NA,NA,NA,NA,NA,NA,NA,NA,NA,NA,NA,NA,NA,NA,NA,NA,NA,NA,NA,NA,NA,NA,NA,NA,NA,NA,NA,NA,NA,NA,NA
ImmortalsOfAveum-Win64-Shipping.exe,NVIDIA GeForce RTX 4060 Ti,12th Gen Intel(R) Core(TM) i7-12700,3840x2160,D3D12,0,20336,0x0000000063F0AD60,0,0,Hardware Composed: Independent Flip,0,4556.905577,16.396,16.378,0.176,0.345,1.896,0.021,NA,2775,9001,62,51,NA,NA,NA,NA,NA,NA,0.609,0.880,0.609,69,100,100,NA,4372,14, 41,42.876, 65,28,1,20,1,17,1,14,1,72,1,79,1,1,1,1,1,15,12,10,10,NA,NA,NA,NA,NA,NA,NA,NA,NA,NA,NA,NA,NA,NA,NA,NA,NA,NA,NA,NA,NA,NA,NA,NA,NA,NA,NA,NA,NA,NA,NA,NA,NA,NA,NA,NA,NA,NA,NA,NA,NA,NA,NA,NA,NA,NA,NA,NA
ImmortalsOfAveum-Win64-Shipping.exe,NVIDIA GeForce RTX 4060 Ti,12th Gen Intel(R) Core(TM) i7-12700,3840x2160,D3D12,0,20336,0x0000000063F0AD60,0,0,Hardware Composed: Independent Flip,0,4556.922461,16.884,17.491,0.209,2.445,2.502,0.145,NA,2775,9001,62,51,NA,NA,NA,NA,NA,NA,0.591,0.855,0.591,69,100,100,NA,4372,14, 41,42.876, 65,28,1,20,1,17,1,14,1,72,1,79,1,1,1,1,1,15,12,10,10,NA,NA,NA,NA,NA,NA,NA,NA,NA,NA,NA,NA,NA,NA,NA,NA,NA,NA,NA,NA,NA,NA,NA,NA,NA,NA,NA,NA,NA,NA,NA,NA,NA,NA,NA,NA,NA,NA,NA,NA,NA,NA,NA,NA,NA,NA,NA,NA
ImmortalsOfAveum-Win64-Shipping.exe,NVIDIA GeForce RTX 4060 Ti,12th Gen Intel(R) Core(TM) i7-12700,3840x2160,D3D12,0,20336,0x0000000063F0AD60,0,0,Hardware Composed: Independent Flip,0,4556.937748,15.287,15.129,0.144,0.547,2.345,0.036,NA,2775,9001,62,51,NA,NA,NA,NA,NA,NA,0.653,0.944,0.653,69,100,100,NA,4372,14, 41,42.876, 65,28,1,20,1,17,1,14,1,72,1,79,1,1,1,1,1,15,12,10,10,NA,NA,NA,NA,NA,NA,NA,NA,NA,NA,NA,NA,NA,NA,NA,NA,NA,NA,NA,NA,NA,NA,NA,NA,NA,NA,NA,NA,NA,NA,NA,NA,NA,NA,NA,NA,NA,NA,NA,NA,NA,NA,NA,NA,NA,NA,NA,NA
ImmortalsOfAveum-Win64-Shipping.exe,NVIDIA GeForce RTX 4060 Ti,12th Gen Intel(R) Core(TM) i7-12700,3840x2160,D3D12,0,20336,0x0000000063F0AD60,0,0,Hardware Composed: Independent Flip,0,4556.954355,16.607,16.377,0.247,2.056,2.115,0.124,NA,2775,9001,62,51,NA,NA,NA,NA,NA,NA,0.601,0.869,0.601,69,100,100,NA,4372,14, 41,42.876, 65,28,1,20,1,17,1,14,1,72,1,79,1,1,1,1,1,15,12,10,10,NA,NA,NA,NA,NA,NA,NA,NA,NA,NA,NA,NA,NA,NA,NA,NA,NA,NA,NA,NA,NA,NA,NA,NA,NA,NA,NA,NA,NA,NA,NA,NA,NA,NA,NA,NA,NA,NA,NA,NA,NA,NA,NA,NA,NA,NA,NA,NA
ImmortalsOfAveum-Win64-Shipping.exe,NVIDIA GeForce RTX 4060 Ti,12th Gen Intel(R) Core(TM) i7-12700,3840x2160,D3D12,0,20336,0x0000000063F0AD60,0,0,Hardware Composed: Independent Flip,0,4556.971805,17.450,18.668,0.169,0.354,3.333,0.020,NA,2775,9001,62,51,NA,NA,NA,NA,NA,NA,0.572,0.827,0.572,69,100,100,NA,4372,14, 41,42.876, 65,28,1,20,1,17,1,14,1,72,1,79,1,1,1,1,1,15,12,10,10,NA,NA,NA,NA,NA,NA,NA,NA,NA,NA,NA,NA,NA,NA,NA,NA,NA,NA,NA,NA,NA,NA,NA,NA,NA,NA,NA,NA,NA,NA,NA,NA,NA,NA,NA,NA,NA,NA,NA,NA,NA,NA,NA,NA,NA,NA,NA,NA
ImmortalsOfAveum-Win64-Shipping.exe,NVIDIA GeForce RTX 4060 Ti,12th Gen Intel(R) Core(TM) i7-12700,3840x2160,D3D12,0,20336,0x0000000063F0AD60,0,0,Hardware Composed: Independent Flip,0,4556.988607,16.802,15.308,0.198,1.775,1.840,0.106,NA,2775,9001,62,51,NA,NA,NA,NA,NA,NA,0.594,0.859,0.594,69,100,100,NA,4372,14, 41,42.876, 65,28,1,20,1,17,1,14,1,72,1,79,1,1,1,1,1,15,12,10,10,NA,NA,NA,NA,NA,NA,NA,NA,NA,NA,NA,NA,NA,NA,NA,NA,NA,NA,NA,NA,NA,NA,NA,NA,NA,NA,NA,NA,NA,NA,NA,NA,NA,NA,NA,NA,NA,NA,NA,NA,NA,NA,NA,NA,NA,NA,NA,NA
ImmortalsOfAveum-Win64-Shipping.exe,NVIDIA GeForce RTX 4060 Ti,12th Gen Intel(R) Core(TM) i7-12700,3840x2160,D3D12,0,20336,0x0000000063F0AD60,0,0,Hardware Composed: Independent Flip,0,4557.004131,15.525,16.060,0.142,0.524,2.375,0.034,NA,2775,9001,62,51,NA,NA,NA,NA,NA,NA,0.643,0.930,0.643,69,100,100,NA,4372,14, 41,42.876, 65,28,1,20,1,17,1,14,1,72,1,79,1,1,1,1,1,15,12,10,10,NA,NA,NA,NA,NA,NA,NA,NA,NA,NA,NA,NA,NA,NA,NA,NA,NA,NA,NA,NA,NA,NA,NA,NA,NA,NA,NA,NA,NA,NA,NA,NA,NA,NA,NA,NA,NA,NA,NA,NA,NA,NA,NA,NA,NA,NA,NA,NA
ImmortalsOfAveum-Win64-Shipping.exe,NVIDIA GeForce RTX 4060 Ti,12th Gen Intel(R) Core(TM) i7-12700,3840x2160,D3D12,0,20336,0x0000000063F0AD60,0,0,Hardware Composed: Independent Flip,0,4557.020965,16.833,16.855,0.230,2.339,2.397,0.139,NA,2775,9001,62,51,NA,NA,NA,NA,NA,NA,0.593,0.857,0.593,69,100,100,NA,4372,14, 41,42.876, 65,28,1,20,1,17,1,14,1,72,1,79,1,1,1,1,1,15,12,10,10,NA,NA,NA,NA,NA,NA,NA,NA,NA,NA,NA,NA,NA,NA,NA,NA,NA,NA,NA,NA,NA,NA,NA,NA,NA,NA,NA,NA,NA,NA,NA,NA,NA,NA,NA,NA,NA,NA,NA,NA,NA,NA,NA,NA,NA,NA,NA,NA
ImmortalsOfAveum-Win64-Shipping.exe,NVIDIA GeForce RTX 4060 Ti,12th Gen Intel(R) Core(TM) i7-12700,3840x2160,D3D12,0,20336,0x0000000063F0AD60,0,0,Hardware Composed: Independent Flip,0,4557.038685,17.720,17.125,0.179,0.344,1.802,0.019,NA,2775,9001,62,51,NA,NA,NA,NA,NA,NA,0.563,0.815,0.563,69,100,100,NA,4372,14, 39,42.559, 65,28,1,20,1,17,1,14,1,72,1,79,1,1,1,1,1,15,12,10,10,NA,NA,NA,NA,NA,NA,NA,NA,NA,NA,NA,NA,NA,NA,NA,NA,NA,NA,NA,NA,NA,NA,NA,NA,NA,NA,NA,NA,NA,NA,NA,NA,NA,NA,NA,NA,NA,NA,NA,NA,NA,NA,NA,NA,NA,NA,NA,NA
ImmortalsOfAveum-Win64-Shipping.exe,NVIDIA GeForce RTX 4060 Ti,12th Gen Intel(R) Core(TM) i7-12700,3840x2160,D3D12,0,20336,0x0000000063F0AD60,0,0,Hardware Composed: Independent Flip,0,4557.055627,16.942,17.761,0.209,2.561,2.621,0.151,NA,2775,9001,62,51,NA,NA,NA,NA,NA,NA,0.589,0.852,0.589,69,100,100,NA,4372,14, 39,42.559, 65,28,1,20,1,17,1,14,1,72,1,79,1,1,1,1,1,15,12,10,10,NA,NA,NA,NA,NA,NA,NA,NA,NA,NA,NA,NA,NA,NA,NA,NA,NA,NA,NA,NA,NA,NA,NA,NA,NA,NA,NA,NA,NA,NA,NA,NA,NA,NA,NA,NA,NA,NA,NA,NA,NA,NA,NA,NA,NA,NA,NA,NA
ImmortalsOfAveum-Win64-Shipping.exe,NVIDIA GeForce RTX 4060 Ti,12th Gen Intel(R) Core(TM) i7-12700,3840x2160,D3D12,0,20336,0x0000000063F0AD60,0,0,Hardware Composed: Independent Flip,0,4557.071034,15.407,14.636,0.151,0.530,1.850,0.034,NA,2775,9001,62,51,NA,NA,NA,NA,NA,NA,0.648,0.937,0.648,69,100,100,NA,4372,14, 39,42.559, 65,28,1,20,1,17,1,14,1,72,1,79,1,1,1,1,1,15,12,10,10,NA,NA,NA,NA,NA,NA,NA,NA,NA,NA,NA,NA,NA,NA,NA,NA,NA,NA,NA,NA,NA,NA,NA,NA,NA,NA,NA,NA,NA,NA,NA,NA,NA,NA,NA,NA,NA,NA,NA,NA,NA,NA,NA,NA,NA,NA,NA,NA
ImmortalsOfAveum-Win64-Shipping.exe,NVIDIA GeForce RTX 4060 Ti,12th Gen Intel(R) Core(TM) i7-12700,3840x2160,D3D12,0,20336,0x0000000063F0AD60,0,0,Hardware Composed: Independent Flip,0,4557.088033,16.999,17.877,0.254,2.152,2.728,0.127,NA,2775,9001,62,51,NA,NA,NA,NA,NA,NA,0.587,0.849,0.587,69,100,100,NA,4372,14, 39,42.559, 65,28,1,20,1,17,1,14,1,72,1,79,1,1,1,1,1,15,12,10,10,NA,NA,NA,NA,NA,NA,NA,NA,NA,NA,NA,NA,NA,NA,NA,NA,NA,NA,NA,NA,NA,NA,NA,NA,NA,NA,NA,NA,NA,NA,NA,NA,NA,NA,NA,NA,NA,NA,NA,NA,NA,NA,NA,NA,NA,NA,NA,NA
ImmortalsOfAveum-Win64-Shipping.exe,NVIDIA GeForce RTX 4060 Ti,12th Gen Intel(R) Core(TM) i7-12700,3840x2160,D3D12,0,20336,0x0000000063F0AD60,0,0,Hardware Composed: Independent Flip,0,4557.105626,17.593,18.091,0.150,0.346,3.225,0.020,NA,2775,9001,62,51,NA,NA,NA,NA,NA,NA,0.567,0.820,0.567,69,100,100,NA,4372,14, 39,42.559, 65,28,1,20,1,17,1,14,1,72,1,79,1,1,1,1,1,15,12,10,10,NA,NA,NA,NA,NA,NA,NA,NA,NA,NA,NA,NA,NA,NA,NA,NA,NA,NA,NA,NA,NA,NA,NA,NA,NA,NA,NA,NA,NA,NA,NA,NA,NA,NA,NA,NA,NA,NA,NA,NA,NA,NA,NA,NA,NA,NA,NA,NA
ImmortalsOfAveum-Win64-Shipping.exe,NVIDIA GeForce RTX 4060 Ti,12th Gen Intel(R) Core(TM) i7-12700,3840x2160,D3D12,0,20336,0x0000000063F0AD60,0,0,Hardware Composed: Independent Flip,0,4557.122614,16.987,15.554,0.201,1.732,1.791,0.102,NA,2775,9001,62,51,NA,NA,NA,NA,NA,NA,0.588,0.850,0.588,69,100,100,NA,4372,14, 39,42.559, 65,28,1,20,1,17,1,14,1,72,1,79,1,1,1,1,1,15,12,10,10,NA,NA,NA,NA,NA,NA,NA,NA,NA,NA,NA,NA,NA,NA,NA,NA,NA,NA,NA,NA,NA,NA,NA,NA,NA,NA,NA,NA,NA,NA,NA,NA,NA,NA,NA,NA,NA,NA,NA,NA,NA,NA,NA,NA,NA,NA,NA,NA
ImmortalsOfAveum-Win64-Shipping.exe,NVIDIA GeForce RTX 4060 Ti,12th Gen Intel(R) Core(TM) i7-12700,3840x2160,D3D12,0,20336,0x0000000063F0AD60,0,0,Hardware Composed: Independent Flip,0,4557.138223,15.610,17.090,0.175,0.509,3.272,0.033,NA,2775,9001,62,51,NA,NA,NA,NA,NA,NA,0.639,0.925,0.639,69,100,100,NA,4372,14, 39,42.559, 65,28,1,20,1,17,1,14,1,72,1,79,1,1,1,1,1,15,12,10,10,NA,NA,NA,NA,NA,NA,NA,NA,NA,NA,NA,NA,NA,NA,NA,NA,NA,NA,NA,NA,NA,NA,NA,NA,NA,NA,NA,NA,NA,NA,NA,NA,NA,NA,NA,NA,NA,NA,NA,NA,NA,NA,NA,NA,NA,NA,NA,NA
ImmortalsOfAveum-Win64-Shipping.exe,NVIDIA GeForce RTX 4060 Ti,12th Gen Intel(R) Core(TM) i7-12700,3840x2160,D3D12,0,20336,0x0000000063F0AD60,0,0,Hardware Composed: Independent Flip,0,4557.155231,17.008,15.845,0.228,2.051,2.109,0.121,NA,2775,9001,62,51,NA,NA,NA,NA,NA,NA,0.587,0.849,0.587,69,100,100,NA,4372,14, 39,42.559, 65,28,1,20,1,17,1,14,1,72,1,79,1,1,1,1,1,15,12,10,10,NA,NA,NA,NA,NA,NA,NA,NA,NA,NA,NA,NA,NA,NA,NA,NA,NA,NA,NA,NA,NA,NA,NA,NA,NA,NA,NA,NA,NA,NA,NA,NA,NA,NA,NA,NA,NA,NA,NA,NA,NA,NA,NA,NA,NA,NA,NA,NA
ImmortalsOfAveum-Win64-Shipping.exe,NVIDIA GeForce RTX 4060 Ti,12th Gen Intel(R) Core(TM) i7-12700,3840x2160,D3D12,0,20336,0x0000000063F0AD60,0,0,Hardware Composed: Independent Flip,0,4557.171083,15.852,16.293,0.141,0.563,2.549,0.036,NA,2775,9001,62,51,NA,NA,NA,NA,NA,NA,0.625,0.903,0.625,69,100,100,NA,4365,13, 39,42.559, 65,28,0,17,0,14,0,10,0,70,0,79,0,0,0,0,0,14,10,8,8,NA,NA,NA,NA,NA,NA,NA,NA,NA,NA,NA,NA,NA,NA,NA,NA,NA,NA,NA,NA,NA,NA,NA,NA,NA,NA,NA,NA,NA,NA,NA,NA,NA,NA,NA,NA,NA,NA,NA,NA,NA,NA,NA,NA,NA,NA,NA,NA
ImmortalsOfAveum-Win64-Shipping.exe,NVIDIA GeForce RTX 4060 Ti,12th Gen Intel(R) Core(TM) i7-12700,3840x2160,D3D12,0,20336,0x0000000063F0AD60,0,0,Hardware Composed: Independent Flip,0,4557.187705,16.622,16.584,0.216,2.444,2.511,0.147,NA,2775,9001,62,51,NA,NA,NA,NA,NA,NA,0.596,0.861,0.596,69,100,100,NA,4365,13, 39,42.559, 65,28,0,17,0,14,0,10,0,70,0,79,0,0,0,0,0,14,10,8,8,NA,NA,NA,NA,NA,NA,NA,NA,NA,NA,NA,NA,NA,NA,NA,NA,NA,NA,NA,NA,NA,NA,NA,NA,NA,NA,NA,NA,NA,NA,NA,NA,NA,NA,NA,NA,NA,NA,NA,NA,NA,NA,NA,NA,NA,NA,NA,NA
ImmortalsOfAveum-Win64-Shipping.exe,NVIDIA GeForce RTX 4060 Ti,12th Gen Intel(R) Core(TM) i7-12700,3840x2160,D3D12,0,20336,0x0000000063F0AD60,0,0,Hardware Composed: Independent Flip,0,4557.206660,18.955,18.543,0.185,0.343,2.100,0.018,NA,2775,9001,62,51,NA,NA,NA,NA,NA,NA,0.523,0.755,0.523,69,100,100,NA,4365,13, 39,42.559, 65,28,0,17,0,14,0,10,0,70,0,79,0,0,0,0,0,14,10,8,8,NA,NA,NA,NA,NA,NA,NA,NA,NA,NA,NA,NA,NA,NA,NA,NA,NA,NA,NA,NA,NA,NA,NA,NA,NA,NA,NA,NA,NA,NA,NA,NA,NA,NA,NA,NA,NA,NA,NA,NA,NA,NA,NA,NA,NA,NA,NA,NA
ImmortalsOfAveum-Win64-Shipping.exe,NVIDIA GeForce RTX 4060 Ti,12th Gen Intel(R) Core(TM) i7-12700,3840x2160,D3D12,0,20336,0x0000000063F0AD60,0,0,Hardware Composed: Independent Flip,0,4557.224063,17.404,17.340,0.186,1.978,2.037,0.114,NA,2775,9001,62,51,NA,NA,NA,NA,NA,NA,0.569,0.822,0.569,69,100,100,NA,4365,13, 39,42.559, 65,28,0,17,0,14,0,10,0,70,0,79,0,0,0,0,0,14,10,8,8,NA,NA,NA,NA,NA,NA,NA,NA,NA,NA,NA,NA,NA,NA,NA,NA,NA,NA,NA,NA,NA,NA,NA,NA,NA,NA,NA,NA,NA,NA,NA,NA,NA,NA,NA,NA,NA,NA,NA,NA,NA,NA,NA,NA,NA,NA,NA,NA
ImmortalsOfAveum-Win64-Shipping.exe,NVIDIA GeForce RTX 4060 Ti,12th Gen Intel(R) Core(TM) i7-12700,3840x2160,D3D12,0,20336,0x0000000063F0AD60,0,0,Hardware Composed: Independent Flip,0,4557.237812,13.748,13.028,0.215,0.549,1.316,0.040,NA,2775,9001,62,51,NA,NA,NA,NA,NA,NA,0.721,1.041,0.721,69,100,100,NA,4365,13, 41,43.912, 65,28,0,17,0,14,0,10,0,70,0,79,0,0,0,0,0,14,10,8,8,NA,NA,NA,NA,NA,NA,NA,NA,NA,NA,NA,NA,NA,NA,NA,NA,NA,NA,NA,NA,NA,NA,NA,NA,NA,NA,NA,NA,NA,NA,NA,NA,NA,NA,NA,NA,NA,NA,NA,NA,NA,NA,NA,NA,NA,NA,NA,NA
ImmortalsOfAveum-Win64-Shipping.exe,NVIDIA GeForce RTX 4060 Ti,12th Gen Intel(R) Core(TM) i7-12700,3840x2160,D3D12,0,20336,0x0000000063F0AD60,0,0,Hardware Composed: Independent Flip,0,4557.254746,16.935,18.011,0.226,2.374,2.393,0.140,NA,2775,9001,62,51,NA,NA,NA,NA,NA,NA,0.585,0.845,0.585,69,100,100,NA,4365,13, 41,43.912, 65,28,0,17,0,14,0,10,0,70,0,79,0,0,0,0,0,14,10,8,8,NA,NA,NA,NA,NA,NA,NA,NA,NA,NA,NA,NA,NA,NA,NA,NA,NA,NA,NA,NA,NA,NA,NA,NA,NA,NA,NA,NA,NA,NA,NA,NA,NA,NA,NA,NA,NA,NA,NA,NA,NA,NA,NA,NA,NA,NA,NA,NA
ImmortalsOfAveum-Win64-Shipping.exe,NVIDIA GeForce RTX 4060 Ti,12th Gen Intel(R) Core(TM) i7-12700,3840x2160,D3D12,0,20336,0x0000000063F0AD60,0,0,Hardware Composed: Independent Flip,0,4557.271024,16.278,17.342,0.155,0.542,3.457,0.033,NA,2775,9001,62,51,NA,NA,NA,NA,NA,NA,0.609,0.879,0.609,69,100,100,NA,4365,13, 41,43.912, 65,28,0,17,0,14,0,10,0,70,0,79,0,0,0,0,0,14,10,8,8,NA,NA,NA,NA,NA,NA,NA,NA,NA,NA,NA,NA,NA,NA,NA,NA,NA,NA,NA,NA,NA,NA,NA,NA,NA,NA,NA,NA,NA,NA,NA,NA,NA,NA,NA,NA,NA,NA,NA,NA,NA,NA,NA,NA,NA,NA,NA,NA
ImmortalsOfAveum-Win64-Shipping.exe,NVIDIA GeForce RTX 4060 Ti,12th Gen Intel(R) Core(TM) i7-12700,3840x2160,D3D12,0,20336,0x0000000063F0AD60,0,0,Hardware Composed: Independent Flip,0,4557.287381,16.357,14.602,0.220,1.644,1.702,0.101,NA,2775,9001,62,51,NA,NA,NA,NA,NA,NA,0.606,0.875,0.606,69,100,100,NA,4365,13, 41,43.912, 65,28,0,17,0,14,0,10,0,70,0,79,0,0,0,0,0,14,10,8,8,NA,NA,NA,NA,NA,NA,NA,NA,NA,NA,NA,NA,NA,NA,NA,NA,NA,NA,NA,NA,NA,NA,NA,NA,NA,NA,NA,NA,NA,NA,NA,NA,NA,NA,NA,NA,NA,NA,NA,NA,NA,NA,NA,NA,NA,NA,NA,NA
ImmortalsOfAveum-Win64-Shipping.exe,NVIDIA GeForce RTX 4060 Ti,12th Gen Intel(R) Core(TM) i7-12700,3840x2160,D3D12,0,20336,0x0000000063F0AD60,0,0,Hardware Composed: Independent Flip,0,4557.305457,18.076,19.610,0.156,0.348,3.236,0.019,NA,2775,9001,62,51,NA,NA,NA,NA,NA,NA,0.548,0.792,0.548,69,100,100,NA,4365,13, 41,43.912, 65,28,0,17,0,14,0,10,0,70,0,79,0,0,0,0,0,14,10,8,8,NA,NA,NA,NA,NA,NA,NA,NA,NA,NA,NA,NA,NA,NA,NA,NA,NA,NA,NA,NA,NA,NA,NA,NA,NA,NA,NA,NA,NA,NA,NA,NA,NA,NA,NA,NA,NA,NA,NA,NA,NA,NA,NA,NA,NA,NA,NA,NA
ImmortalsOfAveum-Win64-Shipping.exe,NVIDIA GeForce RTX 4060 Ti,12th Gen Intel(R) Core(TM) i7-12700,3840x2160,D3D12,0,20336,0x0000000063F0AD60,0,0,Hardware Composed: Independent Flip,0,4557.322732,17.275,15.667,0.242,1.614,1.628,0.093,NA,2775,9001,62,51,NA,NA,NA,NA,NA,NA,0.574,0.828,0.574,69,100,100,NA,4365,13, 41,43.912, 65,28,0,17,0,14,0,10,0,70,0,79,0,0,0,0,0,14,10,8,8,NA,NA,NA,NA,NA,NA,NA,NA,NA,NA,NA,NA,NA,NA,NA,NA,NA,NA,NA,NA,NA,NA,NA,NA,NA,NA,NA,NA,NA,NA,NA,NA,NA,NA,NA,NA,NA,NA,NA,NA,NA,NA,NA,NA,NA,NA,NA,NA
ImmortalsOfAveum-Win64-Shipping.exe,NVIDIA GeForce RTX 4060 Ti,12th Gen Intel(R) Core(TM) i7-12700,3840x2160,D3D12,0,20336,0x0000000063F0AD60,0,0,Hardware Composed: Independent Flip,0,4557.338134,15.402,15.035,0.157,0.542,1.261,0.035,NA,2775,9001,62,51,NA,NA,NA,NA,NA,NA,0.643,0.929,0.643,69,100,100,NA,4365,13, 41,43.912, 65,28,0,17,0,14,0,10,0,70,0,79,0,0,0,0,0,14,10,8,8,NA,NA,NA,NA,NA,NA,NA,NA,NA,NA,NA,NA,NA,NA,NA,NA,NA,NA,NA,NA,NA,NA,NA,NA,NA,NA,NA,NA,NA,NA,NA,NA,NA,NA,NA,NA,NA,NA,NA,NA,NA,NA,NA,NA,NA,NA,NA,NA
ImmortalsOfAveum-Win64-Shipping.exe,NVIDIA GeForce RTX 4060 Ti,12th Gen Intel(R) Core(TM) i7-12700,3840x2160,D3D12,0,20336,0x0000000063F0AD60,0,0,Hardware Composed: Independent Flip,0,4557.355204,17.070,18.114,0.298,2.243,2.306,0.131,NA,2775,9001,62,51,NA,NA,NA,NA,NA,NA,0.580,0.838,0.580,69,100,100,NA,4365,13, 41,43.912, 65,28,0,17,0,14,0,10,0,70,0,79,0,0,0,0,0,14,10,8,8,NA,NA,NA,NA,NA,NA,NA,NA,NA,NA,NA,NA,NA,NA,NA,NA,NA,NA,NA,NA,NA,NA,NA,NA,NA,NA,NA,NA,NA,NA,NA,NA,NA,NA,NA,NA,NA,NA,NA,NA,NA,NA,NA,NA,NA,NA,NA,NA
ImmortalsOfAveum-Win64-Shipping.exe,NVIDIA GeForce RTX 4060 Ti,12th Gen Intel(R) Core(TM) i7-12700,3840x2160,D3D12,0,20336,0x0000000063F0AD60,0,0,Hardware Composed: Independent Flip,0,4557.371179,15.976,15.212,0.172,0.523,1.542,0.033,NA,2775,9001,62,51,NA,NA,NA,NA,NA,NA,0.620,0.896,0.620,69,100,100,NA,4365,13, 41,43.912, 65,28,0,17,0,14,0,10,0,70,0,79,0,0,0,0,0,14,10,8,8,NA,NA,NA,NA,NA,NA,NA,NA,NA,NA,NA,NA,NA,NA,NA,NA,NA,NA,NA,NA,NA,NA,NA,NA,NA,NA,NA,NA,NA,NA,NA,NA,NA,NA,NA,NA,NA,NA,NA,NA,NA,NA,NA,NA,NA,NA,NA,NA
ImmortalsOfAveum-Win64-Shipping.exe,NVIDIA GeForce RTX 4060 Ti,12th Gen Intel(R) Core(TM) i7-12700,3840x2160,D3D12,0,20336,0x0000000063F0AD60,0,0,Hardware Composed: Independent Flip,0,4557.387843,16.664,17.337,0.238,2.152,2.215,0.129,NA,2775,9001,62,51,NA,NA,NA,NA,NA,NA,0.595,0.859,0.595,69,100,100,NA,4365,13, 41,43.912, 65,28,0,17,0,14,0,10,0,70,0,79,0,0,0,0,0,14,10,8,8,NA,NA,NA,NA,NA,NA,NA,NA,NA,NA,NA,NA,NA,NA,NA,NA,NA,NA,NA,NA,NA,NA,NA,NA,NA,NA,NA,NA,NA,NA,NA,NA,NA,NA,NA,NA,NA,NA,NA,NA,NA,NA,NA,NA,NA,NA,NA,NA
ImmortalsOfAveum-Win64-Shipping.exe,NVIDIA GeForce RTX 4060 Ti,12th Gen Intel(R) Core(TM) i7-12700,3840x2160,D3D12,0,20336,0x0000000063F0AD60,0,0,Hardware Composed: Independent Flip,0,4557.405424,17.581,18.177,0.177,0.347,2.810,0.020,NA,2775,9001,62,51,NA,NA,NA,NA,NA,NA,0.564,0.814,0.564,69,100,100,NA,4365,13, 41,43.912, 65,28,0,17,0,14,0,10,0,70,0,79,0,0,0,0,0,14,10,8,8,NA,NA,NA,NA,NA,NA,NA,NA,NA,NA,NA,NA,NA,NA,NA,NA,NA,NA,NA,NA,NA,NA,NA,NA,NA,NA,NA,NA,NA,NA,NA,NA,NA,NA,NA,NA,NA,NA,NA,NA,NA,NA,NA,NA,NA,NA,NA,NA
ImmortalsOfAveum-Win64-Shipping.exe,NVIDIA GeForce RTX 4060 Ti,12th Gen Intel(R) Core(TM) i7-12700,3840x2160,D3D12,0,20336,0x0000000063F0AD60,0,0,Hardware Composed: Independent Flip,0,4557.422597,17.173,16.707,0.187,2.287,2.344,0.133,NA,2775,9001,62,51,NA,NA,NA,NA,NA,NA,0.577,0.833,0.577,69,100,100,NA,4365,13, 41,43.912, 65,28,0,17,0,14,0,10,0,70,0,79,0,0,0,0,0,14,10,8,8,NA,NA,NA,NA,NA,NA,NA,NA,NA,NA,NA,NA,NA,NA,NA,NA,NA,NA,NA,NA,NA,NA,NA,NA,NA,NA,NA,NA,NA,NA,NA,NA,NA,NA,NA,NA,NA,NA,NA,NA,NA,NA,NA,NA,NA,NA,NA,NA
ImmortalsOfAveum-Win64-Shipping.exe,NVIDIA GeForce RTX 4060 Ti,12th Gen Intel(R) Core(TM) i7-12700,3840x2160,D3D12,0,20336,0x0000000063F0AD60,0,0,Hardware Composed: Independent Flip,0,4557.437842,15.245,15.467,0.152,0.531,2.567,0.035,NA,2775,9001,62,51,NA,NA,NA,NA,NA,NA,0.650,0.938,0.650,69,100,100,NA,4365,13, 41,43.324, 65,28,0,17,0,14,0,10,0,70,0,79,0,0,0,0,0,14,10,8,8,NA,NA,NA,NA,NA,NA,NA,NA,NA,NA,NA,NA,NA,NA,NA,NA,NA,NA,NA,NA,NA,NA,NA,NA,NA,NA,NA,NA,NA,NA,NA,NA,NA,NA,NA,NA,NA,NA,NA,NA,NA,NA,NA,NA,NA,NA,NA,NA
ImmortalsOfAveum-Win64-Shipping.exe,NVIDIA GeForce RTX 4060 Ti,12th Gen Intel(R) Core(TM) i7-12700,3840x2160,D3D12,0,20336,0x0000000063F0AD60,0,0,Hardware Composed: Independent Flip,0,4557.454762,16.921,16.787,0.241,2.373,2.433,0.140,NA,2775,9001,62,51,NA,NA,NA,NA,NA,NA,0.586,0.846,0.586,69,100,100,NA,4365,13, 41,43.324, 65,28,0,17,0,14,0,10,0,70,0,79,0,0,0,0,0,14,10,8,8,NA,NA,NA,NA,NA,NA,NA,NA,NA,NA,NA,NA,NA,NA,NA,NA,NA,NA,NA,NA,NA,NA,NA,NA,NA,NA,NA,NA,NA,NA,NA,NA,NA,NA,NA,NA,NA,NA,NA,NA,NA,NA,NA,NA,NA,NA,NA,NA
ImmortalsOfAveum-Win64-Shipping.exe,NVIDIA GeForce RTX 4060 Ti,12th Gen Intel(R) Core(TM) i7-12700,3840x2160,D3D12,0,20336,0x0000000063F0AD60,0,0,Hardware Composed: Independent Flip,0,4557.472606,17.843,18.419,0.162,0.359,3.008,0.020,NA,2775,9001,62,51,NA,NA,NA,NA,NA,NA,0.555,0.802,0.555,69,100,100,NA,4365,13, 41,43.324, 65,28,0,17,0,14,0,10,0,70,0,79,0,0,0,0,0,14,10,8,8,NA,NA,NA,NA,NA,NA,NA,NA,NA,NA,NA,NA,NA,NA,NA,NA,NA,NA,NA,NA,NA,NA,NA,NA,NA,NA,NA,NA,NA,NA,NA,NA,NA,NA,NA,NA,NA,NA,NA,NA,NA,NA,NA,NA,NA,NA,NA,NA
ImmortalsOfAveum-Win64-Shipping.exe,NVIDIA GeForce RTX 4060 Ti,12th Gen Intel(R) Core(TM) i7-12700,3840x2160,D3D12,0,20336,0x0000000063F0AD60,0,0,Hardware Composed: Independent Flip,0,4557.489660,17.054,16.124,0.215,2.018,2.078,0.118,NA,2775,9001,62,51,NA,NA,NA,NA,NA,NA,0.581,0.839,0.581,69,100,100,NA,4365,13, 41,43.324, 65,28,0,17,0,14,0,10,0,70,0,79,0,0,0,0,0,14,10,8,8,NA,NA,NA,NA,NA,NA,NA,NA,NA,NA,NA,NA,NA,NA,NA,NA,NA,NA,NA,NA,NA,NA,NA,NA,NA,NA,NA,NA,NA,NA,NA,NA,NA,NA,NA,NA,NA,NA,NA,NA,NA,NA,NA,NA,NA,NA,NA,NA
ImmortalsOfAveum-Win64-Shipping.exe,NVIDIA GeForce RTX 4060 Ti,12th Gen Intel(R) Core(TM) i7-12700,3840x2160,D3D12,0,20336,0x0000000063F0AD60,0,0,Hardware Composed: Independent Flip,0,4557.504429,14.769,15.064,0.142,0.548,2.374,0.037,NA,2775,9001,62,51,NA,NA,NA,NA,NA,NA,0.671,0.969,0.671,69,100,100,NA,4365,13, 41,43.324, 65,28,0,17,0,14,0,10,0,70,0,79,0,0,0,0,0,14,10,8,8,NA,NA,NA,NA,NA,NA,NA,NA,NA,NA,NA,NA,NA,NA,NA,NA,NA,NA,NA,NA,NA,NA,NA,NA,NA,NA,NA,NA,NA,NA,NA,NA,NA,NA,NA,NA,NA,NA,NA,NA,NA,NA,NA,NA,NA,NA,NA,NA
ImmortalsOfAveum-Win64-Shipping.exe,NVIDIA GeForce RTX 4060 Ti,12th Gen Intel(R) Core(TM) i7-12700,3840x2160,D3D12,0,20336,0x0000000063F0AD60,0,0,Hardware Composed: Independent Flip,0,4557.521350,16.921,17.057,0.257,2.449,2.509,0.145,NA,2775,9001,62,51,NA,NA,NA,NA,NA,NA,0.586,0.845,0.586,69,100,100,NA,4365,13, 41,43.324, 65,28,0,17,0,14,0,10,0,70,0,79,0,0,0,0,0,14,10,8,8,NA,NA,NA,NA,NA,NA,NA,NA,NA,NA,NA,NA,NA,NA,NA,NA,NA,NA,NA,NA,NA,NA,NA,NA,NA,NA,NA,NA,NA,NA,NA,NA,NA,NA,NA,NA,NA,NA,NA,NA,NA,NA,NA,NA,NA,NA,NA,NA
ImmortalsOfAveum-Win64-Shipping.exe,NVIDIA GeForce RTX 4060 Ti,12th Gen Intel(R) Core(TM) i7-12700,3840x2160,D3D12,0,20336,0x0000000063F0AD60,0,0,Hardware Composed: Independent Flip,0,4557.537631,16.280,16.979,0.151,0.537,3.208,0.033,NA,2775,9001,62,51,NA,NA,NA,NA,NA,NA,0.609,0.879,0.609,69,100,100,NA,4365,13, 41,43.324, 65,28,0,17,0,14,0,10,0,70,0,79,0,0,0,0,0,14,10,8,8,NA,NA,NA,NA,NA,NA,NA,NA,NA,NA,NA,NA,NA,NA,NA,NA,NA,NA,NA,NA,NA,NA,NA,NA,NA,NA,NA,NA,NA,NA,NA,NA,NA,NA,NA,NA,NA,NA,NA,NA,NA,NA,NA,NA,NA,NA,NA,NA
ImmortalsOfAveum-Win64-Shipping.exe,NVIDIA GeForce RTX 4060 Ti,12th Gen Intel(R) Core(TM) i7-12700,3840x2160,D3D12,0,20336,0x0000000063F0AD60,0,0,Hardware Composed: Independent Flip,0,4557.554121,16.491,15.720,0.205,2.379,2.437,0.144,NA,2775,9001,62,51,NA,NA,NA,NA,NA,NA,0.601,0.868,0.601,69,100,100,NA,4365,13, 41,43.324, 65,28,0,17,0,14,0,10,0,70,0,79,0,0,0,0,0,14,10,8,8,NA,NA,NA,NA,NA,NA,NA,NA,NA,NA,NA,NA,NA,NA,NA,NA,NA,NA,NA,NA,NA,NA,NA,NA,NA,NA,NA,NA,NA,NA,NA,NA,NA,NA,NA,NA,NA,NA,NA,NA,NA,NA,NA,NA,NA,NA,NA,NA
ImmortalsOfAveum-Win64-Shipping.exe,NVIDIA GeForce RTX 4060 Ti,12th Gen Intel(R) Core(TM) i7-12700,3840x2160,D3D12,0,20336,0x0000000063F0AD60,0,0,Hardware Composed: Independent Flip,0,4557.571924,17.803,18.098,0.173,0.353,2.732,0.020,NA,2775,9001,62,51,NA,NA,NA,NA,NA,NA,0.557,0.804,0.557,69,100,100,NA,4365,13, 41,43.324, 65,28,0,17,0,14,0,10,0,70,0,79,0,0,0,0,0,14,10,8,8,NA,NA,NA,NA,NA,NA,NA,NA,NA,NA,NA,NA,NA,NA,NA,NA,NA,NA,NA,NA,NA,NA,NA,NA,NA,NA,NA,NA,NA,NA,NA,NA,NA,NA,NA,NA,NA,NA,NA,NA,NA,NA,NA,NA,NA,NA,NA,NA
ImmortalsOfAveum-Win64-Shipping.exe,NVIDIA GeForce RTX 4060 Ti,12th Gen Intel(R) Core(TM) i7-12700,3840x2160,D3D12,0,20336,0x0000000063F0AD60,0,0,Hardware Composed: Independent Flip,0,4557.589159,17.235,17.050,0.258,2.482,2.548,0.144,NA,2775,9001,62,51,NA,NA,NA,NA,NA,NA,0.575,0.830,0.575,69,100,100,NA,4365,13, 41,43.324, 65,28,0,17,0,14,0,10,0,70,0,79,0,0,0,0,0,14,10,8,8,NA,NA,NA,NA,NA,NA,NA,NA,NA,NA,NA,NA,NA,NA,NA,NA,NA,NA,NA,NA,NA,NA,NA,NA,NA,NA,NA,NA,NA,NA,NA,NA,NA,NA,NA,NA,NA,NA,NA,NA,NA,NA,NA,NA,NA,NA,NA,NA
ImmortalsOfAveum-Win64-Shipping.exe,NVIDIA GeForce RTX 4060 Ti,12th Gen Intel(R) Core(TM) i7-12700,3840x2160,D3D12,0,20336,0x0000000063F0AD60,0,0,Hardware Composed: Independent Flip,0,4557.604553,15.394,14.519,0.190,0.484,1.673,0.031,NA,2775,9001,62,51,NA,NA,NA,NA,NA,NA,0.644,0.929,0.644,69,100,100,NA,4365,13, 41,43.324, 65,28,0,17,0,14,0,10,0,70,0,79,0,0,0,0,0,14,10,8,8,NA,NA,NA,NA,NA,NA,NA,NA,NA,NA,NA,NA,NA,NA,NA,NA,NA,NA,NA,NA,NA,NA,NA,NA,NA,NA,NA,NA,NA,NA,NA,NA,NA,NA,NA,NA,NA,NA,NA,NA,NA,NA,NA,NA,NA,NA,NA,NA
ImmortalsOfAveum-Win64-Shipping.exe,NVIDIA GeForce RTX 4060 Ti,12th Gen Intel(R) Core(TM) i7-12700,3840x2160,D3D12,0,20336,0x0000000063F0AD60,0,0,Hardware Composed: Independent Flip,0,4557.621468,16.915,17.769,0.209,2.467,2.526,0.146,NA,2775,9001,62,51,NA,NA,NA,NA,NA,NA,0.586,0.846,0.586,69,100,100,NA,4365,13, 41,43.324, 65,28,0,17,0,14,0,10,0,70,0,79,0,0,0,0,0,14,10,8,8,NA,NA,NA,NA,NA,NA,NA,NA,NA,NA,NA,NA,NA,NA,NA,NA,NA,NA,NA,NA,NA,NA,NA,NA,NA,NA,NA,NA,NA,NA,NA,NA,NA,NA,NA,NA,NA,NA,NA,NA,NA,NA,NA,NA,NA,NA,NA,NA
ImmortalsOfAveum-Win64-Shipping.exe,NVIDIA GeForce RTX 4060 Ti,12th Gen Intel(R) Core(TM) i7-12700,3840x2160,D3D12,0,20336,0x0000000063F0AD60,0,0,Hardware Composed: Independent Flip,0,4557.638277,16.809,17.064,0.153,0.338,2.781,0.020,NA,2775,9001,62,51,NA,NA,NA,NA,NA,NA,0.589,0.851,0.589,69,100,100,NA,4365,13, 40,43.189, 65,28,0,17,0,14,0,10,0,70,0,79,0,0,0,0,0,14,10,8,8,NA,NA,NA,NA,NA,NA,NA,NA,NA,NA,NA,NA,NA,NA,NA,NA,NA,NA,NA,NA,NA,NA,NA,NA,NA,NA,NA,NA,NA,NA,NA,NA,NA,NA,NA,NA,NA,NA,NA,NA,NA,NA,NA,NA,NA,NA,NA,NA
ImmortalsOfAveum-Win64-Shipping.exe,NVIDIA GeForce RTX 4060 Ti,12th Gen Intel(R) Core(TM) i7-12700,3840x2160,D3D12,0,20336,0x0000000063F0AD60,0,0,Hardware Composed: Independent Flip,0,4557.655105,16.828,16.207,0.256,2.098,2.160,0.125,NA,2775,9001,62,51,NA,NA,NA,NA,NA,NA,0.589,0.850,0.589,69,100,100,NA,4365,13, 40,43.189, 65,28,0,17,0,14,0,10,0,70,0,79,0,0,0,0,0,14,10,8,8,NA,NA,NA,NA,NA,NA,NA,NA,NA,NA,NA,NA,NA,NA,NA,NA,NA,NA,NA,NA,NA,NA,NA,NA,NA,NA,NA,NA,NA,NA,NA,NA,NA,NA,NA,NA,NA,NA,NA,NA,NA,NA,NA,NA,NA,NA,NA,NA
ImmortalsOfAveum-Win64-Shipping.exe,NVIDIA GeForce RTX 4060 Ti,12th Gen Intel(R) Core(TM) i7-12700,3840x2160,D3D12,0,20336,0x0000000063F0AD60,0,0,Hardware Composed: Independent Flip,0,4557.671210,16.104,17.291,0.138,0.556,3.347,0.035,NA,2775,9001,62,51,NA,NA,NA,NA,NA,NA,0.615,0.888,0.615,69,100,100,NA,4370,15, 40,43.189, 65,32,1,22,1,18,1,16,1,72,1,81,1,1,1,1,1,16,13,10,11,NA,NA,NA,NA,NA,NA,NA,NA,NA,NA,NA,NA,NA,NA,NA,NA,NA,NA,NA,NA,NA,NA,NA,NA,NA,NA,NA,NA,NA,NA,NA,NA,NA,NA,NA,NA,NA,NA,NA,NA,NA,NA,NA,NA,NA,NA,NA,NA
ImmortalsOfAveum-Win64-Shipping.exe,NVIDIA GeForce RTX 4060 Ti,12th Gen Intel(R) Core(TM) i7-12700,3840x2160,D3D12,0,20336,0x0000000063F0AD60,0,0,Hardware Composed: Independent Flip,0,4557.688248,17.038,15.523,0.193,1.770,1.831,0.104,NA,2775,9001,62,51,NA,NA,NA,NA,NA,NA,0.582,0.840,0.582,69,100,100,NA,4370,15, 40,43.189, 65,32,1,22,1,18,1,16,1,72,1,81,1,1,1,1,1,16,13,10,11,NA,NA,NA,NA,NA,NA,NA,NA,NA,NA,NA,NA,NA,NA,NA,NA,NA,NA,NA,NA,NA,NA,NA,NA,NA,NA,NA,NA,NA,NA,NA,NA,NA,NA,NA,NA,NA,NA,NA,NA,NA,NA,NA,NA,NA,NA,NA,NA
ImmortalsOfAveum-Win64-Shipping.exe,NVIDIA GeForce RTX 4060 Ti,12th Gen Intel(R) Core(TM) i7-12700,3840x2160,D3D12,0,20336,0x0000000063F0AD60,0,0,Hardware Composed: Independent Flip,0,4557.705456,17.207,17.966,0.155,0.354,2.590,0.021,NA,2775,9001,62,51,NA,NA,NA,NA,NA,NA,0.576,0.831,0.576,69,100,100,NA,4370,15, 40,43.189, 65,32,1,22,1,18,1,16,1,72,1,81,1,1,1,1,1,16,13,10,11,NA,NA,NA,NA,NA,NA,NA,NA,NA,NA,NA,NA,NA,NA,NA,NA,NA,NA,NA,NA,NA,NA,NA,NA,NA,NA,NA,NA,NA,NA,NA,NA,NA,NA,NA,NA,NA,NA,NA,NA,NA,NA,NA,NA,NA,NA,NA,NA
ImmortalsOfAveum-Win64-Shipping.exe,NVIDIA GeForce RTX 4060 Ti,12th Gen Intel(R) Core(TM) i7-12700,3840x2160,D3D12,0,20336,0x0000000063F0AD60,0,0,Hardware Composed: Independent Flip,0,4557.722601,17.146,16.971,0.200,2.354,2.416,0.137,NA,2775,9001,62,51,NA,NA,NA,NA,NA,NA,0.578,0.834,0.578,69,100,100,NA,4370,15, 40,43.189, 65,32,1,22,1,18,1,16,1,72,1,81,1,1,1,1,1,16,13,10,11,NA,NA,NA,NA,NA,NA,NA,NA,NA,NA,NA,NA,NA,NA,NA,NA,NA,NA,NA,NA,NA,NA,NA,NA,NA,NA,NA,NA,NA,NA,NA,NA,NA,NA,NA,NA,NA,NA,NA,NA,NA,NA,NA,NA,NA,NA,NA,NA
ImmortalsOfAveum-Win64-Shipping.exe,NVIDIA GeForce RTX 4060 Ti,12th Gen Intel(R) Core(TM) i7-12700,3840x2160,D3D12,0,20336,0x0000000063F0AD60,0,0,Hardware Composed: Independent Flip,0,4557.738174,15.572,14.602,0.160,0.439,1.445,0.028,NA,2775,9001,62,51,NA,NA,NA,NA,NA,NA,0.636,0.919,0.636,69,100,100,NA,4370,15, 40,43.189, 65,32,1,22,1,18,1,16,1,72,1,81,1,1,1,1,1,16,13,10,11,NA,NA,NA,NA,NA,NA,NA,NA,NA,NA,NA,NA,NA,NA,NA,NA,NA,NA,NA,NA,NA,NA,NA,NA,NA,NA,NA,NA,NA,NA,NA,NA,NA,NA,NA,NA,NA,NA,NA,NA,NA,NA,NA,NA,NA,NA,NA,NA
ImmortalsOfAveum-Win64-Shipping.exe,NVIDIA GeForce RTX 4060 Ti,12th Gen Intel(R) Core(TM) i7-12700,3840x2160,D3D12,0,20336,0x0000000063F0AD60,0,0,Hardware Composed: Independent Flip,0,4557.755158,16.984,17.431,0.201,1.834,1.891,0.108,NA,2775,9001,62,51,NA,NA,NA,NA,NA,NA,0.583,0.842,0.583,69,100,100,NA,4370,15, 40,43.189, 65,32,1,22,1,18,1,16,1,72,1,81,1,1,1,1,1,16,13,10,11,NA,NA,NA,NA,NA,NA,NA,NA,NA,NA,NA,NA,NA,NA,NA,NA,NA,NA,NA,NA,NA,NA,NA,NA,NA,NA,NA,NA,NA,NA,NA,NA,NA,NA,NA,NA,NA,NA,NA,NA,NA,NA,NA,NA,NA,NA,NA,NA
ImmortalsOfAveum-Win64-Shipping.exe,NVIDIA GeForce RTX 4060 Ti,12th Gen Intel(R) Core(TM) i7-12700,3840x2160,D3D12,0,20336,0x0000000063F0AD60,0,0,Hardware Composed: Independent Flip,0,4557.770714,15.556,16.398,0.143,0.548,2.733,0.035,NA,2775,9001,62,51,NA,NA,NA,NA,NA,NA,0.637,0.920,0.637,69,100,100,NA,4370,15, 40,43.189, 65,32,1,22,1,18,1,16,1,72,1,81,1,1,1,1,1,16,13,10,11,NA,NA,NA,NA,NA,NA,NA,NA,NA,NA,NA,NA,NA,NA,NA,NA,NA,NA,NA,NA,NA,NA,NA,NA,NA,NA,NA,NA,NA,NA,NA,NA,NA,NA,NA,NA,NA,NA,NA,NA,NA,NA,NA,NA,NA,NA,NA,NA
ImmortalsOfAveum-Win64-Shipping.exe,NVIDIA GeForce RTX 4060 Ti,12th Gen Intel(R) Core(TM) i7-12700,3840x2160,D3D12,0,20336,0x0000000063F0AD60,0,0,Hardware Composed: Independent Flip,0,4557.787184,16.470,15.555,0.196,1.759,1.818,0.107,NA,2775,9001,62,51,NA,NA,NA,NA,NA,NA,0.602,0.869,0.602,69,100,100,NA,4370,15, 40,43.189, 65,32,1,22,1,18,1,16,1,72,1,81,1,1,1,1,1,16,13,10,11,NA,NA,NA,NA,NA,NA,NA,NA,NA,NA,NA,NA,NA,NA,NA,NA,NA,NA,NA,NA,NA,NA,NA,NA,NA,NA,NA,NA,NA,NA,NA,NA,NA,NA,NA,NA,NA,NA,NA,NA,NA,NA,NA,NA,NA,NA,NA,NA
ImmortalsOfAveum-Win64-Shipping.exe,NVIDIA GeForce RTX 4060 Ti,12th Gen Intel(R) Core(TM) i7-12700,3840x2160,D3D12,0,20336,0x0000000063F0AD60,0,0,Hardware Composed: Independent Flip,0,4557.805512,18.327,19.559,0.161,0.357,3.050,0.019,NA,2775,9001,62,51,NA,NA,NA,NA,NA,NA,0.541,0.781,0.541,69,100,100,NA,4370,15, 40,43.189, 65,32,1,22,1,18,1,16,1,72,1,81,1,1,1,1,1,16,13,10,11,NA,NA,NA,NA,NA,NA,NA,NA,NA,NA,NA,NA,NA,NA,NA,NA,NA,NA,NA,NA,NA,NA,NA,NA,NA,NA,NA,NA,NA,NA,NA,NA,NA,NA,NA,NA,NA,NA,NA,NA,NA,NA,NA,NA,NA,NA,NA,NA
ImmortalsOfAveum-Win64-Shipping.exe,NVIDIA GeForce RTX 4060 Ti,12th Gen Intel(R) Core(TM) i7-12700,3840x2160,D3D12,0,20336,0x0000000063F0AD60,0,0,Hardware Composed: Independent Flip,0,4557.822630,17.118,15.820,0.250,1.693,1.752,0.099,NA,2775,9001,62,51,NA,NA,NA,NA,NA,NA,0.579,0.836,0.579,69,100,100,NA,4370,15, 40,43.189, 65,32,1,22,1,18,1,16,1,72,1,81,1,1,1,1,1,16,13,10,11,NA,NA,NA,NA,NA,NA,NA,NA,NA,NA,NA,NA,NA,NA,NA,NA,NA,NA,NA,NA,NA,NA,NA,NA,NA,NA,NA,NA,NA,NA,NA,NA,NA,NA,NA,NA,NA,NA,NA,NA,NA,NA,NA,NA,NA,NA,NA,NA
ImmortalsOfAveum-Win64-Shipping.exe,NVIDIA GeForce RTX 4060 Ti,12th Gen Intel(R) Core(TM) i7-12700,3840x2160,D3D12,0,20336,0x0000000063F0AD60,0,0,Hardware Composed: Independent Flip,0,4557.838167,15.538,15.181,0.175,0.706,1.394,0.045,NA,2775,9001,62,51,NA,NA,NA,NA,NA,NA,0.638,0.921,0.638,69,100,100,NA,4370,15, 41,42.860, 65,32,1,22,1,18,1,16,1,72,1,81,1,1,1,1,1,16,13,10,11,NA,NA,NA,NA,NA,NA,NA,NA,NA,NA,NA,NA,NA,NA,NA,NA,NA,NA,NA,NA,NA,NA,NA,NA,NA,NA,NA,NA,NA,NA,NA,NA,NA,NA,NA,NA,NA,NA,NA,NA,NA,NA,NA,NA,NA,NA,NA,NA
ImmortalsOfAveum-Win64-Shipping.exe,NVIDIA GeForce RTX 4060 Ti,12th Gen Intel(R) Core(TM) i7-12700,3840x2160,D3D12,0,20336,0x0000000063F0AD60,0,0,Hardware Composed: Independent Flip,0,4557.855242,17.075,17.785,0.194,2.045,2.104,0.120,NA,2775,9001,62,51,NA,NA,NA,NA,NA,NA,0.580,0.838,0.580,69,100,100,NA,4370,15, 41,42.860, 65,32,1,22,1,18,1,16,1,72,1,81,1,1,1,1,1,16,13,10,11,NA,NA,NA,NA,NA,NA,NA,NA,NA,NA,NA,NA,NA,NA,NA,NA,NA,NA,NA,NA,NA,NA,NA,NA,NA,NA,NA,NA,NA,NA,NA,NA,NA,NA,NA,NA,NA,NA,NA,NA,NA,NA,NA,NA,NA,NA,NA,NA
ImmortalsOfAveum-Win64-Shipping.exe,NVIDIA GeForce RTX 4060 Ti,12th Gen Intel(R) Core(TM) i7-12700,3840x2160,D3D12,0,20336,0x0000000063F0AD60,0,0,Hardware Composed: Independent Flip,0,4557.871727,16.485,15.738,0.141,0.357,1.358,0.022,NA,2775,9001,62,51,NA,NA,NA,NA,NA,NA,0.601,0.868,0.601,69,100,100,NA,4370,15, 41,42.860, 65,32,1,22,1,18,1,16,1,72,1,81,1,1,1,1,1,16,13,10,11,NA,NA,NA,NA,NA,NA,NA,NA,NA,NA,NA,NA,NA,NA,NA,NA,NA,NA,NA,NA,NA,NA,NA,NA,NA,NA,NA,NA,NA,NA,NA,NA,NA,NA,NA,NA,NA,NA,NA,NA,NA,NA,NA,NA,NA,NA,NA,NA
ImmortalsOfAveum-Win64-Shipping.exe,NVIDIA GeForce RTX 4060 Ti,12th Gen Intel(R) Core(TM) i7-12700,3840x2160,D3D12,0,20336,0x0000000063F0AD60,0,0,Hardware Composed: Independent Flip,0,4557.888456,16.729,17.821,0.229,2.391,2.450,0.143,NA,2775,9001,62,51,NA,NA,NA,NA,NA,NA,0.592,0.855,0.592,69,100,100,NA,4370,15, 41,42.860, 65,32,1,22,1,18,1,16,1,72,1,81,1,1,1,1,1,16,13,10,11,NA,NA,NA,NA,NA,NA,NA,NA,NA,NA,NA,NA,NA,NA,NA,NA,NA,NA,NA,NA,NA,NA,NA,NA,NA,NA,NA,NA,NA,NA,NA,NA,NA,NA,NA,NA,NA,NA,NA,NA,NA,NA,NA,NA,NA,NA,NA,NA
ImmortalsOfAveum-Win64-Shipping.exe,NVIDIA GeForce RTX 4060 Ti,12th Gen Intel(R) Core(TM) i7-12700,3840x2160,D3D12,0,20336,0x0000000063F0AD60,0,0,Hardware Composed: Independent Flip,0,4557.905304,16.848,16.765,0.169,0.350,2.367,0.021,NA,2775,9001,62,51,NA,NA,NA,NA,NA,NA,0.588,0.849,0.588,69,100,100,NA,4370,15, 41,42.860, 65,32,1,22,1,18,1,16,1,72,1,81,1,1,1,1,1,16,13,10,11,NA,NA,NA,NA,NA,NA,NA,NA,NA,NA,NA,NA,NA,NA,NA,NA,NA,NA,NA,NA,NA,NA,NA,NA,NA,NA,NA,NA,NA,NA,NA,NA,NA,NA,NA,NA,NA,NA,NA,NA,NA,NA,NA,NA,NA,NA,NA,NA
ImmortalsOfAveum-Win64-Shipping.exe,NVIDIA GeForce RTX 4060 Ti,12th Gen Intel(R) Core(TM) i7-12700,3840x2160,D3D12,0,20336,0x0000000063F0AD60,0,0,Hardware Composed: Independent Flip,0,4557.922253,16.948,17.174,0.232,2.531,2.593,0.149,NA,2775,9001,62,51,NA,NA,NA,NA,NA,NA,0.585,0.844,0.585,69,100,100,NA,4370,15, 41,42.860, 65,32,1,22,1,18,1,16,1,72,1,81,1,1,1,1,1,16,13,10,11,NA,NA,NA,NA,NA,NA,NA,NA,NA,NA,NA,NA,NA,NA,NA,NA,NA,NA,NA,NA,NA,NA,NA,NA,NA,NA,NA,NA,NA,NA,NA,NA,NA,NA,NA,NA,NA,NA,NA,NA,NA,NA,NA,NA,NA,NA,NA,NA
ImmortalsOfAveum-Win64-Shipping.exe,NVIDIA GeForce RTX 4060 Ti,12th Gen Intel(R) Core(TM) i7-12700,3840x2160,D3D12,0,20336,0x0000000063F0AD60,0,0,Hardware Composed: Independent Flip,0,4557.938292,16.039,16.339,0.147,0.355,2.892,0.022,NA,2775,9001,62,51,NA,NA,NA,NA,NA,NA,0.618,0.892,0.618,69,100,100,NA,4370,15, 41,42.860, 65,32,1,22,1,18,1,16,1,72,1,81,1,1,1,1,1,16,13,10,11,NA,NA,NA,NA,NA,NA,NA,NA,NA,NA,NA,NA,NA,NA,NA,NA,NA,NA,NA,NA,NA,NA,NA,NA,NA,NA,NA,NA,NA,NA,NA,NA,NA,NA,NA,NA,NA,NA,NA,NA,NA,NA,NA,NA,NA,NA,NA,NA
ImmortalsOfAveum-Win64-Shipping.exe,NVIDIA GeForce RTX 4060 Ti,12th Gen Intel(R) Core(TM) i7-12700,3840x2160,D3D12,0,20336,0x0000000063F0AD60,0,0,Hardware Composed: Independent Flip,0,4557.955085,16.793,15.866,0.289,1.898,1.966,0.113,NA,2775,9001,62,51,NA,NA,NA,NA,NA,NA,0.590,0.852,0.590,69,100,100,NA,4370,15, 41,42.860, 65,32,1,22,1,18,1,16,1,72,1,81,1,1,1,1,1,16,13,10,11,NA,NA,NA,NA,NA,NA,NA,NA,NA,NA,NA,NA,NA,NA,NA,NA,NA,NA,NA,NA,NA,NA,NA,NA,NA,NA,NA,NA,NA,NA,NA,NA,NA,NA,NA,NA,NA,NA,NA,NA,NA,NA,NA,NA,NA,NA,NA,NA
ImmortalsOfAveum-Win64-Shipping.exe,NVIDIA GeForce RTX 4060 Ti,12th Gen Intel(R) Core(TM) i7-12700,3840x2160,D3D12,0,20336,0x0000000063F0AD60,0,0,Hardware Composed: Independent Flip,0,4557.971593,16.508,17.840,0.146,0.353,3.298,0.021,NA,2775,9001,62,51,NA,NA,NA,NA,NA,NA,0.600,0.867,0.600,69,100,100,NA,4370,15, 41,42.860, 65,32,1,22,1,18,1,16,1,72,1,81,1,1,1,1,1,16,13,10,11,NA,NA,NA,NA,NA,NA,NA,NA,NA,NA,NA,NA,NA,NA,NA,NA,NA,NA,NA,NA,NA,NA,NA,NA,NA,NA,NA,NA,NA,NA,NA,NA,NA,NA,NA,NA,NA,NA,NA,NA,NA,NA,NA,NA,NA,NA,NA,NA
ImmortalsOfAveum-Win64-Shipping.exe,NVIDIA GeForce RTX 4060 Ti,12th Gen Intel(R) Core(TM) i7-12700,3840x2160,D3D12,0,20336,0x0000000063F0AD60,0,0,Hardware Composed: Independent Flip,0,4557.988313,16.720,15.066,0.195,1.583,1.643,0.095,NA,2775,9001,62,51,NA,NA,NA,NA,NA,NA,0.593,0.856,0.593,69,100,100,NA,4370,15, 41,42.860, 65,32,1,22,1,18,1,16,1,72,1,81,1,1,1,1,1,16,13,10,11,NA,NA,NA,NA,NA,NA,NA,NA,NA,NA,NA,NA,NA,NA,NA,NA,NA,NA,NA,NA,NA,NA,NA,NA,NA,NA,NA,NA,NA,NA,NA,NA,NA,NA,NA,NA,NA,NA,NA,NA,NA,NA,NA,NA,NA,NA,NA,NA
ImmortalsOfAveum-Win64-Shipping.exe,NVIDIA GeForce RTX 4060 Ti,12th Gen Intel(R) Core(TM) i7-12700,3840x2160,D3D12,0,20336,0x0000000063F0AD60,0,0,Hardware Composed: Independent Flip,0,4558.005357,17.044,17.695,0.148,0.355,2.294,0.021,NA,2775,9001,62,51,NA,NA,NA,NA,NA,NA,0.581,0.839,0.581,69,100,100,NA,4370,15, 41,42.860, 65,32,1,22,1,18,1,16,1,72,1,81,1,1,1,1,1,16,13,10,11,NA,NA,NA,NA,NA,NA,NA,NA,NA,NA,NA,NA,NA,NA,NA,NA,NA,NA,NA,NA,NA,NA,NA,NA,NA,NA,NA,NA,NA,NA,NA,NA,NA,NA,NA,NA,NA,NA,NA,NA,NA,NA,NA,NA,NA,NA,NA,NA
ImmortalsOfAveum-Win64-Shipping.exe,NVIDIA GeForce RTX 4060 Ti,12th Gen Intel(R) Core(TM) i7-12700,3840x2160,D3D12,0,20336,0x0000000063F0AD60,0,0,Hardware Composed: Independent Flip,0,4558.022286,16.929,16.753,0.203,2.061,2.119,0.122,NA,2775,9001,62,51,NA,NA,NA,NA,NA,NA,0.585,0.845,0.585,69,100,100,NA,4370,15, 41,42.860, 65,32,1,22,1,18,1,16,1,72,1,81,1,1,1,1,1,16,13,10,11,NA,NA,NA,NA,NA,NA,NA,NA,NA,NA,NA,NA,NA,NA,NA,NA,NA,NA,NA,NA,NA,NA,NA,NA,NA,NA,NA,NA,NA,NA,NA,NA,NA,NA,NA,NA,NA,NA,NA,NA,NA,NA,NA,NA,NA,NA,NA,NA
ImmortalsOfAveum-Win64-Shipping.exe,NVIDIA GeForce RTX 4060 Ti,12th Gen Intel(R) Core(TM) i7-12700,3840x2160,D3D12,0,20336,0x0000000063F0AD60,0,0,Hardware Composed: Independent Flip,0,4558.038144,15.858,15.090,0.151,0.734,1.350,0.046,NA,2775,9001,62,51,NA,NA,NA,NA,NA,NA,0.625,0.902,0.625,69,100,100,NA,4370,15, 39,42.437, 65,32,1,22,1,18,1,16,1,72,1,81,1,1,1,1,1,16,13,10,11,NA,NA,NA,NA,NA,NA,NA,NA,NA,NA,NA,NA,NA,NA,NA,NA,NA,NA,NA,NA,NA,NA,NA,NA,NA,NA,NA,NA,NA,NA,NA,NA,NA,NA,NA,NA,NA,NA,NA,NA,NA,NA,NA,NA,NA,NA,NA,NA
ImmortalsOfAveum-Win64-Shipping.exe,NVIDIA GeForce RTX 4060 Ti,12th Gen Intel(R) Core(TM) i7-12700,3840x2160,D3D12,0,20336,0x0000000063F0AD60,0,0,Hardware Composed: Independent Flip,0,4558.054935,16.791,17.726,0.276,2.272,2.285,0.135,NA,2775,9001,62,51,NA,NA,NA,NA,NA,NA,0.590,0.852,0.590,69,100,100,NA,4370,15, 39,42.437, 65,32,1,22,1,18,1,16,1,72,1,81,1,1,1,1,1,16,13,10,11,NA,NA,NA,NA,NA,NA,NA,NA,NA,NA,NA,NA,NA,NA,NA,NA,NA,NA,NA,NA,NA,NA,NA,NA,NA,NA,NA,NA,NA,NA,NA,NA,NA,NA,NA,NA,NA,NA,NA,NA,NA,NA,NA,NA,NA,NA,NA,NA
ImmortalsOfAveum-Win64-Shipping.exe,NVIDIA GeForce RTX 4060 Ti,12th Gen Intel(R) Core(TM) i7-12700,3840x2160,D3D12,0,20336,0x0000000063F0AD60,0,0,Hardware Composed: Independent Flip,0,4558.071291,16.356,15.928,0.207,0.418,1.857,0.026,NA,2775,9001,62,51,NA,NA,NA,NA,NA,NA,0.606,0.875,0.606,69,100,100,NA,4370,15, 39,42.437, 65,32,1,22,1,18,1,16,1,72,1,81,1,1,1,1,1,16,13,10,11,NA,NA,NA,NA,NA,NA,NA,NA,NA,NA,NA,NA,NA,NA,NA,NA,NA,NA,NA,NA,NA,NA,NA,NA,NA,NA,NA,NA,NA,NA,NA,NA,NA,NA,NA,NA,NA,NA,NA,NA,NA,NA,NA,NA,NA,NA,NA,NA
ImmortalsOfAveum-Win64-Shipping.exe,NVIDIA GeForce RTX 4060 Ti,12th Gen Intel(R) Core(TM) i7-12700,3840x2160,D3D12,0,20336,0x0000000063F0AD60,0,0,Hardware Composed: Independent Flip,0,4558.087909,16.618,17.365,0.222,2.589,2.604,0.156,NA,2775,9001,62,51,NA,NA,NA,NA,NA,NA,0.596,0.861,0.596,69,100,100,NA,4370,15, 39,42.437, 65,32,1,22,1,18,1,16,1,72,1,81,1,1,1,1,1,16,13,10,11,NA,NA,NA,NA,NA,NA,NA,NA,NA,NA,NA,NA,NA,NA,NA,NA,NA,NA,NA,NA,NA,NA,NA,NA,NA,NA,NA,NA,NA,NA,NA,NA,NA,NA,NA,NA,NA,NA,NA,NA,NA,NA,NA,NA,NA,NA,NA,NA
ImmortalsOfAveum-Win64-Shipping.exe,NVIDIA GeForce RTX 4060 Ti,12th Gen Intel(R) Core(TM) i7-12700,3840x2160,D3D12,0,20336,0x0000000063F0AD60,0,0,Hardware Composed: Independent Flip,0,4558.105935,18.027,18.081,0.162,0.330,2.658,0.018,NA,2775,9001,62,51,NA,NA,NA,NA,NA,NA,0.550,0.794,0.550,69,100,100,NA,4370,15, 39,42.437, 65,32,1,22,1,18,1,16,1,72,1,81,1,1,1,1,1,16,13,10,11,NA,NA,NA,NA,NA,NA,NA,NA,NA,NA,NA,NA,NA,NA,NA,NA,NA,NA,NA,NA,NA,NA,NA,NA,NA,NA,NA,NA,NA,NA,NA,NA,NA,NA,NA,NA,NA,NA,NA,NA,NA,NA,NA,NA,NA,NA,NA,NA
ImmortalsOfAveum-Win64-Shipping.exe,NVIDIA GeForce RTX 4060 Ti,12th Gen Intel(R) Core(TM) i7-12700,3840x2160,D3D12,0,20336,0x0000000063F0AD60,0,0,Hardware Composed: Independent Flip,0,4558.122995,17.060,16.548,0.209,2.086,2.146,0.122,NA,2775,9001,62,51,NA,NA,NA,NA,NA,NA,0.581,0.839,0.581,69,100,100,NA,4370,15, 39,42.437, 65,32,1,22,1,18,1,16,1,72,1,81,1,1,1,1,1,16,13,10,11,NA,NA,NA,NA,NA,NA,NA,NA,NA,NA,NA,NA,NA,NA,NA,NA,NA,NA,NA,NA,NA,NA,NA,NA,NA,NA,NA,NA,NA,NA,NA,NA,NA,NA,NA,NA,NA,NA,NA,NA,NA,NA,NA,NA,NA,NA,NA,NA
ImmortalsOfAveum-Win64-Shipping.exe,NVIDIA GeForce RTX 4060 Ti,12th Gen Intel(R) Core(TM) i7-12700,3840x2160,D3D12,0,20336,0x0000000063F0AD60,0,0,Hardware Composed: Independent Flip,0,4558.137904,14.909,15.818,0.148,0.540,3.055,0.036,NA,2775,9001,62,51,NA,NA,NA,NA,NA,NA,0.665,0.960,0.665,69,100,100,NA,4370,15, 39,42.437, 65,32,1,22,1,18,1,16,1,72,1,81,1,1,1,1,1,16,13,10,11,NA,NA,NA,NA,NA,NA,NA,NA,NA,NA,NA,NA,NA,NA,NA,NA,NA,NA,NA,NA,NA,NA,NA,NA,NA,NA,NA,NA,NA,NA,NA,NA,NA,NA,NA,NA,NA,NA,NA,NA,NA,NA,NA,NA,NA,NA,NA,NA
ImmortalsOfAveum-Win64-Shipping.exe,NVIDIA GeForce RTX 4060 Ti,12th Gen Intel(R) Core(TM) i7-12700,3840x2160,D3D12,0,20336,0x0000000063F0AD60,0,0,Hardware Composed: Independent Flip,0,4558.154695,16.791,15.573,0.198,1.824,1.837,0.109,NA,2775,9001,62,51,NA,NA,NA,NA,NA,NA,0.590,0.852,0.590,69,100,100,NA,4370,15, 39,42.437, 65,32,1,22,1,18,1,16,1,72,1,81,1,1,1,1,1,16,13,10,11,NA,NA,NA,NA,NA,NA,NA,NA,NA,NA,NA,NA,NA,NA,NA,NA,NA,NA,NA,NA,NA,NA,NA,NA,NA,NA,NA,NA,NA,NA,NA,NA,NA,NA,NA,NA,NA,NA,NA,NA,NA,NA,NA,NA,NA,NA,NA,NA
ImmortalsOfAveum-Win64-Shipping.exe,NVIDIA GeForce RTX 4060 Ti,12th Gen Intel(R) Core(TM) i7-12700,3840x2160,D3D12,0,20336,0x0000000063F0AD60,0,0,Hardware Composed: Independent Flip,0,4558.172940,18.245,19.094,0.158,0.359,2.686,0.020,NA,2775,9001,62,51,NA,NA,NA,NA,NA,NA,0.543,0.784,0.543,69,100,100,NA,4370,15, 39,42.437, 65,32,1,22,1,18,1,16,1,72,1,81,1,1,1,1,1,16,13,10,11,NA,NA,NA,NA,NA,NA,NA,NA,NA,NA,NA,NA,NA,NA,NA,NA,NA,NA,NA,NA,NA,NA,NA,NA,NA,NA,NA,NA,NA,NA,NA,NA,NA,NA,NA,NA,NA,NA,NA,NA,NA,NA,NA,NA,NA,NA,NA,NA
ImmortalsOfAveum-Win64-Shipping.exe,NVIDIA GeForce RTX 4060 Ti,12th Gen Intel(R) Core(TM) i7-12700,3840x2160,D3D12,0,20336,0x0000000063F0AD60,0,0,Hardware Composed: Independent Flip,0,4558.189944,17.004,16.648,0.225,2.315,2.330,0.136,NA,2775,9001,63,51,NA,NA,NA,NA,NA,NA,0.582,0.840,0.582,70,101,101,NA,4369,13, 39,42.437, 65,26,0,20,0,15,0,14,0,81,0,69,0,0,0,0,0,13,9,8,8,NA,NA,NA,NA,NA,NA,NA,NA,NA,NA,NA,NA,NA,NA,NA,NA,NA,NA,NA,NA,NA,NA,NA,NA,NA,NA,NA,NA,NA,NA,NA,NA,NA,NA,NA,NA,NA,NA,NA,NA,NA,NA,NA,NA,NA,NA,NA,NA
ImmortalsOfAveum-Win64-Shipping.exe,NVIDIA GeForce RTX 4060 Ti,12th Gen Intel(R) Core(TM) i7-12700,3840x2160,D3D12,0,20336,0x0000000063F0AD60,0,0,Hardware Composed: Independent Flip,0,4558.205066,15.122,13.888,0.144,0.546,1.096,0.036,NA,2775,9001,63,51,NA,NA,NA,NA,NA,NA,0.654,0.945,0.654,70,101,101,NA,4369,13, 39,42.437, 65,26,0,20,0,15,0,14,0,81,0,69,0,0,0,0,0,13,9,8,8,NA,NA,NA,NA,NA,NA,NA,NA,NA,NA,NA,NA,NA,NA,NA,NA,NA,NA,NA,NA,NA,NA,NA,NA,NA,NA,NA,NA,NA,NA,NA,NA,NA,NA,NA,NA,NA,NA,NA,NA,NA,NA,NA,NA,NA,NA,NA,NA
ImmortalsOfAveum-Win64-Shipping.exe,NVIDIA GeForce RTX 4060 Ti,12th Gen Intel(R) Core(TM) i7-12700,3840x2160,D3D12,0,20336,0x0000000063F0AD60,0,0,Hardware Composed: Independent Flip,0,4558.222106,17.041,18.076,0.230,2.072,2.131,0.122,NA,2775,9001,63,51,NA,NA,NA,NA,NA,NA,0.580,0.838,0.580,70,101,101,NA,4369,13, 39,42.437, 65,26,0,20,0,15,0,14,0,81,0,69,0,0,0,0,0,13,9,8,8,NA,NA,NA,NA,NA,NA,NA,NA,NA,NA,NA,NA,NA,NA,NA,NA,NA,NA,NA,NA,NA,NA,NA,NA,NA,NA,NA,NA,NA,NA,NA,NA,NA,NA,NA,NA,NA,NA,NA,NA,NA,NA,NA,NA,NA,NA,NA,NA
ImmortalsOfAveum-Win64-Shipping.exe,NVIDIA GeForce RTX 4060 Ti,12th Gen Intel(R) Core(TM) i7-12700,3840x2160,D3D12,0,20336,0x0000000063F0AD60,0,0,Hardware Composed: Independent Flip,0,4558.237933,15.827,16.361,0.144,0.734,2.665,0.046,NA,2775,9001,63,51,NA,NA,NA,NA,NA,NA,0.625,0.903,0.625,70,101,101,NA,4369,13, 41,41.720, 65,26,0,20,0,15,0,14,0,81,0,69,0,0,0,0,0,13,9,8,8,NA,NA,NA,NA,NA,NA,NA,NA,NA,NA,NA,NA,NA,NA,NA,NA,NA,NA,NA,NA,NA,NA,NA,NA,NA,NA,NA,NA,NA,NA,NA,NA,NA,NA,NA,NA,NA,NA,NA,NA,NA,NA,NA,NA,NA,NA,NA,NA
ImmortalsOfAveum-Win64-Shipping.exe,NVIDIA GeForce RTX 4060 Ti,12th Gen Intel(R) Core(TM) i7-12700,3840x2160,D3D12,0,20336,0x0000000063F0AD60,0,0,Hardware Composed: Independent Flip,0,4558.254440,16.507,16.150,0.219,2.295,2.308,0.139,NA,2775,9001,63,51,NA,NA,NA,NA,NA,NA,0.599,0.865,0.599,70,101,101,NA,4369,13, 41,41.720, 65,26,0,20,0,15,0,14,0,81,0,69,0,0,0,0,0,13,9,8,8,NA,NA,NA,NA,NA,NA,NA,NA,NA,NA,NA,NA,NA,NA,NA,NA,NA,NA,NA,NA,NA,NA,NA,NA,NA,NA,NA,NA,NA,NA,NA,NA,NA,NA,NA,NA,NA,NA,NA,NA,NA,NA,NA,NA,NA,NA,NA,NA
ImmortalsOfAveum-Win64-Shipping.exe,NVIDIA GeForce RTX 4060 Ti,12th Gen Intel(R) Core(TM) i7-12700,3840x2160,D3D12,0,20336,0x0000000063F0AD60,0,0,Hardware Composed: Independent Flip,0,4558.272145,17.705,18.529,0.160,0.352,3.132,0.020,NA,2775,9001,63,51,NA,NA,NA,NA,NA,NA,0.559,0.807,0.559,70,101,101,NA,4369,13, 41,41.720, 65,26,0,20,0,15,0,14,0,81,0,69,0,0,0,0,0,13,9,8,8,NA,NA,NA,NA,NA,NA,NA,NA,NA,NA,NA,NA,NA,NA,NA,NA,NA,NA,NA,NA,NA,NA,NA,NA,NA,NA,NA,NA,NA,NA,NA,NA,NA,NA,NA,NA,NA,NA,NA,NA,NA,NA,NA,NA,NA,NA,NA,NA
ImmortalsOfAveum-Win64-Shipping.exe,NVIDIA GeForce RTX 4060 Ti,12th Gen Intel(R) Core(TM) i7-12700,3840x2160,D3D12,0,20336,0x0000000063F0AD60,0,0,Hardware Composed: Independent Flip,0,4558.289150,17.006,16.091,0.210,2.159,2.218,0.127,NA,2775,9001,63,51,NA,NA,NA,NA,NA,NA,0.582,0.840,0.582,70,101,101,NA,4369,13, 41,41.720, 65,26,0,20,0,15,0,14,0,81,0,69,0,0,0,0,0,13,9,8,8,NA,NA,NA,NA,NA,NA,NA,NA,NA,NA,NA,NA,NA,NA,NA,NA,NA,NA,NA,NA,NA,NA,NA,NA,NA,NA,NA,NA,NA,NA,NA,NA,NA,NA,NA,NA,NA,NA,NA,NA,NA,NA,NA,NA,NA,NA,NA,NA
ImmortalsOfAveum-Win64-Shipping.exe,NVIDIA GeForce RTX 4060 Ti,12th Gen Intel(R) Core(TM) i7-12700,3840x2160,D3D12,0,20336,0x0000000063F0AD60,0,0,Hardware Composed: Independent Flip,0,4558.305136,15.986,15.859,0.182,0.509,2.091,0.032,NA,2775,9001,63,51,NA,NA,NA,NA,NA,NA,0.619,0.894,0.619,70,101,101,NA,4369,13, 41,41.720, 65,26,0,20,0,15,0,14,0,81,0,69,0,0,0,0,0,13,9,8,8,NA,NA,NA,NA,NA,NA,NA,NA,NA,NA,NA,NA,NA,NA,NA,NA,NA,NA,NA,NA,NA,NA,NA,NA,NA,NA,NA,NA,NA,NA,NA,NA,NA,NA,NA,NA,NA,NA,NA,NA,NA,NA,NA,NA,NA,NA,NA,NA
ImmortalsOfAveum-Win64-Shipping.exe,NVIDIA GeForce RTX 4060 Ti,12th Gen Intel(R) Core(TM) i7-12700,3840x2160,D3D12,0,20336,0x0000000063F0AD60,0,0,Hardware Composed: Independent Flip,0,4558.322066,16.930,16.786,0.246,1.889,1.947,0.112,NA,2775,9001,63,51,NA,NA,NA,NA,NA,NA,0.584,0.844,0.584,70,101,101,NA,4369,13, 41,41.720, 65,26,0,20,0,15,0,14,0,81,0,69,0,0,0,0,0,13,9,8,8,NA,NA,NA,NA,NA,NA,NA,NA,NA,NA,NA,NA,NA,NA,NA,NA,NA,NA,NA,NA,NA,NA,NA,NA,NA,NA,NA,NA,NA,NA,NA,NA,NA,NA,NA,NA,NA,NA,NA,NA,NA,NA,NA,NA,NA,NA,NA,NA
ImmortalsOfAveum-Win64-Shipping.exe,NVIDIA GeForce RTX 4060 Ti,12th Gen Intel(R) Core(TM) i7-12700,3840x2160,D3D12,0,20336,0x0000000063F0AD60,0,0,Hardware Composed: Independent Flip,0,4558.337803,15.736,16.023,0.158,0.545,2.234,0.035,NA,2775,9001,63,51,NA,NA,NA,NA,NA,NA,0.628,0.908,0.628,70,101,101,NA,4369,13, 41,41.720, 65,26,0,20,0,15,0,14,0,81,0,69,0,0,0,0,0,13,9,8,8,NA,NA,NA,NA,NA,NA,NA,NA,NA,NA,NA,NA,NA,NA,NA,NA,NA,NA,NA,NA,NA,NA,NA,NA,NA,NA,NA,NA,NA,NA,NA,NA,NA,NA,NA,NA,NA,NA,NA,NA,NA,NA,NA,NA,NA,NA,NA,NA
ImmortalsOfAveum-Win64-Shipping.exe,NVIDIA GeForce RTX 4060 Ti,12th Gen Intel(R) Core(TM) i7-12700,3840x2160,D3D12,0,20336,0x0000000063F0AD60,0,0,Hardware Composed: Independent Flip,0,4558.354475,16.672,16.625,0.243,2.127,2.186,0.128,NA,2775,9001,63,51,NA,NA,NA,NA,NA,NA,0.593,0.857,0.593,70,101,101,NA,4369,13, 41,41.720, 65,26,0,20,0,15,0,14,0,81,0,69,0,0,0,0,0,13,9,8,8,NA,NA,NA,NA,NA,NA,NA,NA,NA,NA,NA,NA,NA,NA,NA,NA,NA,NA,NA,NA,NA,NA,NA,NA,NA,NA,NA,NA,NA,NA,NA,NA,NA,NA,NA,NA,NA,NA,NA,NA,NA,NA,NA,NA,NA,NA,NA,NA
ImmortalsOfAveum-Win64-Shipping.exe,NVIDIA GeForce RTX 4060 Ti,12th Gen Intel(R) Core(TM) i7-12700,3840x2160,D3D12,0,20336,0x0000000063F0AD60,0,0,Hardware Composed: Independent Flip,0,4558.371968,17.493,17.728,0.160,0.357,2.420,0.020,NA,2775,9001,63,51,NA,NA,NA,NA,NA,NA,0.565,0.817,0.565,70,101,101,NA,4369,13, 41,41.720, 65,26,0,20,0,15,0,14,0,81,0,69,0,0,0,0,0,13,9,8,8,NA,NA,NA,NA,NA,NA,NA,NA,NA,NA,NA,NA,NA,NA,NA,NA,NA,NA,NA,NA,NA,NA,NA,NA,NA,NA,NA,NA,NA,NA,NA,NA,NA,NA,NA,NA,NA,NA,NA,NA,NA,NA,NA,NA,NA,NA,NA,NA
ImmortalsOfAveum-Win64-Shipping.exe,NVIDIA GeForce RTX 4060 Ti,12th Gen Intel(R) Core(TM) i7-12700,3840x2160,D3D12,0,20336,0x0000000063F0AD60,0,0,Hardware Composed: Independent Flip,0,4558.389047,17.079,16.726,0.239,2.053,2.067,0.120,NA,2775,9001,63,51,NA,NA,NA,NA,NA,NA,0.579,0.836,0.579,70,101,101,NA,4369,13, 41,41.720, 65,26,0,20,0,15,0,14,0,81,0,69,0,0,0,0,0,13,9,8,8,NA,NA,NA,NA,NA,NA,NA,NA,NA,NA,NA,NA,NA,NA,NA,NA,NA,NA,NA,NA,NA,NA,NA,NA,NA,NA,NA,NA,NA,NA,NA,NA,NA,NA,NA,NA,NA,NA,NA,NA,NA,NA,NA,NA,NA,NA,NA,NA
ImmortalsOfAveum-Win64-Shipping.exe,NVIDIA GeForce RTX 4060 Ti,12th Gen Intel(R) Core(TM) i7-12700,3840x2160,D3D12,0,20336,0x0000000063F0AD60,0,0,Hardware Composed: Independent Flip,0,4558.405595,16.547,16.338,0.160,0.357,1.857,0.022,NA,2775,9001,63,51,NA,NA,NA,NA,NA,NA,0.598,0.863,0.598,70,101,101,NA,4369,13, 41,41.720, 65,26,0,20,0,15,0,14,0,81,0,69,0,0,0,0,0,13,9,8,8,NA,NA,NA,NA,NA,NA,NA,NA,NA,NA,NA,NA,NA,NA,NA,NA,NA,NA,NA,NA,NA,NA,NA,NA,NA,NA,NA,NA,NA,NA,NA,NA,NA,NA,NA,NA,NA,NA,NA,NA,NA,NA,NA,NA,NA,NA,NA,NA
ImmortalsOfAveum-Win64-Shipping.exe,NVIDIA GeForce RTX 4060 Ti,12th Gen Intel(R) Core(TM) i7-12700,3840x2160,D3D12,0,20336,0x0000000063F0AD60,0,0,Hardware Composed: Independent Flip,0,4558.422804,17.209,17.790,0.224,2.425,2.438,0.141,NA,2775,9001,63,51,NA,NA,NA,NA,NA,NA,0.575,0.830,0.575,70,101,101,NA,4369,13, 41,41.720, 65,26,0,20,0,15,0,14,0,81,0,69,0,0,0,0,0,13,9,8,8,NA,NA,NA,NA,NA,NA,NA,NA,NA,NA,NA,NA,NA,NA,NA,NA,NA,NA,NA,NA,NA,NA,NA,NA,NA,NA,NA,NA,NA,NA,NA,NA,NA,NA,NA,NA,NA,NA,NA,NA,NA,NA,NA,NA,NA,NA,NA,NA
ImmortalsOfAveum-Win64-Shipping.exe,NVIDIA GeForce RTX 4060 Ti,12th Gen Intel(R) Core(TM) i7-12700,3840x2160,D3D12,0,20336,0x0000000063F0AD60,0,0,Hardware Composed: Independent Flip,0,4558.437974,15.170,15.135,0.140,0.730,2.403,0.048,NA,2775,9001,63,51,NA,NA,NA,NA,NA,NA,0.652,0.942,0.652,70,101,101,NA,4369,13, 40,41.349, 65,26,0,20,0,15,0,14,0,81,0,69,0,0,0,0,0,13,9,8,8,NA,NA,NA,NA,NA,NA,NA,NA,NA,NA,NA,NA,NA,NA,NA,NA,NA,NA,NA,NA,NA,NA,NA,NA,NA,NA,NA,NA,NA,NA,NA,NA,NA,NA,NA,NA,NA,NA,NA,NA,NA,NA,NA,NA,NA,NA,NA,NA
ImmortalsOfAveum-Win64-Shipping.exe,NVIDIA GeForce RTX 4060 Ti,12th Gen Intel(R) Core(TM) i7-12700,3840x2160,D3D12,0,20336,0x0000000063F0AD60,0,0,Hardware Composed: Independent Flip,0,4558.454621,16.647,16.704,0.223,2.447,2.459,0.147,NA,2775,9001,63,51,NA,NA,NA,NA,NA,NA,0.594,0.858,0.594,70,101,101,NA,4369,13, 40,41.349, 65,26,0,20,0,15,0,14,0,81,0,69,0,0,0,0,0,13,9,8,8,NA,NA,NA,NA,NA,NA,NA,NA,NA,NA,NA,NA,NA,NA,NA,NA,NA,NA,NA,NA,NA,NA,NA,NA,NA,NA,NA,NA,NA,NA,NA,NA,NA,NA,NA,NA,NA,NA,NA,NA,NA,NA,NA,NA,NA,NA,NA,NA
ImmortalsOfAveum-Win64-Shipping.exe,NVIDIA GeForce RTX 4060 Ti,12th Gen Intel(R) Core(TM) i7-12700,3840x2160,D3D12,0,20336,0x0000000063F0AD60,0,0,Hardware Composed: Independent Flip,0,4558.472458,17.837,18.731,0.177,0.350,3.354,0.020,NA,2775,9001,63,51,NA,NA,NA,NA,NA,NA,0.554,0.801,0.554,70,101,101,NA,4369,13, 40,41.349, 65,26,0,20,0,15,0,14,0,81,0,69,0,0,0,0,0,13,9,8,8,NA,NA,NA,NA,NA,NA,NA,NA,NA,NA,NA,NA,NA,NA,NA,NA,NA,NA,NA,NA,NA,NA,NA,NA,NA,NA,NA,NA,NA,NA,NA,NA,NA,NA,NA,NA,NA,NA,NA,NA,NA,NA,NA,NA,NA,NA,NA,NA
ImmortalsOfAveum-Win64-Shipping.exe,NVIDIA GeForce RTX 4060 Ti,12th Gen Intel(R) Core(TM) i7-12700,3840x2160,D3D12,0,20336,0x0000000063F0AD60,0,0,Hardware Composed: Independent Flip,0,4558.489319,16.861,15.573,0.230,2.054,2.067,0.122,NA,2775,9001,63,51,NA,NA,NA,NA,NA,NA,0.587,0.847,0.587,70,101,101,NA,4369,13, 40,41.349, 65,26,0,20,0,15,0,14,0,81,0,69,0,0,0,0,0,13,9,8,8,NA,NA,NA,NA,NA,NA,NA,NA,NA,NA,NA,NA,NA,NA,NA,NA,NA,NA,NA,NA,NA,NA,NA,NA,NA,NA,NA,NA,NA,NA,NA,NA,NA,NA,NA,NA,NA,NA,NA,NA,NA,NA,NA,NA,NA,NA,NA,NA
ImmortalsOfAveum-Win64-Shipping.exe,NVIDIA GeForce RTX 4060 Ti,12th Gen Intel(R) Core(TM) i7-12700,3840x2160,D3D12,0,20336,0x0000000063F0AD60,0,0,Hardware Composed: Independent Flip,0,4558.505261,15.942,16.405,0.154,0.551,2.529,0.035,NA,2775,9001,63,51,NA,NA,NA,NA,NA,NA,0.620,0.896,0.620,70,101,101,NA,4369,13, 40,41.349, 65,26,0,20,0,15,0,14,0,81,0,69,0,0,0,0,0,13,9,8,8,NA,NA,NA,NA,NA,NA,NA,NA,NA,NA,NA,NA,NA,NA,NA,NA,NA,NA,NA,NA,NA,NA,NA,NA,NA,NA,NA,NA,NA,NA,NA,NA,NA,NA,NA,NA,NA,NA,NA,NA,NA,NA,NA,NA,NA,NA,NA,NA
ImmortalsOfAveum-Win64-Shipping.exe,NVIDIA GeForce RTX 4060 Ti,12th Gen Intel(R) Core(TM) i7-12700,3840x2160,D3D12,0,20336,0x0000000063F0AD60,0,0,Hardware Composed: Independent Flip,0,4558.522242,16.981,16.281,0.229,1.817,1.830,0.107,NA,2775,9001,63,51,NA,NA,NA,NA,NA,NA,0.582,0.841,0.582,70,101,101,NA,4369,13, 40,41.349, 65,26,0,20,0,15,0,14,0,81,0,69,0,0,0,0,0,13,9,8,8,NA,NA,NA,NA,NA,NA,NA,NA,NA,NA,NA,NA,NA,NA,NA,NA,NA,NA,NA,NA,NA,NA,NA,NA,NA,NA,NA,NA,NA,NA,NA,NA,NA,NA,NA,NA,NA,NA,NA,NA,NA,NA,NA,NA,NA,NA,NA,NA
ImmortalsOfAveum-Win64-Shipping.exe,NVIDIA GeForce RTX 4060 Ti,12th Gen Intel(R) Core(TM) i7-12700,3840x2160,D3D12,0,20336,0x0000000063F0AD60,0,0,Hardware Composed: Independent Flip,0,4558.539631,17.390,17.443,0.191,0.336,1.883,0.019,NA,2775,9001,63,51,NA,NA,NA,NA,NA,NA,0.569,0.821,0.569,70,101,101,NA,4369,13, 40,41.349, 65,26,0,20,0,15,0,14,0,81,0,69,0,0,0,0,0,13,9,8,8,NA,NA,NA,NA,NA,NA,NA,NA,NA,NA,NA,NA,NA,NA,NA,NA,NA,NA,NA,NA,NA,NA,NA,NA,NA,NA,NA,NA,NA,NA,NA,NA,NA,NA,NA,NA,NA,NA,NA,NA,NA,NA,NA,NA,NA,NA,NA,NA
ImmortalsOfAveum-Win64-Shipping.exe,NVIDIA GeForce RTX 4060 Ti,12th Gen Intel(R) Core(TM) i7-12700,3840x2160,D3D12,0,20336,0x0000000063F0AD60,0,0,Hardware Composed: Independent Flip,0,4558.556609,16.977,16.858,0.252,1.750,1.764,0.103,NA,2775,9001,63,51,NA,NA,NA,NA,NA,NA,0.582,0.841,0.582,70,101,101,NA,4369,13, 40,41.349, 65,26,0,20,0,15,0,14,0,81,0,69,0,0,0,0,0,13,9,8,8,NA,NA,NA,NA,NA,NA,NA,NA,NA,NA,NA,NA,NA,NA,NA,NA,NA,NA,NA,NA,NA,NA,NA,NA,NA,NA,NA,NA,NA,NA,NA,NA,NA,NA,NA,NA,NA,NA,NA,NA,NA,NA,NA,NA,NA,NA,NA,NA
ImmortalsOfAveum-Win64-Shipping.exe,NVIDIA GeForce RTX 4060 Ti,12th Gen Intel(R) Core(TM) i7-12700,3840x2160,D3D12,0,20336,0x0000000063F0AD60,0,0,Hardware Composed: Independent Flip,0,4558.571036,14.428,14.171,0.140,0.549,1.506,0.038,NA,2775,9001,63,51,NA,NA,NA,NA,NA,NA,0.685,0.990,0.685,70,101,101,NA,4369,13, 40,41.349, 65,26,0,20,0,15,0,14,0,81,0,69,0,0,0,0,0,13,9,8,8,NA,NA,NA,NA,NA,NA,NA,NA,NA,NA,NA,NA,NA,NA,NA,NA,NA,NA,NA,NA,NA,NA,NA,NA,NA,NA,NA,NA,NA,NA,NA,NA,NA,NA,NA,NA,NA,NA,NA,NA,NA,NA,NA,NA,NA,NA,NA,NA
ImmortalsOfAveum-Win64-Shipping.exe,NVIDIA GeForce RTX 4060 Ti,12th Gen Intel(R) Core(TM) i7-12700,3840x2160,D3D12,0,20336,0x0000000063F0AD60,0,0,Hardware Composed: Independent Flip,0,4558.587754,16.718,17.098,0.237,1.873,1.887,0.112,NA,2775,9001,63,51,NA,NA,NA,NA,NA,NA,0.592,0.855,0.592,70,101,101,NA,4369,13, 40,41.349, 65,26,0,20,0,15,0,14,0,81,0,69,0,0,0,0,0,13,9,8,8,NA,NA,NA,NA,NA,NA,NA,NA,NA,NA,NA,NA,NA,NA,NA,NA,NA,NA,NA,NA,NA,NA,NA,NA,NA,NA,NA,NA,NA,NA,NA,NA,NA,NA,NA,NA,NA,NA,NA,NA,NA,NA,NA,NA,NA,NA,NA,NA
ImmortalsOfAveum-Win64-Shipping.exe,NVIDIA GeForce RTX 4060 Ti,12th Gen Intel(R) Core(TM) i7-12700,3840x2160,D3D12,0,20336,0x0000000063F0AD60,0,0,Hardware Composed: Independent Flip,0,4558.605047,17.293,18.062,0.158,0.352,2.657,0.020,NA,2775,9001,63,51,NA,NA,NA,NA,NA,NA,0.572,0.826,0.572,70,101,101,NA,4369,13, 40,41.349, 65,26,0,20,0,15,0,14,0,81,0,69,0,0,0,0,0,13,9,8,8,NA,NA,NA,NA,NA,NA,NA,NA,NA,NA,NA,NA,NA,NA,NA,NA,NA,NA,NA,NA,NA,NA,NA,NA,NA,NA,NA,NA,NA,NA,NA,NA,NA,NA,NA,NA,NA,NA,NA,NA,NA,NA,NA,NA,NA,NA,NA,NA
ImmortalsOfAveum-Win64-Shipping.exe,NVIDIA GeForce RTX 4060 Ti,12th Gen Intel(R) Core(TM) i7-12700,3840x2160,D3D12,0,20336,0x0000000063F0AD60,0,0,Hardware Composed: Independent Flip,0,4558.621660,16.613,15.669,0.221,1.656,1.712,0.100,NA,2775,9001,63,51,NA,NA,NA,NA,NA,NA,0.595,0.860,0.595,70,101,101,NA,4369,13, 40,41.349, 65,26,0,20,0,15,0,14,0,81,0,69,0,0,0,0,0,13,9,8,8,NA,NA,NA,NA,NA,NA,NA,NA,NA,NA,NA,NA,NA,NA,NA,NA,NA,NA,NA,NA,NA,NA,NA,NA,NA,NA,NA,NA,NA,NA,NA,NA,NA,NA,NA,NA,NA,NA,NA,NA,NA,NA,NA,NA,NA,NA,NA,NA
ImmortalsOfAveum-Win64-Shipping.exe,NVIDIA GeForce RTX 4060 Ti,12th Gen Intel(R) Core(TM) i7-12700,3840x2160,D3D12,0,20336,0x0000000063F0AD60,0,0,Hardware Composed: Independent Flip,0,4558.638763,17.103,17.538,0.159,0.347,2.147,0.020,NA,2775,9001,63,51,NA,NA,NA,NA,NA,NA,0.578,0.835,0.578,70,101,101,NA,4369,13, 40,42.572, 65,26,0,20,0,15,0,14,0,81,0,69,0,0,0,0,0,13,9,8,8,NA,NA,NA,NA,NA,NA,NA,NA,NA,NA,NA,NA,NA,NA,NA,NA,NA,NA,NA,NA,NA,NA,NA,NA,NA,NA,NA,NA,NA,NA,NA,NA,NA,NA,NA,NA,NA,NA,NA,NA,NA,NA,NA,NA,NA,NA,NA,NA
ImmortalsOfAveum-Win64-Shipping.exe,NVIDIA GeForce RTX 4060 Ti,12th Gen Intel(R) Core(TM) i7-12700,3840x2160,D3D12,0,20336,0x0000000063F0AD60,0,0,Hardware Composed: Independent Flip,0,4558.655925,17.162,17.087,0.197,2.059,2.072,0.120,NA,2775,9001,63,51,NA,NA,NA,NA,NA,NA,0.576,0.832,0.576,70,101,101,NA,4369,13, 40,42.572, 65,26,0,20,0,15,0,14,0,81,0,69,0,0,0,0,0,13,9,8,8,NA,NA,NA,NA,NA,NA,NA,NA,NA,NA,NA,NA,NA,NA,NA,NA,NA,NA,NA,NA,NA,NA,NA,NA,NA,NA,NA,NA,NA,NA,NA,NA,NA,NA,NA,NA,NA,NA,NA,NA,NA,NA,NA,NA,NA,NA,NA,NA
ImmortalsOfAveum-Win64-Shipping.exe,NVIDIA GeForce RTX 4060 Ti,12th Gen Intel(R) Core(TM) i7-12700,3840x2160,D3D12,0,20336,0x0000000063F0AD60,0,0,Hardware Composed: Independent Flip,0,4558.670873,14.948,14.279,0.155,0.544,1.403,0.036,NA,2775,9001,63,51,NA,NA,NA,NA,NA,NA,0.662,0.956,0.662,70,101,101,NA,4369,13, 40,42.572, 65,26,0,20,0,15,0,14,0,81,0,69,0,0,0,0,0,13,9,8,8,NA,NA,NA,NA,NA,NA,NA,NA,NA,NA,NA,NA,NA,NA,NA,NA,NA,NA,NA,NA,NA,NA,NA,NA,NA,NA,NA,NA,NA,NA,NA,NA,NA,NA,NA,NA,NA,NA,NA,NA,NA,NA,NA,NA,NA,NA,NA,NA
ImmortalsOfAveum-Win64-Shipping.exe,NVIDIA GeForce RTX 4060 Ti,12th Gen Intel(R) Core(TM) i7-12700,3840x2160,D3D12,0,20336,0x0000000063F0AD60,0,0,Hardware Composed: Independent Flip,0,4558.687488,16.615,17.441,0.210,2.168,2.229,0.131,NA,2775,9001,62,51,NA,NA,NA,NA,NA,NA,0.598,0.864,0.598,69,100,100,NA,4370,15, 40,42.572, 65,31,1,20,1,15,1,10,1,73,1,78,1,1,1,1,1,16,13,11,12,NA,NA,NA,NA,NA,NA,NA,NA,NA,NA,NA,NA,NA,NA,NA,NA,NA,NA,NA,NA,NA,NA,NA,NA,NA,NA,NA,NA,NA,NA,NA,NA,NA,NA,NA,NA,NA,NA,NA,NA,NA,NA,NA,NA,NA,NA,NA,NA
ImmortalsOfAveum-Win64-Shipping.exe,NVIDIA GeForce RTX 4060 Ti,12th Gen Intel(R) Core(TM) i7-12700,3840x2160,D3D12,0,20336,0x0000000063F0AD60,0,0,Hardware Composed: Independent Flip,0,4558.705031,17.543,17.916,0.167,0.349,2.603,0.020,NA,2775,9001,62,51,NA,NA,NA,NA,NA,NA,0.567,0.819,0.567,69,100,100,NA,4370,15, 40,42.572, 65,31,1,20,1,15,1,10,1,73,1,78,1,1,1,1,1,16,13,11,12,NA,NA,NA,NA,NA,NA,NA,NA,NA,NA,NA,NA,NA,NA,NA,NA,NA,NA,NA,NA,NA,NA,NA,NA,NA,NA,NA,NA,NA,NA,NA,NA,NA,NA,NA,NA,NA,NA,NA,NA,NA,NA,NA,NA,NA,NA,NA,NA
ImmortalsOfAveum-Win64-Shipping.exe,NVIDIA GeForce RTX 4060 Ti,12th Gen Intel(R) Core(TM) i7-12700,3840x2160,D3D12,0,20336,0x0000000063F0AD60,0,0,Hardware Composed: Independent Flip,0,4558.721849,16.817,16.632,0.197,2.405,2.417,0.143,NA,2775,9001,62,51,NA,NA,NA,NA,NA,NA,0.591,0.854,0.591,69,100,100,NA,4370,15, 40,42.572, 65,31,1,20,1,15,1,10,1,73,1,78,1,1,1,1,1,16,13,11,12,NA,NA,NA,NA,NA,NA,NA,NA,NA,NA,NA,NA,NA,NA,NA,NA,NA,NA,NA,NA,NA,NA,NA,NA,NA,NA,NA,NA,NA,NA,NA,NA,NA,NA,NA,NA,NA,NA,NA,NA,NA,NA,NA,NA,NA,NA,NA,NA
ImmortalsOfAveum-Win64-Shipping.exe,NVIDIA GeForce RTX 4060 Ti,12th Gen Intel(R) Core(TM) i7-12700,3840x2160,D3D12,0,20336,0x0000000063F0AD60,0,0,Hardware Composed: Independent Flip,0,4558.738818,16.969,16.911,0.170,0.354,2.359,0.021,NA,2775,9001,62,51,NA,NA,NA,NA,NA,NA,0.586,0.846,0.586,69,100,100,NA,4370,15, 40,42.572, 65,31,1,20,1,15,1,10,1,73,1,78,1,1,1,1,1,16,13,11,12,NA,NA,NA,NA,NA,NA,NA,NA,NA,NA,NA,NA,NA,NA,NA,NA,NA,NA,NA,NA,NA,NA,NA,NA,NA,NA,NA,NA,NA,NA,NA,NA,NA,NA,NA,NA,NA,NA,NA,NA,NA,NA,NA,NA,NA,NA,NA,NA
ImmortalsOfAveum-Win64-Shipping.exe,NVIDIA GeForce RTX 4060 Ti,12th Gen Intel(R) Core(TM) i7-12700,3840x2160,D3D12,0,20336,0x0000000063F0AD60,0,0,Hardware Composed: Independent Flip,0,4558.756068,17.250,17.278,0.242,2.326,2.387,0.135,NA,2775,9001,62,51,NA,NA,NA,NA,NA,NA,0.576,0.833,0.576,69,100,100,NA,4370,15, 40,42.572, 65,31,1,20,1,15,1,10,1,73,1,78,1,1,1,1,1,16,13,11,12,NA,NA,NA,NA,NA,NA,NA,NA,NA,NA,NA,NA,NA,NA,NA,NA,NA,NA,NA,NA,NA,NA,NA,NA,NA,NA,NA,NA,NA,NA,NA,NA,NA,NA,NA,NA,NA,NA,NA,NA,NA,NA,NA,NA,NA,NA,NA,NA
ImmortalsOfAveum-Win64-Shipping.exe,NVIDIA GeForce RTX 4060 Ti,12th Gen Intel(R) Core(TM) i7-12700,3840x2160,D3D12,0,20336,0x0000000063F0AD60,0,0,Hardware Composed: Independent Flip,0,4558.771829,15.762,15.586,0.153,0.360,2.212,0.023,NA,2775,9001,62,51,NA,NA,NA,NA,NA,NA,0.631,0.911,0.631,69,100,100,NA,4370,15, 40,42.572, 65,31,1,20,1,15,1,10,1,73,1,78,1,1,1,1,1,16,13,11,12,NA,NA,NA,NA,NA,NA,NA,NA,NA,NA,NA,NA,NA,NA,NA,NA,NA,NA,NA,NA,NA,NA,NA,NA,NA,NA,NA,NA,NA,NA,NA,NA,NA,NA,NA,NA,NA,NA,NA,NA,NA,NA,NA,NA,NA,NA,NA,NA
ImmortalsOfAveum-Win64-Shipping.exe,NVIDIA GeForce RTX 4060 Ti,12th Gen Intel(R) Core(TM) i7-12700,3840x2160,D3D12,0,20336,0x0000000063F0AD60,0,0,Hardware Composed: Independent Flip,0,4558.788641,16.812,16.259,0.199,1.646,1.659,0.098,NA,2775,9001,62,51,NA,NA,NA,NA,NA,NA,0.591,0.854,0.591,69,100,100,NA,4370,15, 40,42.572, 65,31,1,20,1,15,1,10,1,73,1,78,1,1,1,1,1,16,13,11,12,NA,NA,NA,NA,NA,NA,NA,NA,NA,NA,NA,NA,NA,NA,NA,NA,NA,NA,NA,NA,NA,NA,NA,NA,NA,NA,NA,NA,NA,NA,NA,NA,NA,NA,NA,NA,NA,NA,NA,NA,NA,NA,NA,NA,NA,NA,NA,NA
ImmortalsOfAveum-Win64-Shipping.exe,NVIDIA GeForce RTX 4060 Ti,12th Gen Intel(R) Core(TM) i7-12700,3840x2160,D3D12,0,20336,0x0000000063F0AD60,0,0,Hardware Composed: Independent Flip,0,4558.805745,17.104,18.494,0.164,0.353,3.049,0.021,NA,2775,9001,62,51,NA,NA,NA,NA,NA,NA,0.581,0.840,0.581,69,100,100,NA,4370,15, 40,42.572, 65,31,1,20,1,15,1,10,1,73,1,78,1,1,1,1,1,16,13,11,12,NA,NA,NA,NA,NA,NA,NA,NA,NA,NA,NA,NA,NA,NA,NA,NA,NA,NA,NA,NA,NA,NA,NA,NA,NA,NA,NA,NA,NA,NA,NA,NA,NA,NA,NA,NA,NA,NA,NA,NA,NA,NA,NA,NA,NA,NA,NA,NA
ImmortalsOfAveum-Win64-Shipping.exe,NVIDIA GeForce RTX 4060 Ti,12th Gen Intel(R) Core(TM) i7-12700,3840x2160,D3D12,0,20336,0x0000000063F0AD60,0,0,Hardware Composed: Independent Flip,0,4558.822643,16.897,16.140,0.226,2.235,2.292,0.132,NA,2775,9001,62,51,NA,NA,NA,NA,NA,NA,0.588,0.850,0.588,69,100,100,NA,4370,15, 40,42.572, 65,31,1,20,1,15,1,10,1,73,1,78,1,1,1,1,1,16,13,11,12,NA,NA,NA,NA,NA,NA,NA,NA,NA,NA,NA,NA,NA,NA,NA,NA,NA,NA,NA,NA,NA,NA,NA,NA,NA,NA,NA,NA,NA,NA,NA,NA,NA,NA,NA,NA,NA,NA,NA,NA,NA,NA,NA,NA,NA,NA,NA,NA
ImmortalsOfAveum-Win64-Shipping.exe,NVIDIA GeForce RTX 4060 Ti,12th Gen Intel(R) Core(TM) i7-12700,3840x2160,D3D12,0,20336,0x0000000063F0AD60,0,0,Hardware Composed: Independent Flip,0,4558.837960,15.317,15.030,0.141,0.441,2.005,0.029,NA,2775,9001,62,51,NA,NA,NA,NA,NA,NA,0.649,0.938,0.649,69,100,100,NA,4370,15, 41,42.699, 65,31,1,20,1,15,1,10,1,73,1,78,1,1,1,1,1,16,13,11,12,NA,NA,NA,NA,NA,NA,NA,NA,NA,NA,NA,NA,NA,NA,NA,NA,NA,NA,NA,NA,NA,NA,NA,NA,NA,NA,NA,NA,NA,NA,NA,NA,NA,NA,NA,NA,NA,NA,NA,NA,NA,NA,NA,NA,NA,NA,NA,NA
ImmortalsOfAveum-Win64-Shipping.exe,NVIDIA GeForce RTX 4060 Ti,12th Gen Intel(R) Core(TM) i7-12700,3840x2160,D3D12,0,20336,0x0000000063F0AD60,0,0,Hardware Composed: Independent Flip,0,4558.854670,16.710,16.434,0.179,1.668,1.728,0.100,NA,2775,9001,62,51,NA,NA,NA,NA,NA,NA,0.595,0.859,0.595,69,100,100,NA,4370,15, 41,42.699, 65,31,1,20,1,15,1,10,1,73,1,78,1,1,1,1,1,16,13,11,12,NA,NA,NA,NA,NA,NA,NA,NA,NA,NA,NA,NA,NA,NA,NA,NA,NA,NA,NA,NA,NA,NA,NA,NA,NA,NA,NA,NA,NA,NA,NA,NA,NA,NA,NA,NA,NA,NA,NA,NA,NA,NA,NA,NA,NA,NA,NA,NA
ImmortalsOfAveum-Win64-Shipping.exe,NVIDIA GeForce RTX 4060 Ti,12th Gen Intel(R) Core(TM) i7-12700,3840x2160,D3D12,0,20336,0x0000000063F0AD60,0,0,Hardware Composed: Independent Flip,0,4558.871742,17.072,17.800,0.159,0.346,2.457,0.020,NA,2775,9001,62,51,NA,NA,NA,NA,NA,NA,0.582,0.841,0.582,69,100,100,NA,4370,15, 41,42.699, 65,31,1,20,1,15,1,10,1,73,1,78,1,1,1,1,1,16,13,11,12,NA,NA,NA,NA,NA,NA,NA,NA,NA,NA,NA,NA,NA,NA,NA,NA,NA,NA,NA,NA,NA,NA,NA,NA,NA,NA,NA,NA,NA,NA,NA,NA,NA,NA,NA,NA,NA,NA,NA,NA,NA,NA,NA,NA,NA,NA,NA,NA
ImmortalsOfAveum-Win64-Shipping.exe,NVIDIA GeForce RTX 4060 Ti,12th Gen Intel(R) Core(TM) i7-12700,3840x2160,D3D12,0,20336,0x0000000063F0AD60,0,0,Hardware Composed: Independent Flip,0,4558.888394,16.651,15.876,0.212,1.622,1.681,0.097,NA,2775,9001,62,51,NA,NA,NA,NA,NA,NA,0.597,0.862,0.597,69,100,100,NA,4370,15, 41,42.699, 65,31,1,20,1,15,1,10,1,73,1,78,1,1,1,1,1,16,13,11,12,NA,NA,NA,NA,NA,NA,NA,NA,NA,NA,NA,NA,NA,NA,NA,NA,NA,NA,NA,NA,NA,NA,NA,NA,NA,NA,NA,NA,NA,NA,NA,NA,NA,NA,NA,NA,NA,NA,NA,NA,NA,NA,NA,NA,NA,NA,NA,NA
ImmortalsOfAveum-Win64-Shipping.exe,NVIDIA GeForce RTX 4060 Ti,12th Gen Intel(R) Core(TM) i7-12700,3840x2160,D3D12,0,20336,0x0000000063F0AD60,0,0,Hardware Composed: Independent Flip,0,4558.905484,17.091,17.183,0.152,0.354,1.774,0.021,NA,2775,9001,62,51,NA,NA,NA,NA,NA,NA,0.582,0.840,0.582,69,100,100,NA,4370,15, 41,42.699, 65,31,1,20,1,15,1,10,1,73,1,78,1,1,1,1,1,16,13,11,12,NA,NA,NA,NA,NA,NA,NA,NA,NA,NA,NA,NA,NA,NA,NA,NA,NA,NA,NA,NA,NA,NA,NA,NA,NA,NA,NA,NA,NA,NA,NA,NA,NA,NA,NA,NA,NA,NA,NA,NA,NA,NA,NA,NA,NA,NA,NA,NA
ImmortalsOfAveum-Win64-Shipping.exe,NVIDIA GeForce RTX 4060 Ti,12th Gen Intel(R) Core(TM) i7-12700,3840x2160,D3D12,0,20336,0x0000000063F0AD60,0,0,Hardware Composed: Independent Flip,0,4558.922537,17.053,17.650,0.257,2.357,2.371,0.138,NA,2775,9001,62,51,NA,NA,NA,NA,NA,NA,0.583,0.842,0.583,69,100,100,NA,4370,15, 41,42.699, 65,31,1,20,1,15,1,10,1,73,1,78,1,1,1,1,1,16,13,11,12,NA,NA,NA,NA,NA,NA,NA,NA,NA,NA,NA,NA,NA,NA,NA,NA,NA,NA,NA,NA,NA,NA,NA,NA,NA,NA,NA,NA,NA,NA,NA,NA,NA,NA,NA,NA,NA,NA,NA,NA,NA,NA,NA,NA,NA,NA,NA,NA
ImmortalsOfAveum-Win64-Shipping.exe,NVIDIA GeForce RTX 4060 Ti,12th Gen Intel(R) Core(TM) i7-12700,3840x2160,D3D12,0,20336,0x0000000063F0AD60,0,0,Hardware Composed: Independent Flip,0,4558.937626,15.089,14.007,0.155,0.537,1.289,0.036,NA,2775,9001,62,51,NA,NA,NA,NA,NA,NA,0.659,0.952,0.659,69,100,100,NA,4370,15, 41,42.699, 65,31,1,20,1,15,1,10,1,73,1,78,1,1,1,1,1,16,13,11,12,NA,NA,NA,NA,NA,NA,NA,NA,NA,NA,NA,NA,NA,NA,NA,NA,NA,NA,NA,NA,NA,NA,NA,NA,NA,NA,NA,NA,NA,NA,NA,NA,NA,NA,NA,NA,NA,NA,NA,NA,NA,NA,NA,NA,NA,NA,NA,NA
ImmortalsOfAveum-Win64-Shipping.exe,NVIDIA GeForce RTX 4060 Ti,12th Gen Intel(R) Core(TM) i7-12700,3840x2160,D3D12,0,20336,0x0000000063F0AD60,0,0,Hardware Composed: Independent Flip,0,4558.954235,16.609,17.680,0.224,2.301,2.360,0.139,NA,2775,9001,62,51,NA,NA,NA,NA,NA,NA,0.598,0.865,0.598,69,100,100,NA,4370,15, 41,42.699, 65,31,1,20,1,15,1,10,1,73,1,78,1,1,1,1,1,16,13,11,12,NA,NA,NA,NA,NA,NA,NA,NA,NA,NA,NA,NA,NA,NA,NA,NA,NA,NA,NA,NA,NA,NA,NA,NA,NA,NA,NA,NA,NA,NA,NA,NA,NA,NA,NA,NA,NA,NA,NA,NA,NA,NA,NA,NA,NA,NA,NA,NA
ImmortalsOfAveum-Win64-Shipping.exe,NVIDIA GeForce RTX 4060 Ti,12th Gen Intel(R) Core(TM) i7-12700,3840x2160,D3D12,0,20336,0x0000000063F0AD60,0,0,Hardware Composed: Independent Flip,0,4558.971978,17.742,18.292,0.154,0.345,2.909,0.019,NA,2775,9001,62,51,NA,NA,NA,NA,NA,NA,0.560,0.809,0.560,69,100,100,NA,4370,15, 41,42.699, 65,31,1,20,1,15,1,10,1,73,1,78,1,1,1,1,1,16,13,11,12,NA,NA,NA,NA,NA,NA,NA,NA,NA,NA,NA,NA,NA,NA,NA,NA,NA,NA,NA,NA,NA,NA,NA,NA,NA,NA,NA,NA,NA,NA,NA,NA,NA,NA,NA,NA,NA,NA,NA,NA,NA,NA,NA,NA,NA,NA,NA,NA
ImmortalsOfAveum-Win64-Shipping.exe,NVIDIA GeForce RTX 4060 Ti,12th Gen Intel(R) Core(TM) i7-12700,3840x2160,D3D12,0,20336,0x0000000063F0AD60,0,0,Hardware Composed: Independent Flip,0,4558.988860,16.882,16.603,0.237,2.569,2.630,0.152,NA,2775,9001,62,51,NA,NA,NA,NA,NA,NA,0.589,0.851,0.589,69,100,100,NA,4370,15, 41,42.699, 65,31,1,20,1,15,1,10,1,73,1,78,1,1,1,1,1,16,13,11,12,NA,NA,NA,NA,NA,NA,NA,NA,NA,NA,NA,NA,NA,NA,NA,NA,NA,NA,NA,NA,NA,NA,NA,NA,NA,NA,NA,NA,NA,NA,NA,NA,NA,NA,NA,NA,NA,NA,NA,NA,NA,NA,NA,NA,NA,NA,NA,NA
ImmortalsOfAveum-Win64-Shipping.exe,NVIDIA GeForce RTX 4060 Ti,12th Gen Intel(R) Core(TM) i7-12700,3840x2160,D3D12,0,20336,0x0000000063F0AD60,0,0,Hardware Composed: Independent Flip,0,4559.005269,16.409,16.539,0.173,0.504,2.760,0.031,NA,2775,9001,62,51,NA,NA,NA,NA,NA,NA,0.606,0.875,0.606,69,100,100,NA,4370,15, 41,42.699, 65,31,1,20,1,15,1,10,1,73,1,78,1,1,1,1,1,16,13,11,12,NA,NA,NA,NA,NA,NA,NA,NA,NA,NA,NA,NA,NA,NA,NA,NA,NA,NA,NA,NA,NA,NA,NA,NA,NA,NA,NA,NA,NA,NA,NA,NA,NA,NA,NA,NA,NA,NA,NA,NA,NA,NA,NA,NA,NA,NA,NA,NA
ImmortalsOfAveum-Win64-Shipping.exe,NVIDIA GeForce RTX 4060 Ti,12th Gen Intel(R) Core(TM) i7-12700,3840x2160,D3D12,0,20336,0x0000000063F0AD60,0,0,Hardware Composed: Independent Flip,0,4559.022403,17.135,16.854,0.249,2.420,2.479,0.141,NA,2775,9001,62,51,NA,NA,NA,NA,NA,NA,0.580,0.838,0.580,69,100,100,NA,4370,15, 41,42.699, 65,31,1,20,1,15,1,10,1,73,1,78,1,1,1,1,1,16,13,11,12,NA,NA,NA,NA,NA,NA,NA,NA,NA,NA,NA,NA,NA,NA,NA,NA,NA,NA,NA,NA,NA,NA,NA,NA,NA,NA,NA,NA,NA,NA,NA,NA,NA,NA,NA,NA,NA,NA,NA,NA,NA,NA,NA,NA,NA,NA,NA,NA
ImmortalsOfAveum-Win64-Shipping.exe,NVIDIA GeForce RTX 4060 Ti,12th Gen Intel(R) Core(TM) i7-12700,3840x2160,D3D12,0,20336,0x0000000063F0AD60,0,0,Hardware Composed: Independent Flip,0,4559.037726,15.323,16.220,0.163,0.538,3.376,0.035,NA,2775,9001,62,51,NA,NA,NA,NA,NA,NA,0.649,0.937,0.649,69,100,100,NA,4370,15, 41,42.514, 65,31,1,20,1,15,1,10,1,73,1,78,1,1,1,1,1,16,13,11,12,NA,NA,NA,NA,NA,NA,NA,NA,NA,NA,NA,NA,NA,NA,NA,NA,NA,NA,NA,NA,NA,NA,NA,NA,NA,NA,NA,NA,NA,NA,NA,NA,NA,NA,NA,NA,NA,NA,NA,NA,NA,NA,NA,NA,NA,NA,NA,NA
ImmortalsOfAveum-Win64-Shipping.exe,NVIDIA GeForce RTX 4060 Ti,12th Gen Intel(R) Core(TM) i7-12700,3840x2160,D3D12,0,20336,0x0000000063F0AD60,0,0,Hardware Composed: Independent Flip,0,4559.054414,16.688,15.153,0.242,1.779,1.841,0.107,NA,2775,9001,62,51,NA,NA,NA,NA,NA,NA,0.596,0.861,0.596,69,100,100,NA,4370,15, 41,42.514, 65,31,1,20,1,15,1,10,1,73,1,78,1,1,1,1,1,16,13,11,12,NA,NA,NA,NA,NA,NA,NA,NA,NA,NA,NA,NA,NA,NA,NA,NA,NA,NA,NA,NA,NA,NA,NA,NA,NA,NA,NA,NA,NA,NA,NA,NA,NA,NA,NA,NA,NA,NA,NA,NA,NA,NA,NA,NA,NA,NA,NA,NA
ImmortalsOfAveum-Win64-Shipping.exe,NVIDIA GeForce RTX 4060 Ti,12th Gen Intel(R) Core(TM) i7-12700,3840x2160,D3D12,0,20336,0x0000000063F0AD60,0,0,Hardware Composed: Independent Flip,0,4559.071642,17.229,18.320,0.208,0.346,2.933,0.020,NA,2775,9001,62,51,NA,NA,NA,NA,NA,NA,0.577,0.834,0.577,69,100,100,NA,4370,15, 41,42.514, 65,31,1,20,1,15,1,10,1,73,1,78,1,1,1,1,1,16,13,11,12,NA,NA,NA,NA,NA,NA,NA,NA,NA,NA,NA,NA,NA,NA,NA,NA,NA,NA,NA,NA,NA,NA,NA,NA,NA,NA,NA,NA,NA,NA,NA,NA,NA,NA,NA,NA,NA,NA,NA,NA,NA,NA,NA,NA,NA,NA,NA,NA
ImmortalsOfAveum-Win64-Shipping.exe,NVIDIA GeForce RTX 4060 Ti,12th Gen Intel(R) Core(TM) i7-12700,3840x2160,D3D12,0,20336,0x0000000063F0AD60,0,0,Hardware Composed: Independent Flip,0,4559.088668,17.026,14.771,0.393,0.651,0.678,0.038,NA,2775,9001,62,51,NA,NA,NA,NA,NA,NA,0.584,0.844,0.584,69,100,100,NA,4370,15, 41,42.514, 65,31,1,20,1,15,1,10,1,73,1,78,1,1,1,1,1,16,13,11,12,NA,NA,NA,NA,NA,NA,NA,NA,NA,NA,NA,NA,NA,NA,NA,NA,NA,NA,NA,NA,NA,NA,NA,NA,NA,NA,NA,NA,NA,NA,NA,NA,NA,NA,NA,NA,NA,NA,NA,NA,NA,NA,NA,NA,NA,NA,NA,NA
ImmortalsOfAveum-Win64-Shipping.exe,NVIDIA GeForce RTX 4060 Ti,12th Gen Intel(R) Core(TM) i7-12700,3840x2160,D3D12,0,20336,0x0000000063F0AD60,0,0,Hardware Composed: Independent Flip,1,4559.116799,28.131,0.000,0.244,0.364,0.000,0.013,NA,2775,9001,62,51,NA,NA,NA,NA,NA,NA,0.353,0.511,0.353,69,100,100,NA,4370,15, 41,42.514, 65,31,1,20,1,15,1,10,1,73,1,78,1,1,1,1,1,16,13,11,12,NA,NA,NA,NA,NA,NA,NA,NA,NA,NA,NA,NA,NA,NA,NA,NA,NA,NA,NA,NA,NA,NA,NA,NA,NA,NA,NA,NA,NA,NA,NA,NA,NA,NA,NA,NA,NA,NA,NA,NA,NA,NA,NA,NA,NA,NA,NA,NA
ImmortalsOfAveum-Win64-Shipping.exe,NVIDIA GeForce RTX 4060 Ti,12th Gen Intel(R) Core(TM) i7-12700,3840x2160,D3D12,0,20336,0x0000000063F0AD60,0,0,Hardware Composed: Independent Flip,1,4559.136652,19.853,0.000,0.219,1.625,0.000,0.082,NA,2775,9001,62,51,NA,NA,NA,NA,NA,NA,0.501,0.723,0.501,69,100,100,NA,4370,15, 41,42.514, 65,31,1,20,1,15,1,10,1,73,1,78,1,1,1,1,1,16,13,11,12,NA,NA,NA,NA,NA,NA,NA,NA,NA,NA,NA,NA,NA,NA,NA,NA,NA,NA,NA,NA,NA,NA,NA,NA,NA,NA,NA,NA,NA,NA,NA,NA,NA,NA,NA,NA,NA,NA,NA,NA,NA,NA,NA,NA,NA,NA,NA,NA
ImmortalsOfAveum-Win64-Shipping.exe,NVIDIA GeForce RTX 4060 Ti,12th Gen Intel(R) Core(TM) i7-12700,3840x2160,D3D12,0,20336,0x0000000063F0AD60,0,0,Hardware Composed: Independent Flip,1,4559.138392,1.740,0.000,0.113,0.293,0.000,0.168,NA,2775,9001,62,51,NA,NA,NA,NA,NA,NA,5.712,8.255,5.712,69,100,100,NA,4370,15, 41,42.514, 65,31,1,20,1,15,1,10,1,73,1,78,1,1,1,1,1,16,13,11,12,NA,NA,NA,NA,NA,NA,NA,NA,NA,NA,NA,NA,NA,NA,NA,NA,NA,NA,NA,NA,NA,NA,NA,NA,NA,NA,NA,NA,NA,NA,NA,NA,NA,NA,NA,NA,NA,NA,NA,NA,NA,NA,NA,NA,NA,NA,NA,NA
ImmortalsOfAveum-Win64-Shipping.exe,NVIDIA GeForce RTX 4060 Ti,12th Gen Intel(R) Core(TM) i7-12700,3840x2160,D3D12,0,20336,0x0000000063F0AD60,0,0,Hardware Composed: Independent Flip,0,4559.155200,16.808,68.106,0.231,2.203,2.252,0.131,NA,2775,9001,62,51,NA,NA,NA,NA,NA,NA,0.591,0.854,0.591,69,100,100,NA,4370,15, 41,42.514, 65,31,1,20,1,15,1,10,1,73,1,78,1,1,1,1,1,16,13,11,12,NA,NA,NA,NA,NA,NA,NA,NA,NA,NA,NA,NA,NA,NA,NA,NA,NA,NA,NA,NA,NA,NA,NA,NA,NA,NA,NA,NA,NA,NA,NA,NA,NA,NA,NA,NA,NA,NA,NA,NA,NA,NA,NA,NA,NA,NA,NA,NA
ImmortalsOfAveum-Win64-Shipping.exe,NVIDIA GeForce RTX 4060 Ti,12th Gen Intel(R) Core(TM) i7-12700,3840x2160,D3D12,0,20336,0x0000000063F0AD60,0,0,Hardware Composed: Independent Flip,0,4559.171596,16.396,17.526,0.169,0.353,3.383,0.022,NA,2775,9001,62,51,NA,NA,NA,NA,NA,NA,0.606,0.876,0.606,69,100,100,NA,4370,15, 41,42.514, 65,31,1,20,1,15,1,10,1,73,1,78,1,1,1,1,1,16,13,11,12,NA,NA,NA,NA,NA,NA,NA,NA,NA,NA,NA,NA,NA,NA,NA,NA,NA,NA,NA,NA,NA,NA,NA,NA,NA,NA,NA,NA,NA,NA,NA,NA,NA,NA,NA,NA,NA,NA,NA,NA,NA,NA,NA,NA,NA,NA,NA,NA
ImmortalsOfAveum-Win64-Shipping.exe,NVIDIA GeForce RTX 4060 Ti,12th Gen Intel(R) Core(TM) i7-12700,3840x2160,D3D12,0,20336,0x0000000063F0AD60,0,0,Hardware Composed: Independent Flip,0,4559.185596,14.000,11.060,0.242,0.379,0.442,0.027,NA,2775,9001,62,51,NA,NA,NA,NA,NA,NA,0.710,1.026,0.710,69,100,100,NA,4370,15, 41,42.514, 65,31,1,20,1,15,1,10,1,73,1,78,1,1,1,1,1,16,13,11,12,NA,NA,NA,NA,NA,NA,NA,NA,NA,NA,NA,NA,NA,NA,NA,NA,NA,NA,NA,NA,NA,NA,NA,NA,NA,NA,NA,NA,NA,NA,NA,NA,NA,NA,NA,NA,NA,NA,NA,NA,NA,NA,NA,NA,NA,NA,NA,NA
ImmortalsOfAveum-Win64-Shipping.exe,NVIDIA GeForce RTX 4060 Ti,12th Gen Intel(R) Core(TM) i7-12700,3840x2160,D3D12,0,20336,0x0000000063F0AD60,0,0,Hardware Composed: Independent Flip,0,4559.207049,21.453,21.454,0.187,0.356,0.443,0.017,NA,2775,9001,62,51,NA,NA,NA,NA,NA,NA,0.467,0.677,0.467,68,99,99,NA,4377,14, 41,42.514, 65,30,1,23,1,18,1,9,1,76,1,74,1,1,1,1,1,16,13,11,11,NA,NA,NA,NA,NA,NA,NA,NA,NA,NA,NA,NA,NA,NA,NA,NA,NA,NA,NA,NA,NA,NA,NA,NA,NA,NA,NA,NA,NA,NA,NA,NA,NA,NA,NA,NA,NA,NA,NA,NA,NA,NA,NA,NA,NA,NA,NA,NA
ImmortalsOfAveum-Win64-Shipping.exe,NVIDIA GeForce RTX 4060 Ti,12th Gen Intel(R) Core(TM) i7-12700,3840x2160,D3D12,0,20336,0x0000000063F0AD60,0,0,Hardware Composed: Independent Flip,0,4559.224374,17.325,17.305,0.247,0.362,0.423,0.021,NA,2775,9001,62,51,NA,NA,NA,NA,NA,NA,0.578,0.838,0.578,68,99,99,NA,4377,14, 41,42.514, 65,30,1,23,1,18,1,9,1,76,1,74,1,1,1,1,1,16,13,11,11,NA,NA,NA,NA,NA,NA,NA,NA,NA,NA,NA,NA,NA,NA,NA,NA,NA,NA,NA,NA,NA,NA,NA,NA,NA,NA,NA,NA,NA,NA,NA,NA,NA,NA,NA,NA,NA,NA,NA,NA,NA,NA,NA,NA,NA,NA,NA,NA
ImmortalsOfAveum-Win64-Shipping.exe,NVIDIA GeForce RTX 4060 Ti,12th Gen Intel(R) Core(TM) i7-12700,3840x2160,D3D12,0,20336,0x0000000063F0AD60,0,0,Hardware Composed: Independent Flip,0,4559.243439,19.064,19.627,0.214,0.353,0.986,0.019,NA,2775,9001,62,51,NA,NA,NA,NA,NA,NA,0.525,0.761,0.525,68,99,99,NA,4377,14, 42,46.051, 65,30,1,23,1,18,1,9,1,76,1,74,1,1,1,1,1,16,13,11,11,NA,NA,NA,NA,NA,NA,NA,NA,NA,NA,NA,NA,NA,NA,NA,NA,NA,NA,NA,NA,NA,NA,NA,NA,NA,NA,NA,NA,NA,NA,NA,NA,NA,NA,NA,NA,NA,NA,NA,NA,NA,NA,NA,NA,NA,NA,NA,NA
ImmortalsOfAveum-Win64-Shipping.exe,NVIDIA GeForce RTX 4060 Ti,12th Gen Intel(R) Core(TM) i7-12700,3840x2160,D3D12,0,20336,0x0000000063F0AD60,0,0,Hardware Composed: Independent Flip,1,4559.261408,17.969,0.000,0.217,2.745,0.000,0.153,NA,2775,9001,62,51,NA,NA,NA,NA,NA,NA,0.557,0.808,0.557,68,99,99,NA,4377,14, 42,46.051, 65,30,1,23,1,18,1,9,1,76,1,74,1,1,1,1,1,16,13,11,11,NA,NA,NA,NA,NA,NA,NA,NA,NA,NA,NA,NA,NA,NA,NA,NA,NA,NA,NA,NA,NA,NA,NA,NA,NA,NA,NA,NA,NA,NA,NA,NA,NA,NA,NA,NA,NA,NA,NA,NA,NA,NA,NA,NA,NA,NA,NA,NA
ImmortalsOfAveum-Win64-Shipping.exe,NVIDIA GeForce RTX 4060 Ti,12th Gen Intel(R) Core(TM) i7-12700,3840x2160,D3D12,0,20336,0x0000000063F0AD60,0,0,Hardware Composed: Independent Flip,0,4559.271888,10.479,27.893,0.145,0.354,0.431,0.034,NA,2775,9001,62,51,NA,NA,NA,NA,NA,NA,0.955,1.385,0.955,68,99,99,NA,4377,14, 42,46.051, 65,30,1,23,1,18,1,9,1,76,1,74,1,1,1,1,1,16,13,11,11,NA,NA,NA,NA,NA,NA,NA,NA,NA,NA,NA,NA,NA,NA,NA,NA,NA,NA,NA,NA,NA,NA,NA,NA,NA,NA,NA,NA,NA,NA,NA,NA,NA,NA,NA,NA,NA,NA,NA,NA,NA,NA,NA,NA,NA,NA,NA,NA
ImmortalsOfAveum-Win64-Shipping.exe,NVIDIA GeForce RTX 4060 Ti,12th Gen Intel(R) Core(TM) i7-12700,3840x2160,D3D12,0,20336,0x0000000063F0AD60,0,0,Hardware Composed: Independent Flip,0,4559.288255,16.367,17.633,0.179,1.637,1.697,0.100,NA,2775,9001,62,51,NA,NA,NA,NA,NA,NA,0.612,0.887,0.612,68,99,99,NA,4377,14, 42,46.051, 65,30,1,23,1,18,1,9,1,76,1,74,1,1,1,1,1,16,13,11,11,NA,NA,NA,NA,NA,NA,NA,NA,NA,NA,NA,NA,NA,NA,NA,NA,NA,NA,NA,NA,NA,NA,NA,NA,NA,NA,NA,NA,NA,NA,NA,NA,NA,NA,NA,NA,NA,NA,NA,NA,NA,NA,NA,NA,NA,NA,NA,NA
ImmortalsOfAveum-Win64-Shipping.exe,NVIDIA GeForce RTX 4060 Ti,12th Gen Intel(R) Core(TM) i7-12700,3840x2160,D3D12,0,20336,0x0000000063F0AD60,0,0,Hardware Composed: Independent Flip,0,4559.303650,15.395,17.269,0.148,0.549,3.571,0.036,NA,2775,9001,62,51,NA,NA,NA,NA,NA,NA,0.650,0.943,0.650,68,99,99,NA,4377,14, 42,46.051, 65,30,1,23,1,18,1,9,1,76,1,74,1,1,1,1,1,16,13,11,11,NA,NA,NA,NA,NA,NA,NA,NA,NA,NA,NA,NA,NA,NA,NA,NA,NA,NA,NA,NA,NA,NA,NA,NA,NA,NA,NA,NA,NA,NA,NA,NA,NA,NA,NA,NA,NA,NA,NA,NA,NA,NA,NA,NA,NA,NA,NA,NA
ImmortalsOfAveum-Win64-Shipping.exe,NVIDIA GeForce RTX 4060 Ti,12th Gen Intel(R) Core(TM) i7-12700,3840x2160,D3D12,0,20336,0x0000000063F0AD60,0,0,Hardware Composed: Independent Flip,0,4559.318910,15.260,12.098,0.229,0.348,0.409,0.023,NA,2775,9001,62,51,NA,NA,NA,NA,NA,NA,0.656,0.951,0.656,68,99,99,NA,4377,14, 42,46.051, 65,30,1,23,1,18,1,9,1,76,1,74,1,1,1,1,1,16,13,11,11,NA,NA,NA,NA,NA,NA,NA,NA,NA,NA,NA,NA,NA,NA,NA,NA,NA,NA,NA,NA,NA,NA,NA,NA,NA,NA,NA,NA,NA,NA,NA,NA,NA,NA,NA,NA,NA,NA,NA,NA,NA,NA,NA,NA,NA,NA,NA,NA
ImmortalsOfAveum-Win64-Shipping.exe,NVIDIA GeForce RTX 4060 Ti,12th Gen Intel(R) Core(TM) i7-12700,3840x2160,D3D12,0,20336,0x0000000063F0AD60,0,0,Hardware Composed: Independent Flip,0,4559.338074,19.164,19.612,0.159,0.347,0.857,0.018,NA,2775,9001,62,51,NA,NA,NA,NA,NA,NA,0.522,0.757,0.522,68,99,99,NA,4377,14, 42,46.051, 65,30,1,23,1,18,1,9,1,76,1,74,1,1,1,1,1,16,13,11,11,NA,NA,NA,NA,NA,NA,NA,NA,NA,NA,NA,NA,NA,NA,NA,NA,NA,NA,NA,NA,NA,NA,NA,NA,NA,NA,NA,NA,NA,NA,NA,NA,NA,NA,NA,NA,NA,NA,NA,NA,NA,NA,NA,NA,NA,NA,NA,NA
ImmortalsOfAveum-Win64-Shipping.exe,NVIDIA GeForce RTX 4060 Ti,12th Gen Intel(R) Core(TM) i7-12700,3840x2160,D3D12,0,20336,0x0000000063F0AD60,0,0,Hardware Composed: Independent Flip,0,4559.354892,16.817,18.034,0.262,2.014,2.073,0.120,NA,2775,9001,62,51,NA,NA,NA,NA,NA,NA,0.595,0.863,0.595,68,99,99,NA,4377,14, 42,46.051, 65,30,1,23,1,18,1,9,1,76,1,74,1,1,1,1,1,16,13,11,11,NA,NA,NA,NA,NA,NA,NA,NA,NA,NA,NA,NA,NA,NA,NA,NA,NA,NA,NA,NA,NA,NA,NA,NA,NA,NA,NA,NA,NA,NA,NA,NA,NA,NA,NA,NA,NA,NA,NA,NA,NA,NA,NA,NA,NA,NA,NA,NA
ImmortalsOfAveum-Win64-Shipping.exe,NVIDIA GeForce RTX 4060 Ti,12th Gen Intel(R) Core(TM) i7-12700,3840x2160,D3D12,0,20336,0x0000000063F0AD60,0,0,Hardware Composed: Independent Flip,0,4559.373344,18.452,17.686,0.164,0.351,1.307,0.019,NA,2775,9001,62,51,NA,NA,NA,NA,NA,NA,0.543,0.787,0.543,68,99,99,NA,4377,14, 42,46.051, 65,30,1,23,1,18,1,9,1,76,1,74,1,1,1,1,1,16,13,11,11,NA,NA,NA,NA,NA,NA,NA,NA,NA,NA,NA,NA,NA,NA,NA,NA,NA,NA,NA,NA,NA,NA,NA,NA,NA,NA,NA,NA,NA,NA,NA,NA,NA,NA,NA,NA,NA,NA,NA,NA,NA,NA,NA,NA,NA,NA,NA,NA
ImmortalsOfAveum-Win64-Shipping.exe,NVIDIA GeForce RTX 4060 Ti,12th Gen Intel(R) Core(TM) i7-12700,3840x2160,D3D12,0,20336,0x0000000063F0AD60,0,0,Hardware Composed: Independent Flip,0,4559.391016,17.672,18.730,0.228,2.304,2.365,0.130,NA,2775,9001,62,51,NA,NA,NA,NA,NA,NA,0.567,0.821,0.567,68,99,99,NA,4377,14, 42,46.051, 65,30,1,23,1,18,1,9,1,76,1,74,1,1,1,1,1,16,13,11,11,NA,NA,NA,NA,NA,NA,NA,NA,NA,NA,NA,NA,NA,NA,NA,NA,NA,NA,NA,NA,NA,NA,NA,NA,NA,NA,NA,NA,NA,NA,NA,NA,NA,NA,NA,NA,NA,NA,NA,NA,NA,NA,NA,NA,NA,NA,NA,NA
ImmortalsOfAveum-Win64-Shipping.exe,NVIDIA GeForce RTX 4060 Ti,12th Gen Intel(R) Core(TM) i7-12700,3840x2160,D3D12,0,20336,0x0000000063F0AD60,0,0,Hardware Composed: Independent Flip,0,4559.405091,14.076,13.371,0.152,0.535,1.660,0.038,NA,2775,9001,62,51,NA,NA,NA,NA,NA,NA,0.711,1.031,0.711,68,99,99,NA,4377,14, 42,46.051, 65,30,1,23,1,18,1,9,1,76,1,74,1,1,1,1,1,16,13,11,11,NA,NA,NA,NA,NA,NA,NA,NA,NA,NA,NA,NA,NA,NA,NA,NA,NA,NA,NA,NA,NA,NA,NA,NA,NA,NA,NA,NA,NA,NA,NA,NA,NA,NA,NA,NA,NA,NA,NA,NA,NA,NA,NA,NA,NA,NA,NA,NA
ImmortalsOfAveum-Win64-Shipping.exe,NVIDIA GeForce RTX 4060 Ti,12th Gen Intel(R) Core(TM) i7-12700,3840x2160,D3D12,0,20336,0x0000000063F0AD60,0,0,Hardware Composed: Independent Flip,0,4559.422010,16.919,16.995,0.251,1.676,1.737,0.099,NA,2775,9001,62,51,NA,NA,NA,NA,NA,NA,0.592,0.858,0.592,68,99,99,NA,4377,14, 42,46.051, 65,30,1,23,1,18,1,9,1,76,1,74,1,1,1,1,1,16,13,11,11,NA,NA,NA,NA,NA,NA,NA,NA,NA,NA,NA,NA,NA,NA,NA,NA,NA,NA,NA,NA,NA,NA,NA,NA,NA,NA,NA,NA,NA,NA,NA,NA,NA,NA,NA,NA,NA,NA,NA,NA,NA,NA,NA,NA,NA,NA,NA,NA
ImmortalsOfAveum-Win64-Shipping.exe,NVIDIA GeForce RTX 4060 Ti,12th Gen Intel(R) Core(TM) i7-12700,3840x2160,D3D12,0,20336,0x0000000063F0AD60,0,0,Hardware Composed: Independent Flip,0,4559.439076,17.066,18.705,0.168,0.352,3.376,0.021,NA,2775,9001,62,51,NA,NA,NA,NA,NA,NA,0.587,0.850,0.587,68,99,99,NA,4377,14, 42,41.275, 65,30,1,23,1,18,1,9,1,76,1,74,1,1,1,1,1,16,13,11,11,NA,NA,NA,NA,NA,NA,NA,NA,NA,NA,NA,NA,NA,NA,NA,NA,NA,NA,NA,NA,NA,NA,NA,NA,NA,NA,NA,NA,NA,NA,NA,NA,NA,NA,NA,NA,NA,NA,NA,NA,NA,NA,NA,NA,NA,NA,NA,NA
ImmortalsOfAveum-Win64-Shipping.exe,NVIDIA GeForce RTX 4060 Ti,12th Gen Intel(R) Core(TM) i7-12700,3840x2160,D3D12,0,20336,0x0000000063F0AD60,0,0,Hardware Composed: Independent Flip,0,4559.455758,16.682,15.387,0.219,2.016,2.082,0.121,NA,2775,9001,62,51,NA,NA,NA,NA,NA,NA,0.600,0.870,0.600,68,99,99,NA,4377,14, 42,41.275, 65,30,1,23,1,18,1,9,1,76,1,74,1,1,1,1,1,16,13,11,11,NA,NA,NA,NA,NA,NA,NA,NA,NA,NA,NA,NA,NA,NA,NA,NA,NA,NA,NA,NA,NA,NA,NA,NA,NA,NA,NA,NA,NA,NA,NA,NA,NA,NA,NA,NA,NA,NA,NA,NA,NA,NA,NA,NA,NA,NA,NA,NA
ImmortalsOfAveum-Win64-Shipping.exe,NVIDIA GeForce RTX 4060 Ti,12th Gen Intel(R) Core(TM) i7-12700,3840x2160,D3D12,0,20336,0x0000000063F0AD60,0,0,Hardware Composed: Independent Flip,0,4559.473310,17.552,18.777,0.182,0.358,3.306,0.020,NA,2775,9001,62,51,NA,NA,NA,NA,NA,NA,0.570,0.827,0.570,68,99,99,NA,4377,14, 42,41.275, 65,30,1,23,1,18,1,9,1,76,1,74,1,1,1,1,1,16,13,11,11,NA,NA,NA,NA,NA,NA,NA,NA,NA,NA,NA,NA,NA,NA,NA,NA,NA,NA,NA,NA,NA,NA,NA,NA,NA,NA,NA,NA,NA,NA,NA,NA,NA,NA,NA,NA,NA,NA,NA,NA,NA,NA,NA,NA,NA,NA,NA,NA
ImmortalsOfAveum-Win64-Shipping.exe,NVIDIA GeForce RTX 4060 Ti,12th Gen Intel(R) Core(TM) i7-12700,3840x2160,D3D12,0,20336,0x0000000063F0AD60,0,0,Hardware Composed: Independent Flip,0,4559.490571,17.261,16.597,0.229,2.583,2.642,0.150,NA,2775,9001,62,51,NA,NA,NA,NA,NA,NA,0.580,0.841,0.580,68,99,99,NA,4377,14, 42,41.275, 65,30,1,23,1,18,1,9,1,76,1,74,1,1,1,1,1,16,13,11,11,NA,NA,NA,NA,NA,NA,NA,NA,NA,NA,NA,NA,NA,NA,NA,NA,NA,NA,NA,NA,NA,NA,NA,NA,NA,NA,NA,NA,NA,NA,NA,NA,NA,NA,NA,NA,NA,NA,NA,NA,NA,NA,NA,NA,NA,NA,NA,NA
ImmortalsOfAveum-Win64-Shipping.exe,NVIDIA GeForce RTX 4060 Ti,12th Gen Intel(R) Core(TM) i7-12700,3840x2160,D3D12,0,20336,0x0000000063F0AD60,0,0,Hardware Composed: Independent Flip,0,4559.504884,14.313,13.455,0.137,0.549,1.784,0.038,NA,2775,9001,62,51,NA,NA,NA,NA,NA,NA,0.699,1.014,0.699,68,99,99,NA,4377,14, 42,41.275, 65,30,1,23,1,18,1,9,1,76,1,74,1,1,1,1,1,16,13,11,11,NA,NA,NA,NA,NA,NA,NA,NA,NA,NA,NA,NA,NA,NA,NA,NA,NA,NA,NA,NA,NA,NA,NA,NA,NA,NA,NA,NA,NA,NA,NA,NA,NA,NA,NA,NA,NA,NA,NA,NA,NA,NA,NA,NA,NA,NA,NA,NA
ImmortalsOfAveum-Win64-Shipping.exe,NVIDIA GeForce RTX 4060 Ti,12th Gen Intel(R) Core(TM) i7-12700,3840x2160,D3D12,0,20336,0x0000000063F0AD60,0,0,Hardware Composed: Independent Flip,0,4559.521514,16.629,16.736,0.243,1.831,1.891,0.110,NA,2775,9001,62,51,NA,NA,NA,NA,NA,NA,0.602,0.873,0.602,68,99,99,NA,4377,14, 42,41.275, 65,30,1,23,1,18,1,9,1,76,1,74,1,1,1,1,1,16,13,11,11,NA,NA,NA,NA,NA,NA,NA,NA,NA,NA,NA,NA,NA,NA,NA,NA,NA,NA,NA,NA,NA,NA,NA,NA,NA,NA,NA,NA,NA,NA,NA,NA,NA,NA,NA,NA,NA,NA,NA,NA,NA,NA,NA,NA,NA,NA,NA,NA
ImmortalsOfAveum-Win64-Shipping.exe,NVIDIA GeForce RTX 4060 Ti,12th Gen Intel(R) Core(TM) i7-12700,3840x2160,D3D12,0,20336,0x0000000063F0AD60,0,0,Hardware Composed: Independent Flip,0,4559.538768,17.255,18.511,0.152,0.349,3.147,0.020,NA,2775,9001,62,51,NA,NA,NA,NA,NA,NA,0.580,0.841,0.580,68,99,99,NA,4377,14, 42,41.275, 65,30,1,23,1,18,1,9,1,76,1,74,1,1,1,1,1,16,13,11,11,NA,NA,NA,NA,NA,NA,NA,NA,NA,NA,NA,NA,NA,NA,NA,NA,NA,NA,NA,NA,NA,NA,NA,NA,NA,NA,NA,NA,NA,NA,NA,NA,NA,NA,NA,NA,NA,NA,NA,NA,NA,NA,NA,NA,NA,NA,NA,NA
ImmortalsOfAveum-Win64-Shipping.exe,NVIDIA GeForce RTX 4060 Ti,12th Gen Intel(R) Core(TM) i7-12700,3840x2160,D3D12,0,20336,0x0000000063F0AD60,0,0,Hardware Composed: Independent Flip,0,4559.555377,16.608,15.615,0.209,2.095,2.154,0.126,NA,2775,9001,62,51,NA,NA,NA,NA,NA,NA,0.603,0.874,0.603,68,99,99,NA,4377,14, 42,41.275, 65,30,1,23,1,18,1,9,1,76,1,74,1,1,1,1,1,16,13,11,11,NA,NA,NA,NA,NA,NA,NA,NA,NA,NA,NA,NA,NA,NA,NA,NA,NA,NA,NA,NA,NA,NA,NA,NA,NA,NA,NA,NA,NA,NA,NA,NA,NA,NA,NA,NA,NA,NA,NA,NA,NA,NA,NA,NA,NA,NA,NA,NA
ImmortalsOfAveum-Win64-Shipping.exe,NVIDIA GeForce RTX 4060 Ti,12th Gen Intel(R) Core(TM) i7-12700,3840x2160,D3D12,0,20336,0x0000000063F0AD60,0,0,Hardware Composed: Independent Flip,0,4559.571258,15.882,16.197,0.141,0.564,2.470,0.036,NA,2775,9001,62,51,NA,NA,NA,NA,NA,NA,0.630,0.914,0.630,68,99,99,NA,4377,14, 42,41.275, 65,30,1,23,1,18,1,9,1,76,1,74,1,1,1,1,1,16,13,11,11,NA,NA,NA,NA,NA,NA,NA,NA,NA,NA,NA,NA,NA,NA,NA,NA,NA,NA,NA,NA,NA,NA,NA,NA,NA,NA,NA,NA,NA,NA,NA,NA,NA,NA,NA,NA,NA,NA,NA,NA,NA,NA,NA,NA,NA,NA,NA,NA
ImmortalsOfAveum-Win64-Shipping.exe,NVIDIA GeForce RTX 4060 Ti,12th Gen Intel(R) Core(TM) i7-12700,3840x2160,D3D12,0,20336,0x0000000063F0AD60,0,0,Hardware Composed: Independent Flip,0,4559.588108,16.850,16.522,0.207,2.083,2.143,0.124,NA,2775,9001,62,51,NA,NA,NA,NA,NA,NA,0.594,0.861,0.594,68,99,99,NA,4377,14, 42,41.275, 65,30,1,23,1,18,1,9,1,76,1,74,1,1,1,1,1,16,13,11,11,NA,NA,NA,NA,NA,NA,NA,NA,NA,NA,NA,NA,NA,NA,NA,NA,NA,NA,NA,NA,NA,NA,NA,NA,NA,NA,NA,NA,NA,NA,NA,NA,NA,NA,NA,NA,NA,NA,NA,NA,NA,NA,NA,NA,NA,NA,NA,NA
ImmortalsOfAveum-Win64-Shipping.exe,NVIDIA GeForce RTX 4060 Ti,12th Gen Intel(R) Core(TM) i7-12700,3840x2160,D3D12,0,20336,0x0000000063F0AD60,0,0,Hardware Composed: Independent Flip,0,4559.605568,17.460,17.268,0.153,0.336,1.951,0.019,NA,2775,9001,62,51,NA,NA,NA,NA,NA,NA,0.573,0.831,0.573,68,99,99,NA,4377,14, 42,41.275, 65,30,1,23,1,18,1,9,1,76,1,74,1,1,1,1,1,16,13,11,11,NA,NA,NA,NA,NA,NA,NA,NA,NA,NA,NA,NA,NA,NA,NA,NA,NA,NA,NA,NA,NA,NA,NA,NA,NA,NA,NA,NA,NA,NA,NA,NA,NA,NA,NA,NA,NA,NA,NA,NA,NA,NA,NA,NA,NA,NA,NA,NA
ImmortalsOfAveum-Win64-Shipping.exe,NVIDIA GeForce RTX 4060 Ti,12th Gen Intel(R) Core(TM) i7-12700,3840x2160,D3D12,0,20336,0x0000000063F0AD60,0,0,Hardware Composed: Independent Flip,0,4559.622503,16.935,16.820,0.219,1.775,1.836,0.105,NA,2775,9001,62,51,NA,NA,NA,NA,NA,NA,0.591,0.857,0.591,68,99,99,NA,4377,14, 42,41.275, 65,30,1,23,1,18,1,9,1,76,1,74,1,1,1,1,1,16,13,11,11,NA,NA,NA,NA,NA,NA,NA,NA,NA,NA,NA,NA,NA,NA,NA,NA,NA,NA,NA,NA,NA,NA,NA,NA,NA,NA,NA,NA,NA,NA,NA,NA,NA,NA,NA,NA,NA,NA,NA,NA,NA,NA,NA,NA,NA,NA,NA,NA
ImmortalsOfAveum-Win64-Shipping.exe,NVIDIA GeForce RTX 4060 Ti,12th Gen Intel(R) Core(TM) i7-12700,3840x2160,D3D12,0,20336,0x0000000063F0AD60,0,0,Hardware Composed: Independent Flip,0,4559.638104,15.602,15.478,0.186,0.485,1.712,0.031,NA,2775,9001,62,51,NA,NA,NA,NA,NA,NA,0.642,0.930,0.642,68,99,99,NA,4377,14, 41,42.339, 65,30,1,23,1,18,1,9,1,76,1,74,1,1,1,1,1,16,13,11,11,NA,NA,NA,NA,NA,NA,NA,NA,NA,NA,NA,NA,NA,NA,NA,NA,NA,NA,NA,NA,NA,NA,NA,NA,NA,NA,NA,NA,NA,NA,NA,NA,NA,NA,NA,NA,NA,NA,NA,NA,NA,NA,NA,NA,NA,NA,NA,NA
ImmortalsOfAveum-Win64-Shipping.exe,NVIDIA GeForce RTX 4060 Ti,12th Gen Intel(R) Core(TM) i7-12700,3840x2160,D3D12,0,20336,0x0000000063F0AD60,0,0,Hardware Composed: Independent Flip,0,4559.654992,16.888,16.971,0.239,1.736,1.795,0.103,NA,2775,9001,62,51,NA,NA,NA,NA,NA,NA,0.593,0.859,0.593,68,99,99,NA,4377,14, 41,42.339, 65,30,1,23,1,18,1,9,1,76,1,74,1,1,1,1,1,16,13,11,11,NA,NA,NA,NA,NA,NA,NA,NA,NA,NA,NA,NA,NA,NA,NA,NA,NA,NA,NA,NA,NA,NA,NA,NA,NA,NA,NA,NA,NA,NA,NA,NA,NA,NA,NA,NA,NA,NA,NA,NA,NA,NA,NA,NA,NA,NA,NA,NA
ImmortalsOfAveum-Win64-Shipping.exe,NVIDIA GeForce RTX 4060 Ti,12th Gen Intel(R) Core(TM) i7-12700,3840x2160,D3D12,0,20336,0x0000000063F0AD60,0,0,Hardware Composed: Independent Flip,0,4559.672108,17.116,17.561,0.170,0.343,2.240,0.020,NA,2775,9001,62,51,NA,NA,NA,NA,NA,NA,0.585,0.848,0.585,68,99,99,NA,4377,14, 41,42.339, 65,30,1,23,1,18,1,9,1,76,1,74,1,1,1,1,1,16,13,11,11,NA,NA,NA,NA,NA,NA,NA,NA,NA,NA,NA,NA,NA,NA,NA,NA,NA,NA,NA,NA,NA,NA,NA,NA,NA,NA,NA,NA,NA,NA,NA,NA,NA,NA,NA,NA,NA,NA,NA,NA,NA,NA,NA,NA,NA,NA,NA,NA
ImmortalsOfAveum-Win64-Shipping.exe,NVIDIA GeForce RTX 4060 Ti,12th Gen Intel(R) Core(TM) i7-12700,3840x2160,D3D12,0,20336,0x0000000063F0AD60,0,0,Hardware Composed: Independent Flip,0,4559.688975,16.867,16.436,0.205,1.748,1.809,0.104,NA,2775,9001,62,51,NA,NA,NA,NA,NA,NA,0.594,0.860,0.594,68,99,99,NA,4377,14, 41,42.339, 65,30,1,23,1,18,1,9,1,76,1,74,1,1,1,1,1,16,13,11,11,NA,NA,NA,NA,NA,NA,NA,NA,NA,NA,NA,NA,NA,NA,NA,NA,NA,NA,NA,NA,NA,NA,NA,NA,NA,NA,NA,NA,NA,NA,NA,NA,NA,NA,NA,NA,NA,NA,NA,NA,NA,NA,NA,NA,NA,NA,NA,NA
ImmortalsOfAveum-Win64-Shipping.exe,NVIDIA GeForce RTX 4060 Ti,12th Gen Intel(R) Core(TM) i7-12700,3840x2160,D3D12,0,20336,0x0000000063F0AD60,0,0,Hardware Composed: Independent Flip,0,4559.706192,17.217,17.341,0.179,0.345,1.933,0.020,NA,2775,9001,61,51,NA,NA,NA,NA,NA,NA,0.573,0.826,0.573,70,101,101,NA,4353,14, 41,42.339, 65,29,0,20,0,15,0,12,0,74,2,71,6,0,0,0,0,15,12,10,10,NA,NA,NA,NA,NA,NA,NA,NA,NA,NA,NA,NA,NA,NA,NA,NA,NA,NA,NA,NA,NA,NA,NA,NA,NA,NA,NA,NA,NA,NA,NA,NA,NA,NA,NA,NA,NA,NA,NA,NA,NA,NA,NA,NA,NA,NA,NA,NA
ImmortalsOfAveum-Win64-Shipping.exe,NVIDIA GeForce RTX 4060 Ti,12th Gen Intel(R) Core(TM) i7-12700,3840x2160,D3D12,0,20336,0x0000000063F0AD60,0,0,Hardware Composed: Independent Flip,0,4559.723527,17.335,17.947,0.182,2.484,2.545,0.143,NA,2775,9001,61,51,NA,NA,NA,NA,NA,NA,0.569,0.821,0.569,70,101,101,NA,4353,14, 41,42.339, 65,29,0,20,0,15,0,12,0,74,2,71,6,0,0,0,0,15,12,10,10,NA,NA,NA,NA,NA,NA,NA,NA,NA,NA,NA,NA,NA,NA,NA,NA,NA,NA,NA,NA,NA,NA,NA,NA,NA,NA,NA,NA,NA,NA,NA,NA,NA,NA,NA,NA,NA,NA,NA,NA,NA,NA,NA,NA,NA,NA,NA,NA
ImmortalsOfAveum-Win64-Shipping.exe,NVIDIA GeForce RTX 4060 Ti,12th Gen Intel(R) Core(TM) i7-12700,3840x2160,D3D12,0,20336,0x0000000063F0AD60,0,0,Hardware Composed: Independent Flip,0,4559.737744,14.217,13.350,0.146,0.550,1.678,0.039,NA,2775,9001,61,51,NA,NA,NA,NA,NA,NA,0.694,1.001,0.694,70,101,101,NA,4353,14, 41,42.339, 65,29,0,20,0,15,0,12,0,74,2,71,6,0,0,0,0,15,12,10,10,NA,NA,NA,NA,NA,NA,NA,NA,NA,NA,NA,NA,NA,NA,NA,NA,NA,NA,NA,NA,NA,NA,NA,NA,NA,NA,NA,NA,NA,NA,NA,NA,NA,NA,NA,NA,NA,NA,NA,NA,NA,NA,NA,NA,NA,NA,NA,NA
ImmortalsOfAveum-Win64-Shipping.exe,NVIDIA GeForce RTX 4060 Ti,12th Gen Intel(R) Core(TM) i7-12700,3840x2160,D3D12,0,20336,0x0000000063F0AD60,0,0,Hardware Composed: Independent Flip,0,4559.754413,16.669,17.505,0.192,2.454,2.514,0.147,NA,2775,9001,61,51,NA,NA,NA,NA,NA,NA,0.592,0.854,0.592,70,101,101,NA,4353,14, 41,42.339, 65,29,0,20,0,15,0,12,0,74,2,71,6,0,0,0,0,15,12,10,10,NA,NA,NA,NA,NA,NA,NA,NA,NA,NA,NA,NA,NA,NA,NA,NA,NA,NA,NA,NA,NA,NA,NA,NA,NA,NA,NA,NA,NA,NA,NA,NA,NA,NA,NA,NA,NA,NA,NA,NA,NA,NA,NA,NA,NA,NA,NA,NA
ImmortalsOfAveum-Win64-Shipping.exe,NVIDIA GeForce RTX 4060 Ti,12th Gen Intel(R) Core(TM) i7-12700,3840x2160,D3D12,0,20336,0x0000000063F0AD60,0,0,Hardware Composed: Independent Flip,0,4559.770956,16.543,17.493,0.149,0.442,3.464,0.027,NA,2775,9001,61,51,NA,NA,NA,NA,NA,NA,0.596,0.860,0.596,70,101,101,NA,4353,14, 41,42.339, 65,29,0,20,0,15,0,12,0,74,2,71,6,0,0,0,0,15,12,10,10,NA,NA,NA,NA,NA,NA,NA,NA,NA,NA,NA,NA,NA,NA,NA,NA,NA,NA,NA,NA,NA,NA,NA,NA,NA,NA,NA,NA,NA,NA,NA,NA,NA,NA,NA,NA,NA,NA,NA,NA,NA,NA,NA,NA,NA,NA,NA,NA
ImmortalsOfAveum-Win64-Shipping.exe,NVIDIA GeForce RTX 4060 Ti,12th Gen Intel(R) Core(TM) i7-12700,3840x2160,D3D12,0,20336,0x0000000063F0AD60,0,0,Hardware Composed: Independent Flip,0,4559.787403,16.447,15.188,0.193,2.147,2.204,0.131,NA,2775,9001,61,51,NA,NA,NA,NA,NA,NA,0.599,0.865,0.599,70,101,101,NA,4353,14, 41,42.339, 65,29,0,20,0,15,0,12,0,74,2,71,6,0,0,0,0,15,12,10,10,NA,NA,NA,NA,NA,NA,NA,NA,NA,NA,NA,NA,NA,NA,NA,NA,NA,NA,NA,NA,NA,NA,NA,NA,NA,NA,NA,NA,NA,NA,NA,NA,NA,NA,NA,NA,NA,NA,NA,NA,NA,NA,NA,NA,NA,NA,NA,NA
ImmortalsOfAveum-Win64-Shipping.exe,NVIDIA GeForce RTX 4060 Ti,12th Gen Intel(R) Core(TM) i7-12700,3840x2160,D3D12,0,20336,0x0000000063F0AD60,0,0,Hardware Composed: Independent Flip,0,4559.805047,17.643,18.812,0.158,0.349,3.373,0.020,NA,2775,9001,61,51,NA,NA,NA,NA,NA,NA,0.559,0.806,0.559,70,101,101,NA,4353,14, 41,42.339, 65,29,0,20,0,15,0,12,0,74,2,71,6,0,0,0,0,15,12,10,10,NA,NA,NA,NA,NA,NA,NA,NA,NA,NA,NA,NA,NA,NA,NA,NA,NA,NA,NA,NA,NA,NA,NA,NA,NA,NA,NA,NA,NA,NA,NA,NA,NA,NA,NA,NA,NA,NA,NA,NA,NA,NA,NA,NA,NA,NA,NA,NA
ImmortalsOfAveum-Win64-Shipping.exe,NVIDIA GeForce RTX 4060 Ti,12th Gen Intel(R) Core(TM) i7-12700,3840x2160,D3D12,0,20336,0x0000000063F0AD60,0,0,Hardware Composed: Independent Flip,0,4559.822150,17.103,15.384,0.240,1.597,1.654,0.093,NA,2775,9001,61,51,NA,NA,NA,NA,NA,NA,0.576,0.832,0.576,70,101,101,NA,4353,14, 41,42.339, 65,29,0,20,0,15,0,12,0,74,2,71,6,0,0,0,0,15,12,10,10,NA,NA,NA,NA,NA,NA,NA,NA,NA,NA,NA,NA,NA,NA,NA,NA,NA,NA,NA,NA,NA,NA,NA,NA,NA,NA,NA,NA,NA,NA,NA,NA,NA,NA,NA,NA,NA,NA,NA,NA,NA,NA,NA,NA,NA,NA,NA,NA
ImmortalsOfAveum-Win64-Shipping.exe,NVIDIA GeForce RTX 4060 Ti,12th Gen Intel(R) Core(TM) i7-12700,3840x2160,D3D12,0,20336,0x0000000063F0AD60,0,0,Hardware Composed: Independent Flip,0,4559.837540,15.390,15.895,0.141,0.557,2.158,0.036,NA,2775,9001,61,51,NA,NA,NA,NA,NA,NA,0.641,0.925,0.641,70,101,101,NA,4353,14, 41,42.339, 65,29,0,20,0,15,0,12,0,74,2,71,6,0,0,0,0,15,12,10,10,NA,NA,NA,NA,NA,NA,NA,NA,NA,NA,NA,NA,NA,NA,NA,NA,NA,NA,NA,NA,NA,NA,NA,NA,NA,NA,NA,NA,NA,NA,NA,NA,NA,NA,NA,NA,NA,NA,NA,NA,NA,NA,NA,NA,NA,NA,NA,NA
ImmortalsOfAveum-Win64-Shipping.exe,NVIDIA GeForce RTX 4060 Ti,12th Gen Intel(R) Core(TM) i7-12700,3840x2160,D3D12,0,20336,0x0000000063F0AD60,0,0,Hardware Composed: Independent Flip,0,4559.854333,16.793,17.079,0.205,2.422,2.444,0.144,NA,2775,9001,61,51,NA,NA,NA,NA,NA,NA,0.587,0.847,0.587,70,101,101,NA,4353,14, 39,42.329, 65,29,0,20,0,15,0,12,0,74,2,71,6,0,0,0,0,15,12,10,10,NA,NA,NA,NA,NA,NA,NA,NA,NA,NA,NA,NA,NA,NA,NA,NA,NA,NA,NA,NA,NA,NA,NA,NA,NA,NA,NA,NA,NA,NA,NA,NA,NA,NA,NA,NA,NA,NA,NA,NA,NA,NA,NA,NA,NA,NA,NA,NA
ImmortalsOfAveum-Win64-Shipping.exe,NVIDIA GeForce RTX 4060 Ti,12th Gen Intel(R) Core(TM) i7-12700,3840x2160,D3D12,0,20336,0x0000000063F0AD60,0,0,Hardware Composed: Independent Flip,0,4559.870649,16.316,15.934,0.169,0.718,2.062,0.044,NA,2775,9001,61,51,NA,NA,NA,NA,NA,NA,0.604,0.872,0.604,70,101,101,NA,4353,14, 39,42.329, 65,29,0,20,0,15,0,12,0,74,2,71,6,0,0,0,0,15,12,10,10,NA,NA,NA,NA,NA,NA,NA,NA,NA,NA,NA,NA,NA,NA,NA,NA,NA,NA,NA,NA,NA,NA,NA,NA,NA,NA,NA,NA,NA,NA,NA,NA,NA,NA,NA,NA,NA,NA,NA,NA,NA,NA,NA,NA,NA,NA,NA,NA
ImmortalsOfAveum-Win64-Shipping.exe,NVIDIA GeForce RTX 4060 Ti,12th Gen Intel(R) Core(TM) i7-12700,3840x2160,D3D12,0,20336,0x0000000063F0AD60,0,0,Hardware Composed: Independent Flip,0,4559.887271,16.622,16.366,0.184,1.745,1.806,0.105,NA,2775,9001,61,51,NA,NA,NA,NA,NA,NA,0.593,0.856,0.593,70,101,101,NA,4353,14, 39,42.329, 65,29,0,20,0,15,0,12,0,74,2,71,6,0,0,0,0,15,12,10,10,NA,NA,NA,NA,NA,NA,NA,NA,NA,NA,NA,NA,NA,NA,NA,NA,NA,NA,NA,NA,NA,NA,NA,NA,NA,NA,NA,NA,NA,NA,NA,NA,NA,NA,NA,NA,NA,NA,NA,NA,NA,NA,NA,NA,NA,NA,NA,NA
ImmortalsOfAveum-Win64-Shipping.exe,NVIDIA GeForce RTX 4060 Ti,12th Gen Intel(R) Core(TM) i7-12700,3840x2160,D3D12,0,20336,0x0000000063F0AD60,0,0,Hardware Composed: Independent Flip,0,4559.905457,18.186,18.627,0.153,0.351,2.247,0.019,NA,2775,9001,61,51,NA,NA,NA,NA,NA,NA,0.542,0.782,0.542,70,101,101,NA,4353,14, 39,42.329, 65,29,0,20,0,15,0,12,0,74,2,71,6,0,0,0,0,15,12,10,10,NA,NA,NA,NA,NA,NA,NA,NA,NA,NA,NA,NA,NA,NA,NA,NA,NA,NA,NA,NA,NA,NA,NA,NA,NA,NA,NA,NA,NA,NA,NA,NA,NA,NA,NA,NA,NA,NA,NA,NA,NA,NA,NA,NA,NA,NA,NA,NA
ImmortalsOfAveum-Win64-Shipping.exe,NVIDIA GeForce RTX 4060 Ti,12th Gen Intel(R) Core(TM) i7-12700,3840x2160,D3D12,0,20336,0x0000000063F0AD60,0,0,Hardware Composed: Independent Flip,0,4559.922680,17.223,17.357,0.220,2.365,2.381,0.137,NA,2775,9001,61,51,NA,NA,NA,NA,NA,NA,0.572,0.826,0.572,70,101,101,NA,4353,14, 39,42.329, 65,29,0,20,0,15,0,12,0,74,2,71,6,0,0,0,0,15,12,10,10,NA,NA,NA,NA,NA,NA,NA,NA,NA,NA,NA,NA,NA,NA,NA,NA,NA,NA,NA,NA,NA,NA,NA,NA,NA,NA,NA,NA,NA,NA,NA,NA,NA,NA,NA,NA,NA,NA,NA,NA,NA,NA,NA,NA,NA,NA,NA,NA
ImmortalsOfAveum-Win64-Shipping.exe,NVIDIA GeForce RTX 4060 Ti,12th Gen Intel(R) Core(TM) i7-12700,3840x2160,D3D12,0,20336,0x0000000063F0AD60,0,0,Hardware Composed: Independent Flip,0,4559.937796,15.116,14.001,0.159,0.509,1.266,0.034,NA,2775,9001,61,51,NA,NA,NA,NA,NA,NA,0.652,0.941,0.652,70,101,101,NA,4353,14, 39,42.329, 65,29,0,20,0,15,0,12,0,74,2,71,6,0,0,0,0,15,12,10,10,NA,NA,NA,NA,NA,NA,NA,NA,NA,NA,NA,NA,NA,NA,NA,NA,NA,NA,NA,NA,NA,NA,NA,NA,NA,NA,NA,NA,NA,NA,NA,NA,NA,NA,NA,NA,NA,NA,NA,NA,NA,NA,NA,NA,NA,NA,NA,NA
ImmortalsOfAveum-Win64-Shipping.exe,NVIDIA GeForce RTX 4060 Ti,12th Gen Intel(R) Core(TM) i7-12700,3840x2160,D3D12,0,20336,0x0000000063F0AD60,0,0,Hardware Composed: Independent Flip,0,4559.954702,16.906,17.439,0.244,1.736,1.798,0.103,NA,2775,9001,61,51,NA,NA,NA,NA,NA,NA,0.583,0.842,0.583,70,101,101,NA,4353,14, 39,42.329, 65,29,0,20,0,15,0,12,0,74,2,71,6,0,0,0,0,15,12,10,10,NA,NA,NA,NA,NA,NA,NA,NA,NA,NA,NA,NA,NA,NA,NA,NA,NA,NA,NA,NA,NA,NA,NA,NA,NA,NA,NA,NA,NA,NA,NA,NA,NA,NA,NA,NA,NA,NA,NA,NA,NA,NA,NA,NA,NA,NA,NA,NA
ImmortalsOfAveum-Win64-Shipping.exe,NVIDIA GeForce RTX 4060 Ti,12th Gen Intel(R) Core(TM) i7-12700,3840x2160,D3D12,0,20336,0x0000000063F0AD60,0,0,Hardware Composed: Independent Flip,0,4559.972863,18.161,19.140,0.158,0.353,2.777,0.019,NA,2775,9001,61,51,NA,NA,NA,NA,NA,NA,0.543,0.784,0.543,70,101,101,NA,4353,14, 39,42.329, 65,29,0,20,0,15,0,12,0,74,2,71,6,0,0,0,0,15,12,10,10,NA,NA,NA,NA,NA,NA,NA,NA,NA,NA,NA,NA,NA,NA,NA,NA,NA,NA,NA,NA,NA,NA,NA,NA,NA,NA,NA,NA,NA,NA,NA,NA,NA,NA,NA,NA,NA,NA,NA,NA,NA,NA,NA,NA,NA,NA,NA,NA
ImmortalsOfAveum-Win64-Shipping.exe,NVIDIA GeForce RTX 4060 Ti,12th Gen Intel(R) Core(TM) i7-12700,3840x2160,D3D12,0,20336,0x0000000063F0AD60,0,0,Hardware Composed: Independent Flip,0,4559.989970,17.107,16.816,0.261,2.424,2.485,0.142,NA,2775,9001,61,51,NA,NA,NA,NA,NA,NA,0.576,0.832,0.576,70,101,101,NA,4353,14, 39,42.329, 65,29,0,20,0,15,0,12,0,74,2,71,6,0,0,0,0,15,12,10,10,NA,NA,NA,NA,NA,NA,NA,NA,NA,NA,NA,NA,NA,NA,NA,NA,NA,NA,NA,NA,NA,NA,NA,NA,NA,NA,NA,NA,NA,NA,NA,NA,NA,NA,NA,NA,NA,NA,NA,NA,NA,NA,NA,NA,NA,NA,NA,NA
ImmortalsOfAveum-Win64-Shipping.exe,NVIDIA GeForce RTX 4060 Ti,12th Gen Intel(R) Core(TM) i7-12700,3840x2160,D3D12,0,20336,0x0000000063F0AD60,0,0,Hardware Composed: Independent Flip,0,4560.005167,15.197,14.803,0.154,0.528,2.091,0.035,NA,2775,9001,61,51,NA,NA,NA,NA,NA,NA,0.649,0.936,0.649,70,101,101,NA,4353,14, 39,42.329, 65,29,0,20,0,15,0,12,0,74,2,71,6,0,0,0,0,15,12,10,10,NA,NA,NA,NA,NA,NA,NA,NA,NA,NA,NA,NA,NA,NA,NA,NA,NA,NA,NA,NA,NA,NA,NA,NA,NA,NA,NA,NA,NA,NA,NA,NA,NA,NA,NA,NA,NA,NA,NA,NA,NA,NA,NA,NA,NA,NA,NA,NA
ImmortalsOfAveum-Win64-Shipping.exe,NVIDIA GeForce RTX 4060 Ti,12th Gen Intel(R) Core(TM) i7-12700,3840x2160,D3D12,0,20336,0x0000000063F0AD60,0,0,Hardware Composed: Independent Flip,0,4560.022262,17.095,17.520,0.241,2.453,2.516,0.143,NA,2775,9001,61,51,NA,NA,NA,NA,NA,NA,0.577,0.832,0.577,70,101,101,NA,4353,14, 39,42.329, 65,29,0,20,0,15,0,12,0,74,2,71,6,0,0,0,0,15,12,10,10,NA,NA,NA,NA,NA,NA,NA,NA,NA,NA,NA,NA,NA,NA,NA,NA,NA,NA,NA,NA,NA,NA,NA,NA,NA,NA,NA,NA,NA,NA,NA,NA,NA,NA,NA,NA,NA,NA,NA,NA,NA,NA,NA,NA,NA,NA,NA,NA
ImmortalsOfAveum-Win64-Shipping.exe,NVIDIA GeForce RTX 4060 Ti,12th Gen Intel(R) Core(TM) i7-12700,3840x2160,D3D12,0,20336,0x0000000063F0AD60,0,0,Hardware Composed: Independent Flip,0,4560.037898,15.637,16.120,0.146,0.436,2.999,0.028,NA,2775,9001,61,51,NA,NA,NA,NA,NA,NA,0.631,0.910,0.631,70,101,101,NA,4353,14, 39,42.329, 65,29,0,20,0,15,0,12,0,74,2,71,6,0,0,0,0,15,12,10,10,NA,NA,NA,NA,NA,NA,NA,NA,NA,NA,NA,NA,NA,NA,NA,NA,NA,NA,NA,NA,NA,NA,NA,NA,NA,NA,NA,NA,NA,NA,NA,NA,NA,NA,NA,NA,NA,NA,NA,NA,NA,NA,NA,NA,NA,NA,NA,NA
ImmortalsOfAveum-Win64-Shipping.exe,NVIDIA GeForce RTX 4060 Ti,12th Gen Intel(R) Core(TM) i7-12700,3840x2160,D3D12,0,20336,0x0000000063F0AD60,0,0,Hardware Composed: Independent Flip,0,4560.054412,16.514,15.949,0.244,2.373,2.435,0.144,NA,2775,9001,61,51,NA,NA,NA,NA,NA,NA,0.597,0.862,0.597,70,101,101,NA,4353,14, 41,42.012, 65,29,0,20,0,15,0,12,0,74,2,71,6,0,0,0,0,15,12,10,10,NA,NA,NA,NA,NA,NA,NA,NA,NA,NA,NA,NA,NA,NA,NA,NA,NA,NA,NA,NA,NA,NA,NA,NA,NA,NA,NA,NA,NA,NA,NA,NA,NA,NA,NA,NA,NA,NA,NA,NA,NA,NA,NA,NA,NA,NA,NA,NA
ImmortalsOfAveum-Win64-Shipping.exe,NVIDIA GeForce RTX 4060 Ti,12th Gen Intel(R) Core(TM) i7-12700,3840x2160,D3D12,0,20336,0x0000000063F0AD60,0,0,Hardware Composed: Independent Flip,0,4560.070563,16.151,17.459,0.162,0.720,3.743,0.045,NA,2775,9001,61,51,NA,NA,NA,NA,NA,NA,0.610,0.881,0.610,70,101,101,NA,4353,14, 41,42.012, 65,29,0,20,0,15,0,12,0,74,2,71,6,0,0,0,0,15,12,10,10,NA,NA,NA,NA,NA,NA,NA,NA,NA,NA,NA,NA,NA,NA,NA,NA,NA,NA,NA,NA,NA,NA,NA,NA,NA,NA,NA,NA,NA,NA,NA,NA,NA,NA,NA,NA,NA,NA,NA,NA,NA,NA,NA,NA,NA,NA,NA,NA
ImmortalsOfAveum-Win64-Shipping.exe,NVIDIA GeForce RTX 4060 Ti,12th Gen Intel(R) Core(TM) i7-12700,3840x2160,D3D12,0,20336,0x0000000063F0AD60,0,0,Hardware Composed: Independent Flip,0,4560.087175,16.612,14.639,0.215,1.711,1.770,0.103,NA,2775,9001,61,51,NA,NA,NA,NA,NA,NA,0.594,0.857,0.594,70,101,101,NA,4353,14, 41,42.012, 65,29,0,20,0,15,0,12,0,74,2,71,6,0,0,0,0,15,12,10,10,NA,NA,NA,NA,NA,NA,NA,NA,NA,NA,NA,NA,NA,NA,NA,NA,NA,NA,NA,NA,NA,NA,NA,NA,NA,NA,NA,NA,NA,NA,NA,NA,NA,NA,NA,NA,NA,NA,NA,NA,NA,NA,NA,NA,NA,NA,NA,NA
ImmortalsOfAveum-Win64-Shipping.exe,NVIDIA GeForce RTX 4060 Ti,12th Gen Intel(R) Core(TM) i7-12700,3840x2160,D3D12,0,20336,0x0000000063F0AD60,0,0,Hardware Composed: Independent Flip,0,4560.105427,18.252,19.328,0.162,0.355,2.846,0.019,NA,2775,9001,61,51,NA,NA,NA,NA,NA,NA,0.540,0.780,0.540,70,101,101,NA,4353,14, 41,42.012, 65,29,0,20,0,15,0,12,0,74,2,71,6,0,0,0,0,15,12,10,10,NA,NA,NA,NA,NA,NA,NA,NA,NA,NA,NA,NA,NA,NA,NA,NA,NA,NA,NA,NA,NA,NA,NA,NA,NA,NA,NA,NA,NA,NA,NA,NA,NA,NA,NA,NA,NA,NA,NA,NA,NA,NA,NA,NA,NA,NA,NA,NA
ImmortalsOfAveum-Win64-Shipping.exe,NVIDIA GeForce RTX 4060 Ti,12th Gen Intel(R) Core(TM) i7-12700,3840x2160,D3D12,0,20336,0x0000000063F0AD60,0,0,Hardware Composed: Independent Flip,0,4560.122461,17.035,16.467,0.186,2.220,2.278,0.130,NA,2775,9001,61,51,NA,NA,NA,NA,NA,NA,0.579,0.835,0.579,70,101,101,NA,4353,14, 41,42.012, 65,29,0,20,0,15,0,12,0,74,2,71,6,0,0,0,0,15,12,10,10,NA,NA,NA,NA,NA,NA,NA,NA,NA,NA,NA,NA,NA,NA,NA,NA,NA,NA,NA,NA,NA,NA,NA,NA,NA,NA,NA,NA,NA,NA,NA,NA,NA,NA,NA,NA,NA,NA,NA,NA,NA,NA,NA,NA,NA,NA,NA,NA
ImmortalsOfAveum-Win64-Shipping.exe,NVIDIA GeForce RTX 4060 Ti,12th Gen Intel(R) Core(TM) i7-12700,3840x2160,D3D12,0,20336,0x0000000063F0AD60,0,0,Hardware Composed: Independent Flip,0,4560.138477,16.015,14.422,0.160,0.542,0.685,0.034,NA,2775,9001,61,51,NA,NA,NA,NA,NA,NA,0.616,0.888,0.616,70,101,101,NA,4353,14, 41,42.012, 65,29,0,20,0,15,0,12,0,74,2,71,6,0,0,0,0,15,12,10,10,NA,NA,NA,NA,NA,NA,NA,NA,NA,NA,NA,NA,NA,NA,NA,NA,NA,NA,NA,NA,NA,NA,NA,NA,NA,NA,NA,NA,NA,NA,NA,NA,NA,NA,NA,NA,NA,NA,NA,NA,NA,NA,NA,NA,NA,NA,NA,NA
ImmortalsOfAveum-Win64-Shipping.exe,NVIDIA GeForce RTX 4060 Ti,12th Gen Intel(R) Core(TM) i7-12700,3840x2160,D3D12,0,20336,0x0000000063F0AD60,0,0,Hardware Composed: Independent Flip,0,4560.155595,17.118,18.685,0.204,2.238,2.252,0.131,NA,2775,9001,61,51,NA,NA,NA,NA,NA,NA,0.576,0.831,0.576,70,101,101,NA,4353,14, 41,42.012, 65,29,0,20,0,15,0,12,0,74,2,71,6,0,0,0,0,15,12,10,10,NA,NA,NA,NA,NA,NA,NA,NA,NA,NA,NA,NA,NA,NA,NA,NA,NA,NA,NA,NA,NA,NA,NA,NA,NA,NA,NA,NA,NA,NA,NA,NA,NA,NA,NA,NA,NA,NA,NA,NA,NA,NA,NA,NA,NA,NA,NA,NA
ImmortalsOfAveum-Win64-Shipping.exe,NVIDIA GeForce RTX 4060 Ti,12th Gen Intel(R) Core(TM) i7-12700,3840x2160,D3D12,0,20336,0x0000000063F0AD60,0,0,Hardware Composed: Independent Flip,0,4560.171607,16.012,15.443,0.164,0.526,1.683,0.033,NA,2775,9001,61,51,NA,NA,NA,NA,NA,NA,0.616,0.889,0.616,70,101,101,NA,4353,14, 41,42.012, 65,29,0,20,0,15,0,12,0,74,2,71,6,0,0,0,0,15,12,10,10,NA,NA,NA,NA,NA,NA,NA,NA,NA,NA,NA,NA,NA,NA,NA,NA,NA,NA,NA,NA,NA,NA,NA,NA,NA,NA,NA,NA,NA,NA,NA,NA,NA,NA,NA,NA,NA,NA,NA,NA,NA,NA,NA,NA,NA,NA,NA,NA
ImmortalsOfAveum-Win64-Shipping.exe,NVIDIA GeForce RTX 4060 Ti,12th Gen Intel(R) Core(TM) i7-12700,3840x2160,D3D12,0,20336,0x0000000063F0AD60,0,0,Hardware Composed: Independent Flip,0,4560.188375,16.768,17.217,0.188,2.073,2.132,0.124,NA,2775,9001,61,51,NA,NA,NA,NA,NA,NA,0.588,0.849,0.588,70,101,101,NA,4353,14, 41,42.012, 65,29,0,20,0,15,0,12,0,74,2,71,6,0,0,0,0,15,12,10,10,NA,NA,NA,NA,NA,NA,NA,NA,NA,NA,NA,NA,NA,NA,NA,NA,NA,NA,NA,NA,NA,NA,NA,NA,NA,NA,NA,NA,NA,NA,NA,NA,NA,NA,NA,NA,NA,NA,NA,NA,NA,NA,NA,NA,NA,NA,NA,NA
ImmortalsOfAveum-Win64-Shipping.exe,NVIDIA GeForce RTX 4060 Ti,12th Gen Intel(R) Core(TM) i7-12700,3840x2160,D3D12,0,20336,0x0000000063F0AD60,0,0,Hardware Composed: Independent Flip,0,4560.205945,17.570,18.564,0.156,0.352,3.126,0.020,NA,2775,9001,61,51,NA,NA,NA,NA,NA,NA,0.561,0.810,0.561,70,101,101,NA,4353,14, 41,42.012, 65,29,0,20,0,15,0,12,0,74,2,71,6,0,0,0,0,15,12,10,10,NA,NA,NA,NA,NA,NA,NA,NA,NA,NA,NA,NA,NA,NA,NA,NA,NA,NA,NA,NA,NA,NA,NA,NA,NA,NA,NA,NA,NA,NA,NA,NA,NA,NA,NA,NA,NA,NA,NA,NA,NA,NA,NA,NA,NA,NA,NA,NA
ImmortalsOfAveum-Win64-Shipping.exe,NVIDIA GeForce RTX 4060 Ti,12th Gen Intel(R) Core(TM) i7-12700,3840x2160,D3D12,0,20336,0x0000000063F0AD60,0,0,Hardware Composed: Independent Flip,0,4560.223156,17.211,16.300,0.205,2.157,2.215,0.125,NA,2775,9001,61,51,NA,NA,NA,NA,NA,NA,0.585,0.849,0.585,68,99,99,NA,4367,15, 41,42.012, 65,32,1,20,1,19,1,4,1,75,1,78,1,4,1,1,1,17,14,13,12,NA,NA,NA,NA,NA,NA,NA,NA,NA,NA,NA,NA,NA,NA,NA,NA,NA,NA,NA,NA,NA,NA,NA,NA,NA,NA,NA,NA,NA,NA,NA,NA,NA,NA,NA,NA,NA,NA,NA,NA,NA,NA,NA,NA,NA,NA,NA,NA
ImmortalsOfAveum-Win64-Shipping.exe,NVIDIA GeForce RTX 4060 Ti,12th Gen Intel(R) Core(TM) i7-12700,3840x2160,D3D12,0,20336,0x0000000063F0AD60,0,0,Hardware Composed: Independent Flip,0,4560.238116,14.961,15.933,0.151,0.546,3.187,0.037,NA,2775,9001,61,51,NA,NA,NA,NA,NA,NA,0.673,0.976,0.673,68,99,99,NA,4367,15, 41,42.012, 65,32,1,20,1,19,1,4,1,75,1,78,1,4,1,1,1,17,14,13,12,NA,NA,NA,NA,NA,NA,NA,NA,NA,NA,NA,NA,NA,NA,NA,NA,NA,NA,NA,NA,NA,NA,NA,NA,NA,NA,NA,NA,NA,NA,NA,NA,NA,NA,NA,NA,NA,NA,NA,NA,NA,NA,NA,NA,NA,NA,NA,NA
ImmortalsOfAveum-Win64-Shipping.exe,NVIDIA GeForce RTX 4060 Ti,12th Gen Intel(R) Core(TM) i7-12700,3840x2160,D3D12,0,20336,0x0000000063F0AD60,0,0,Hardware Composed: Independent Flip,0,4560.255011,16.895,15.575,0.235,1.854,1.867,0.110,NA,2775,9001,61,51,NA,NA,NA,NA,NA,NA,0.596,0.865,0.596,68,99,99,NA,4367,15, 41,43.258, 65,32,1,20,1,19,1,4,1,75,1,78,1,4,1,1,1,17,14,13,12,NA,NA,NA,NA,NA,NA,NA,NA,NA,NA,NA,NA,NA,NA,NA,NA,NA,NA,NA,NA,NA,NA,NA,NA,NA,NA,NA,NA,NA,NA,NA,NA,NA,NA,NA,NA,NA,NA,NA,NA,NA,NA,NA,NA,NA,NA,NA,NA
ImmortalsOfAveum-Win64-Shipping.exe,NVIDIA GeForce RTX 4060 Ti,12th Gen Intel(R) Core(TM) i7-12700,3840x2160,D3D12,0,20336,0x0000000063F0AD60,0,0,Hardware Composed: Independent Flip,0,4560.270768,15.757,16.887,0.157,0.732,2.997,0.046,NA,2775,9001,61,51,NA,NA,NA,NA,NA,NA,0.639,0.927,0.639,68,99,99,NA,4367,15, 41,43.258, 65,32,1,20,1,19,1,4,1,75,1,78,1,4,1,1,1,17,14,13,12,NA,NA,NA,NA,NA,NA,NA,NA,NA,NA,NA,NA,NA,NA,NA,NA,NA,NA,NA,NA,NA,NA,NA,NA,NA,NA,NA,NA,NA,NA,NA,NA,NA,NA,NA,NA,NA,NA,NA,NA,NA,NA,NA,NA,NA,NA,NA,NA
ImmortalsOfAveum-Win64-Shipping.exe,NVIDIA GeForce RTX 4060 Ti,12th Gen Intel(R) Core(TM) i7-12700,3840x2160,D3D12,0,20336,0x0000000063F0AD60,0,0,Hardware Composed: Independent Flip,0,4560.287238,16.470,15.882,0.234,2.351,2.408,0.143,NA,2775,9001,61,51,NA,NA,NA,NA,NA,NA,0.611,0.887,0.611,68,99,99,NA,4367,15, 41,43.258, 65,32,1,20,1,19,1,4,1,75,1,78,1,4,1,1,1,17,14,13,12,NA,NA,NA,NA,NA,NA,NA,NA,NA,NA,NA,NA,NA,NA,NA,NA,NA,NA,NA,NA,NA,NA,NA,NA,NA,NA,NA,NA,NA,NA,NA,NA,NA,NA,NA,NA,NA,NA,NA,NA,NA,NA,NA,NA,NA,NA,NA,NA
ImmortalsOfAveum-Win64-Shipping.exe,NVIDIA GeForce RTX 4060 Ti,12th Gen Intel(R) Core(TM) i7-12700,3840x2160,D3D12,0,20336,0x0000000063F0AD60,0,0,Hardware Composed: Independent Flip,0,4560.305035,17.797,17.323,0.164,0.340,1.934,0.019,NA,2775,9001,61,51,NA,NA,NA,NA,NA,NA,0.566,0.821,0.566,68,99,99,NA,4367,15, 41,43.258, 65,32,1,20,1,19,1,4,1,75,1,78,1,4,1,1,1,17,14,13,12,NA,NA,NA,NA,NA,NA,NA,NA,NA,NA,NA,NA,NA,NA,NA,NA,NA,NA,NA,NA,NA,NA,NA,NA,NA,NA,NA,NA,NA,NA,NA,NA,NA,NA,NA,NA,NA,NA,NA,NA,NA,NA,NA,NA,NA,NA,NA,NA
ImmortalsOfAveum-Win64-Shipping.exe,NVIDIA GeForce RTX 4060 Ti,12th Gen Intel(R) Core(TM) i7-12700,3840x2160,D3D12,0,20336,0x0000000063F0AD60,0,0,Hardware Composed: Independent Flip,0,4560.322020,16.984,16.953,0.249,1.844,1.902,0.109,NA,2775,9001,61,51,NA,NA,NA,NA,NA,NA,0.593,0.860,0.593,68,99,99,NA,4367,15, 41,43.258, 65,32,1,20,1,19,1,4,1,75,1,78,1,4,1,1,1,17,14,13,12,NA,NA,NA,NA,NA,NA,NA,NA,NA,NA,NA,NA,NA,NA,NA,NA,NA,NA,NA,NA,NA,NA,NA,NA,NA,NA,NA,NA,NA,NA,NA,NA,NA,NA,NA,NA,NA,NA,NA,NA,NA,NA,NA,NA,NA,NA,NA,NA
ImmortalsOfAveum-Win64-Shipping.exe,NVIDIA GeForce RTX 4060 Ti,12th Gen Intel(R) Core(TM) i7-12700,3840x2160,D3D12,0,20336,0x0000000063F0AD60,0,0,Hardware Composed: Independent Flip,0,4560.337704,15.684,15.190,0.154,0.537,1.408,0.034,NA,2775,9001,61,51,NA,NA,NA,NA,NA,NA,0.642,0.931,0.642,68,99,99,NA,4367,15, 41,43.258, 65,32,1,20,1,19,1,4,1,75,1,78,1,4,1,1,1,17,14,13,12,NA,NA,NA,NA,NA,NA,NA,NA,NA,NA,NA,NA,NA,NA,NA,NA,NA,NA,NA,NA,NA,NA,NA,NA,NA,NA,NA,NA,NA,NA,NA,NA,NA,NA,NA,NA,NA,NA,NA,NA,NA,NA,NA,NA,NA,NA,NA,NA
ImmortalsOfAveum-Win64-Shipping.exe,NVIDIA GeForce RTX 4060 Ti,12th Gen Intel(R) Core(TM) i7-12700,3840x2160,D3D12,0,20336,0x0000000063F0AD60,0,0,Hardware Composed: Independent Flip,0,4560.354585,16.881,17.971,0.209,2.440,2.498,0.145,NA,2775,9001,61,51,NA,NA,NA,NA,NA,NA,0.596,0.865,0.596,68,99,99,NA,4367,15, 41,43.258, 65,32,1,20,1,19,1,4,1,75,1,78,1,4,1,1,1,17,14,13,12,NA,NA,NA,NA,NA,NA,NA,NA,NA,NA,NA,NA,NA,NA,NA,NA,NA,NA,NA,NA,NA,NA,NA,NA,NA,NA,NA,NA,NA,NA,NA,NA,NA,NA,NA,NA,NA,NA,NA,NA,NA,NA,NA,NA,NA,NA,NA,NA
ImmortalsOfAveum-Win64-Shipping.exe,NVIDIA GeForce RTX 4060 Ti,12th Gen Intel(R) Core(TM) i7-12700,3840x2160,D3D12,0,20336,0x0000000063F0AD60,0,0,Hardware Composed: Independent Flip,0,4560.372407,17.822,17.417,0.181,0.350,2.093,0.020,NA,2775,9001,61,51,NA,NA,NA,NA,NA,NA,0.565,0.820,0.565,68,99,99,NA,4367,15, 41,43.258, 65,32,1,20,1,19,1,4,1,75,1,78,1,4,1,1,1,17,14,13,12,NA,NA,NA,NA,NA,NA,NA,NA,NA,NA,NA,NA,NA,NA,NA,NA,NA,NA,NA,NA,NA,NA,NA,NA,NA,NA,NA,NA,NA,NA,NA,NA,NA,NA,NA,NA,NA,NA,NA,NA,NA,NA,NA,NA,NA,NA,NA,NA
ImmortalsOfAveum-Win64-Shipping.exe,NVIDIA GeForce RTX 4060 Ti,12th Gen Intel(R) Core(TM) i7-12700,3840x2160,D3D12,0,20336,0x0000000063F0AD60,0,0,Hardware Composed: Independent Flip,0,4560.389471,17.064,17.396,0.208,2.365,2.425,0.139,NA,2775,9001,61,51,NA,NA,NA,NA,NA,NA,0.590,0.856,0.590,68,99,99,NA,4367,15, 41,43.258, 65,32,1,20,1,19,1,4,1,75,1,78,1,4,1,1,1,17,14,13,12,NA,NA,NA,NA,NA,NA,NA,NA,NA,NA,NA,NA,NA,NA,NA,NA,NA,NA,NA,NA,NA,NA,NA,NA,NA,NA,NA,NA,NA,NA,NA,NA,NA,NA,NA,NA,NA,NA,NA,NA,NA,NA,NA,NA,NA,NA,NA,NA
ImmortalsOfAveum-Win64-Shipping.exe,NVIDIA GeForce RTX 4060 Ti,12th Gen Intel(R) Core(TM) i7-12700,3840x2160,D3D12,0,20336,0x0000000063F0AD60,0,0,Hardware Composed: Independent Flip,0,4560.405392,15.921,15.871,0.156,0.347,2.375,0.022,NA,2775,9001,61,51,NA,NA,NA,NA,NA,NA,0.632,0.917,0.632,68,99,99,NA,4367,15, 41,43.258, 65,32,1,20,1,19,1,4,1,75,1,78,1,4,1,1,1,17,14,13,12,NA,NA,NA,NA,NA,NA,NA,NA,NA,NA,NA,NA,NA,NA,NA,NA,NA,NA,NA,NA,NA,NA,NA,NA,NA,NA,NA,NA,NA,NA,NA,NA,NA,NA,NA,NA,NA,NA,NA,NA,NA,NA,NA,NA,NA,NA,NA,NA
ImmortalsOfAveum-Win64-Shipping.exe,NVIDIA GeForce RTX 4060 Ti,12th Gen Intel(R) Core(TM) i7-12700,3840x2160,D3D12,0,20336,0x0000000063F0AD60,0,0,Hardware Composed: Independent Flip,0,4560.422498,17.106,17.272,0.204,2.479,2.541,0.145,NA,2775,9001,61,51,NA,NA,NA,NA,NA,NA,0.588,0.854,0.588,68,99,99,NA,4367,15, 41,43.258, 65,32,1,20,1,19,1,4,1,75,1,78,1,4,1,1,1,17,14,13,12,NA,NA,NA,NA,NA,NA,NA,NA,NA,NA,NA,NA,NA,NA,NA,NA,NA,NA,NA,NA,NA,NA,NA,NA,NA,NA,NA,NA,NA,NA,NA,NA,NA,NA,NA,NA,NA,NA,NA,NA,NA,NA,NA,NA,NA,NA,NA,NA
ImmortalsOfAveum-Win64-Shipping.exe,NVIDIA GeForce RTX 4060 Ti,12th Gen Intel(R) Core(TM) i7-12700,3840x2160,D3D12,0,20336,0x0000000063F0AD60,0,0,Hardware Composed: Independent Flip,0,4560.437720,15.222,15.992,0.139,0.533,3.311,0.035,NA,2775,9001,61,51,NA,NA,NA,NA,NA,NA,0.661,0.960,0.661,68,99,99,NA,4367,15, 41,43.258, 65,32,1,20,1,19,1,4,1,75,1,78,1,4,1,1,1,17,14,13,12,NA,NA,NA,NA,NA,NA,NA,NA,NA,NA,NA,NA,NA,NA,NA,NA,NA,NA,NA,NA,NA,NA,NA,NA,NA,NA,NA,NA,NA,NA,NA,NA,NA,NA,NA,NA,NA,NA,NA,NA,NA,NA,NA,NA,NA,NA,NA,NA
ImmortalsOfAveum-Win64-Shipping.exe,NVIDIA GeForce RTX 4060 Ti,12th Gen Intel(R) Core(TM) i7-12700,3840x2160,D3D12,0,20336,0x0000000063F0AD60,0,0,Hardware Composed: Independent Flip,0,4560.454216,16.496,15.582,0.287,2.337,2.397,0.142,NA,2775,9001,61,51,NA,NA,NA,NA,NA,NA,0.610,0.885,0.610,68,99,99,NA,4367,15, 41,43.354, 65,32,1,20,1,19,1,4,1,75,1,78,1,4,1,1,1,17,14,13,12,NA,NA,NA,NA,NA,NA,NA,NA,NA,NA,NA,NA,NA,NA,NA,NA,NA,NA,NA,NA,NA,NA,NA,NA,NA,NA,NA,NA,NA,NA,NA,NA,NA,NA,NA,NA,NA,NA,NA,NA,NA,NA,NA,NA,NA,NA,NA,NA
ImmortalsOfAveum-Win64-Shipping.exe,NVIDIA GeForce RTX 4060 Ti,12th Gen Intel(R) Core(TM) i7-12700,3840x2160,D3D12,0,20336,0x0000000063F0AD60,0,0,Hardware Composed: Independent Flip,0,4560.471948,17.732,18.718,0.162,0.360,3.383,0.020,NA,2775,9001,61,51,NA,NA,NA,NA,NA,NA,0.568,0.824,0.568,68,99,99,NA,4367,15, 41,43.354, 65,32,1,20,1,19,1,4,1,75,1,78,1,4,1,1,1,17,14,13,12,NA,NA,NA,NA,NA,NA,NA,NA,NA,NA,NA,NA,NA,NA,NA,NA,NA,NA,NA,NA,NA,NA,NA,NA,NA,NA,NA,NA,NA,NA,NA,NA,NA,NA,NA,NA,NA,NA,NA,NA,NA,NA,NA,NA,NA,NA,NA,NA
ImmortalsOfAveum-Win64-Shipping.exe,NVIDIA GeForce RTX 4060 Ti,12th Gen Intel(R) Core(TM) i7-12700,3840x2160,D3D12,0,20336,0x0000000063F0AD60,0,0,Hardware Composed: Independent Flip,0,4560.488860,16.912,15.367,0.234,1.781,1.839,0.105,NA,2775,9001,61,51,NA,NA,NA,NA,NA,NA,0.595,0.864,0.595,68,99,99,NA,4367,15, 41,43.354, 65,32,1,20,1,19,1,4,1,75,1,78,1,4,1,1,1,17,14,13,12,NA,NA,NA,NA,NA,NA,NA,NA,NA,NA,NA,NA,NA,NA,NA,NA,NA,NA,NA,NA,NA,NA,NA,NA,NA,NA,NA,NA,NA,NA,NA,NA,NA,NA,NA,NA,NA,NA,NA,NA,NA,NA,NA,NA,NA,NA,NA,NA
ImmortalsOfAveum-Win64-Shipping.exe,NVIDIA GeForce RTX 4060 Ti,12th Gen Intel(R) Core(TM) i7-12700,3840x2160,D3D12,0,20336,0x0000000063F0AD60,0,0,Hardware Composed: Independent Flip,0,4560.504361,15.501,16.075,0.134,0.567,2.412,0.037,NA,2775,9001,61,51,NA,NA,NA,NA,NA,NA,0.649,0.942,0.649,68,99,99,NA,4367,15, 41,43.354, 65,32,1,20,1,19,1,4,1,75,1,78,1,4,1,1,1,17,14,13,12,NA,NA,NA,NA,NA,NA,NA,NA,NA,NA,NA,NA,NA,NA,NA,NA,NA,NA,NA,NA,NA,NA,NA,NA,NA,NA,NA,NA,NA,NA,NA,NA,NA,NA,NA,NA,NA,NA,NA,NA,NA,NA,NA,NA,NA,NA,NA,NA
ImmortalsOfAveum-Win64-Shipping.exe,NVIDIA GeForce RTX 4060 Ti,12th Gen Intel(R) Core(TM) i7-12700,3840x2160,D3D12,0,20336,0x0000000063F0AD60,0,0,Hardware Composed: Independent Flip,0,4560.521396,17.035,16.453,0.193,1.770,1.831,0.104,NA,2775,9001,61,51,NA,NA,NA,NA,NA,NA,0.591,0.857,0.591,68,99,99,NA,4367,15, 41,43.354, 65,32,1,20,1,19,1,4,1,75,1,78,1,4,1,1,1,17,14,13,12,NA,NA,NA,NA,NA,NA,NA,NA,NA,NA,NA,NA,NA,NA,NA,NA,NA,NA,NA,NA,NA,NA,NA,NA,NA,NA,NA,NA,NA,NA,NA,NA,NA,NA,NA,NA,NA,NA,NA,NA,NA,NA,NA,NA,NA,NA,NA,NA
ImmortalsOfAveum-Win64-Shipping.exe,NVIDIA GeForce RTX 4060 Ti,12th Gen Intel(R) Core(TM) i7-12700,3840x2160,D3D12,0,20336,0x0000000063F0AD60,0,0,Hardware Composed: Independent Flip,0,4560.538637,17.241,17.235,0.156,0.351,1.824,0.020,NA,2775,9001,61,51,NA,NA,NA,NA,NA,NA,0.584,0.847,0.584,68,99,99,NA,4367,15, 41,43.354, 65,32,1,20,1,19,1,4,1,75,1,78,1,4,1,1,1,17,14,13,12,NA,NA,NA,NA,NA,NA,NA,NA,NA,NA,NA,NA,NA,NA,NA,NA,NA,NA,NA,NA,NA,NA,NA,NA,NA,NA,NA,NA,NA,NA,NA,NA,NA,NA,NA,NA,NA,NA,NA,NA,NA,NA,NA,NA,NA,NA,NA,NA
ImmortalsOfAveum-Win64-Shipping.exe,NVIDIA GeForce RTX 4060 Ti,12th Gen Intel(R) Core(TM) i7-12700,3840x2160,D3D12,0,20336,0x0000000063F0AD60,0,0,Hardware Composed: Independent Flip,0,4560.555651,17.014,17.545,0.223,2.296,2.355,0.135,NA,2775,9001,61,51,NA,NA,NA,NA,NA,NA,0.592,0.858,0.592,68,99,99,NA,4367,15, 41,43.354, 65,32,1,20,1,19,1,4,1,75,1,78,1,4,1,1,1,17,14,13,12,NA,NA,NA,NA,NA,NA,NA,NA,NA,NA,NA,NA,NA,NA,NA,NA,NA,NA,NA,NA,NA,NA,NA,NA,NA,NA,NA,NA,NA,NA,NA,NA,NA,NA,NA,NA,NA,NA,NA,NA,NA,NA,NA,NA,NA,NA,NA,NA
ImmortalsOfAveum-Win64-Shipping.exe,NVIDIA GeForce RTX 4060 Ti,12th Gen Intel(R) Core(TM) i7-12700,3840x2160,D3D12,0,20336,0x0000000063F0AD60,0,0,Hardware Composed: Independent Flip,0,4560.571663,16.012,15.370,0.132,0.634,1.714,0.040,NA,2775,9001,61,51,NA,NA,NA,NA,NA,NA,0.629,0.912,0.629,68,99,99,NA,4367,15, 41,43.354, 65,32,1,20,1,19,1,4,1,75,1,78,1,4,1,1,1,17,14,13,12,NA,NA,NA,NA,NA,NA,NA,NA,NA,NA,NA,NA,NA,NA,NA,NA,NA,NA,NA,NA,NA,NA,NA,NA,NA,NA,NA,NA,NA,NA,NA,NA,NA,NA,NA,NA,NA,NA,NA,NA,NA,NA,NA,NA,NA,NA,NA,NA
ImmortalsOfAveum-Win64-Shipping.exe,NVIDIA GeForce RTX 4060 Ti,12th Gen Intel(R) Core(TM) i7-12700,3840x2160,D3D12,0,20336,0x0000000063F0AD60,0,0,Hardware Composed: Independent Flip,0,4560.588738,17.075,17.356,0.207,1.935,1.995,0.113,NA,2775,9001,61,51,NA,NA,NA,NA,NA,NA,0.589,0.855,0.589,68,99,99,NA,4367,15, 41,43.354, 65,32,1,20,1,19,1,4,1,75,1,78,1,4,1,1,1,17,14,13,12,NA,NA,NA,NA,NA,NA,NA,NA,NA,NA,NA,NA,NA,NA,NA,NA,NA,NA,NA,NA,NA,NA,NA,NA,NA,NA,NA,NA,NA,NA,NA,NA,NA,NA,NA,NA,NA,NA,NA,NA,NA,NA,NA,NA,NA,NA,NA,NA
ImmortalsOfAveum-Win64-Shipping.exe,NVIDIA GeForce RTX 4060 Ti,12th Gen Intel(R) Core(TM) i7-12700,3840x2160,D3D12,0,20336,0x0000000063F0AD60,0,0,Hardware Composed: Independent Flip,0,4560.606089,17.351,17.875,0.167,0.351,2.519,0.020,NA,2775,9001,61,51,NA,NA,NA,NA,NA,NA,0.580,0.842,0.580,68,99,99,NA,4367,15, 41,43.354, 65,32,1,20,1,19,1,4,1,75,1,78,1,4,1,1,1,17,14,13,12,NA,NA,NA,NA,NA,NA,NA,NA,NA,NA,NA,NA,NA,NA,NA,NA,NA,NA,NA,NA,NA,NA,NA,NA,NA,NA,NA,NA,NA,NA,NA,NA,NA,NA,NA,NA,NA,NA,NA,NA,NA,NA,NA,NA,NA,NA,NA,NA
ImmortalsOfAveum-Win64-Shipping.exe,NVIDIA GeForce RTX 4060 Ti,12th Gen Intel(R) Core(TM) i7-12700,3840x2160,D3D12,0,20336,0x0000000063F0AD60,0,0,Hardware Composed: Independent Flip,0,4560.623169,17.080,16.771,0.220,2.196,2.209,0.129,NA,2775,9001,61,51,NA,NA,NA,NA,NA,NA,0.589,0.855,0.589,68,99,99,NA,4367,15, 41,43.354, 65,32,1,20,1,19,1,4,1,75,1,78,1,4,1,1,1,17,14,13,12,NA,NA,NA,NA,NA,NA,NA,NA,NA,NA,NA,NA,NA,NA,NA,NA,NA,NA,NA,NA,NA,NA,NA,NA,NA,NA,NA,NA,NA,NA,NA,NA,NA,NA,NA,NA,NA,NA,NA,NA,NA,NA,NA,NA,NA,NA,NA,NA
ImmortalsOfAveum-Win64-Shipping.exe,NVIDIA GeForce RTX 4060 Ti,12th Gen Intel(R) Core(TM) i7-12700,3840x2160,D3D12,0,20336,0x0000000063F0AD60,0,0,Hardware Composed: Independent Flip,0,4560.638224,15.055,15.263,0.153,0.516,2.418,0.034,NA,2775,9001,61,51,NA,NA,NA,NA,NA,NA,0.669,0.970,0.669,68,99,99,NA,4367,15, 41,43.354, 65,32,1,20,1,19,1,4,1,75,1,78,1,4,1,1,1,17,14,13,12,NA,NA,NA,NA,NA,NA,NA,NA,NA,NA,NA,NA,NA,NA,NA,NA,NA,NA,NA,NA,NA,NA,NA,NA,NA,NA,NA,NA,NA,NA,NA,NA,NA,NA,NA,NA,NA,NA,NA,NA,NA,NA,NA,NA,NA,NA,NA,NA
ImmortalsOfAveum-Win64-Shipping.exe,NVIDIA GeForce RTX 4060 Ti,12th Gen Intel(R) Core(TM) i7-12700,3840x2160,D3D12,0,20336,0x0000000063F0AD60,0,0,Hardware Composed: Independent Flip,0,4560.655044,16.820,16.193,0.226,1.729,1.791,0.103,NA,2775,9001,61,51,NA,NA,NA,NA,NA,NA,0.598,0.868,0.598,68,99,99,NA,4367,15, 39,42.156, 65,32,1,20,1,19,1,4,1,75,1,78,1,4,1,1,1,17,14,13,12,NA,NA,NA,NA,NA,NA,NA,NA,NA,NA,NA,NA,NA,NA,NA,NA,NA,NA,NA,NA,NA,NA,NA,NA,NA,NA,NA,NA,NA,NA,NA,NA,NA,NA,NA,NA,NA,NA,NA,NA,NA,NA,NA,NA,NA,NA,NA,NA
ImmortalsOfAveum-Win64-Shipping.exe,NVIDIA GeForce RTX 4060 Ti,12th Gen Intel(R) Core(TM) i7-12700,3840x2160,D3D12,0,20336,0x0000000063F0AD60,0,0,Hardware Composed: Independent Flip,0,4560.672196,17.152,18.364,0.154,0.361,3.003,0.021,NA,2775,9001,61,51,NA,NA,NA,NA,NA,NA,0.587,0.852,0.587,68,99,99,NA,4367,15, 39,42.156, 65,32,1,20,1,19,1,4,1,75,1,78,1,4,1,1,1,17,14,13,12,NA,NA,NA,NA,NA,NA,NA,NA,NA,NA,NA,NA,NA,NA,NA,NA,NA,NA,NA,NA,NA,NA,NA,NA,NA,NA,NA,NA,NA,NA,NA,NA,NA,NA,NA,NA,NA,NA,NA,NA,NA,NA,NA,NA,NA,NA,NA,NA
ImmortalsOfAveum-Win64-Shipping.exe,NVIDIA GeForce RTX 4060 Ti,12th Gen Intel(R) Core(TM) i7-12700,3840x2160,D3D12,0,20336,0x0000000063F0AD60,0,0,Hardware Composed: Independent Flip,0,4560.688996,16.800,16.295,0.235,2.225,2.498,0.132,NA,2775,9001,61,51,NA,NA,NA,NA,NA,NA,0.599,0.869,0.599,68,99,99,NA,4367,15, 39,42.156, 65,32,1,20,1,19,1,4,1,75,1,78,1,4,1,1,1,17,14,13,12,NA,NA,NA,NA,NA,NA,NA,NA,NA,NA,NA,NA,NA,NA,NA,NA,NA,NA,NA,NA,NA,NA,NA,NA,NA,NA,NA,NA,NA,NA,NA,NA,NA,NA,NA,NA,NA,NA,NA,NA,NA,NA,NA,NA,NA,NA,NA,NA
ImmortalsOfAveum-Win64-Shipping.exe,NVIDIA GeForce RTX 4060 Ti,12th Gen Intel(R) Core(TM) i7-12700,3840x2160,D3D12,0,20336,0x0000000063F0AD60,0,0,Hardware Composed: Independent Flip,0,4560.705010,16.014,15.612,0.149,0.548,2.096,0.034,NA,2775,9001,61,51,NA,NA,NA,NA,NA,NA,0.629,0.912,0.629,68,99,99,NA,4367,15, 39,42.156, 65,32,1,20,1,19,1,4,1,75,1,78,1,4,1,1,1,17,14,13,12,NA,NA,NA,NA,NA,NA,NA,NA,NA,NA,NA,NA,NA,NA,NA,NA,NA,NA,NA,NA,NA,NA,NA,NA,NA,NA,NA,NA,NA,NA,NA,NA,NA,NA,NA,NA,NA,NA,NA,NA,NA,NA,NA,NA,NA,NA,NA,NA
ImmortalsOfAveum-Win64-Shipping.exe,NVIDIA GeForce RTX 4060 Ti,12th Gen Intel(R) Core(TM) i7-12700,3840x2160,D3D12,0,20336,0x0000000063F0AD60,0,0,Hardware Composed: Independent Flip,0,4560.721957,16.947,17.190,0.194,2.279,2.339,0.134,NA,2775,9001,62,51,NA,NA,NA,NA,NA,NA,0.581,0.839,0.581,70,101,101,NA,4367,13, 39,42.156, 65,27,0,18,0,13,0,10,0,73,0,76,0,0,0,0,0,13,10,7,8,NA,NA,NA,NA,NA,NA,NA,NA,NA,NA,NA,NA,NA,NA,NA,NA,NA,NA,NA,NA,NA,NA,NA,NA,NA,NA,NA,NA,NA,NA,NA,NA,NA,NA,NA,NA,NA,NA,NA,NA,NA,NA,NA,NA,NA,NA,NA,NA
ImmortalsOfAveum-Win64-Shipping.exe,NVIDIA GeForce RTX 4060 Ti,12th Gen Intel(R) Core(TM) i7-12700,3840x2160,D3D12,0,20336,0x0000000063F0AD60,0,0,Hardware Composed: Independent Flip,0,4560.738099,16.142,16.219,0.149,0.540,2.416,0.033,NA,2775,9001,62,51,NA,NA,NA,NA,NA,NA,0.610,0.881,0.610,70,101,101,NA,4367,13, 39,42.156, 65,27,0,18,0,13,0,10,0,73,0,76,0,0,0,0,0,13,10,7,8,NA,NA,NA,NA,NA,NA,NA,NA,NA,NA,NA,NA,NA,NA,NA,NA,NA,NA,NA,NA,NA,NA,NA,NA,NA,NA,NA,NA,NA,NA,NA,NA,NA,NA,NA,NA,NA,NA,NA,NA,NA,NA,NA,NA,NA,NA,NA,NA
ImmortalsOfAveum-Win64-Shipping.exe,NVIDIA GeForce RTX 4060 Ti,12th Gen Intel(R) Core(TM) i7-12700,3840x2160,D3D12,0,20336,0x0000000063F0AD60,0,0,Hardware Composed: Independent Flip,0,4560.754807,16.707,16.172,0.232,1.822,1.881,0.109,NA,2775,9001,62,51,NA,NA,NA,NA,NA,NA,0.590,0.851,0.590,70,101,101,NA,4367,13, 39,42.156, 65,27,0,18,0,13,0,10,0,73,0,76,0,0,0,0,0,13,10,7,8,NA,NA,NA,NA,NA,NA,NA,NA,NA,NA,NA,NA,NA,NA,NA,NA,NA,NA,NA,NA,NA,NA,NA,NA,NA,NA,NA,NA,NA,NA,NA,NA,NA,NA,NA,NA,NA,NA,NA,NA,NA,NA,NA,NA,NA,NA,NA,NA
ImmortalsOfAveum-Win64-Shipping.exe,NVIDIA GeForce RTX 4060 Ti,12th Gen Intel(R) Core(TM) i7-12700,3840x2160,D3D12,0,20336,0x0000000063F0AD60,0,0,Hardware Composed: Independent Flip,0,4560.772070,17.264,18.086,0.169,0.349,2.703,0.020,NA,2775,9001,62,51,NA,NA,NA,NA,NA,NA,0.571,0.824,0.571,70,101,101,NA,4367,13, 39,42.156, 65,27,0,18,0,13,0,10,0,73,0,76,0,0,0,0,0,13,10,7,8,NA,NA,NA,NA,NA,NA,NA,NA,NA,NA,NA,NA,NA,NA,NA,NA,NA,NA,NA,NA,NA,NA,NA,NA,NA,NA,NA,NA,NA,NA,NA,NA,NA,NA,NA,NA,NA,NA,NA,NA,NA,NA,NA,NA,NA,NA,NA,NA
ImmortalsOfAveum-Win64-Shipping.exe,NVIDIA GeForce RTX 4060 Ti,12th Gen Intel(R) Core(TM) i7-12700,3840x2160,D3D12,0,20336,0x0000000063F0AD60,0,0,Hardware Composed: Independent Flip,0,4560.789176,17.106,16.441,0.224,1.976,2.038,0.116,NA,2775,9001,62,51,NA,NA,NA,NA,NA,NA,0.576,0.831,0.576,70,101,101,NA,4367,13, 39,42.156, 65,27,0,18,0,13,0,10,0,73,0,76,0,0,0,0,0,13,10,7,8,NA,NA,NA,NA,NA,NA,NA,NA,NA,NA,NA,NA,NA,NA,NA,NA,NA,NA,NA,NA,NA,NA,NA,NA,NA,NA,NA,NA,NA,NA,NA,NA,NA,NA,NA,NA,NA,NA,NA,NA,NA,NA,NA,NA,NA,NA,NA,NA
ImmortalsOfAveum-Win64-Shipping.exe,NVIDIA GeForce RTX 4060 Ti,12th Gen Intel(R) Core(TM) i7-12700,3840x2160,D3D12,0,20336,0x0000000063F0AD60,0,0,Hardware Composed: Independent Flip,0,4560.805653,16.477,16.178,0.154,0.351,1.740,0.021,NA,2775,9001,62,51,NA,NA,NA,NA,NA,NA,0.598,0.863,0.598,70,101,101,NA,4367,13, 39,42.156, 65,27,0,18,0,13,0,10,0,73,0,76,0,0,0,0,0,13,10,7,8,NA,NA,NA,NA,NA,NA,NA,NA,NA,NA,NA,NA,NA,NA,NA,NA,NA,NA,NA,NA,NA,NA,NA,NA,NA,NA,NA,NA,NA,NA,NA,NA,NA,NA,NA,NA,NA,NA,NA,NA,NA,NA,NA,NA,NA,NA,NA,NA
ImmortalsOfAveum-Win64-Shipping.exe,NVIDIA GeForce RTX 4060 Ti,12th Gen Intel(R) Core(TM) i7-12700,3840x2160,D3D12,0,20336,0x0000000063F0AD60,0,0,Hardware Composed: Independent Flip,0,4560.822795,17.142,17.381,0.200,1.919,1.978,0.112,NA,2775,9001,62,51,NA,NA,NA,NA,NA,NA,0.575,0.829,0.575,70,101,101,NA,4367,13, 39,42.156, 65,27,0,18,0,13,0,10,0,73,0,76,0,0,0,0,0,13,10,7,8,NA,NA,NA,NA,NA,NA,NA,NA,NA,NA,NA,NA,NA,NA,NA,NA,NA,NA,NA,NA,NA,NA,NA,NA,NA,NA,NA,NA,NA,NA,NA,NA,NA,NA,NA,NA,NA,NA,NA,NA,NA,NA,NA,NA,NA,NA,NA,NA
ImmortalsOfAveum-Win64-Shipping.exe,NVIDIA GeForce RTX 4060 Ti,12th Gen Intel(R) Core(TM) i7-12700,3840x2160,D3D12,0,20336,0x0000000063F0AD60,0,0,Hardware Composed: Independent Flip,0,4560.838414,15.619,15.695,0.159,0.538,2.054,0.034,NA,2775,9001,62,51,NA,NA,NA,NA,NA,NA,0.631,0.910,0.631,70,101,101,NA,4367,13, 39,42.156, 65,27,0,18,0,13,0,10,0,73,0,76,0,0,0,0,0,13,10,7,8,NA,NA,NA,NA,NA,NA,NA,NA,NA,NA,NA,NA,NA,NA,NA,NA,NA,NA,NA,NA,NA,NA,NA,NA,NA,NA,NA,NA,NA,NA,NA,NA,NA,NA,NA,NA,NA,NA,NA,NA,NA,NA,NA,NA,NA,NA,NA,NA
ImmortalsOfAveum-Win64-Shipping.exe,NVIDIA GeForce RTX 4060 Ti,12th Gen Intel(R) Core(TM) i7-12700,3840x2160,D3D12,0,20336,0x0000000063F0AD60,0,0,Hardware Composed: Independent Flip,0,4560.855128,16.714,16.957,0.267,2.286,2.298,0.137,NA,2775,9001,62,51,NA,NA,NA,NA,NA,NA,0.590,0.851,0.590,70,101,101,NA,4367,13, 42,42.381, 65,27,0,18,0,13,0,10,0,73,0,76,0,0,0,0,0,13,10,7,8,NA,NA,NA,NA,NA,NA,NA,NA,NA,NA,NA,NA,NA,NA,NA,NA,NA,NA,NA,NA,NA,NA,NA,NA,NA,NA,NA,NA,NA,NA,NA,NA,NA,NA,NA,NA,NA,NA,NA,NA,NA,NA,NA,NA,NA,NA,NA,NA
ImmortalsOfAveum-Win64-Shipping.exe,NVIDIA GeForce RTX 4060 Ti,12th Gen Intel(R) Core(TM) i7-12700,3840x2160,D3D12,0,20336,0x0000000063F0AD60,0,0,Hardware Composed: Independent Flip,0,4560.871386,16.258,16.824,0.168,0.514,2.864,0.032,NA,2775,9001,62,51,NA,NA,NA,NA,NA,NA,0.606,0.875,0.606,70,101,101,NA,4367,13, 42,42.381, 65,27,0,18,0,13,0,10,0,73,0,76,0,0,0,0,0,13,10,7,8,NA,NA,NA,NA,NA,NA,NA,NA,NA,NA,NA,NA,NA,NA,NA,NA,NA,NA,NA,NA,NA,NA,NA,NA,NA,NA,NA,NA,NA,NA,NA,NA,NA,NA,NA,NA,NA,NA,NA,NA,NA,NA,NA,NA,NA,NA,NA,NA
ImmortalsOfAveum-Win64-Shipping.exe,NVIDIA GeForce RTX 4060 Ti,12th Gen Intel(R) Core(TM) i7-12700,3840x2160,D3D12,0,20336,0x0000000063F0AD60,0,0,Hardware Composed: Independent Flip,0,4560.888037,16.651,15.692,0.221,1.845,1.904,0.111,NA,2775,9001,62,51,NA,NA,NA,NA,NA,NA,0.592,0.854,0.592,70,101,101,NA,4367,13, 42,42.381, 65,27,0,18,0,13,0,10,0,73,0,76,0,0,0,0,0,13,10,7,8,NA,NA,NA,NA,NA,NA,NA,NA,NA,NA,NA,NA,NA,NA,NA,NA,NA,NA,NA,NA,NA,NA,NA,NA,NA,NA,NA,NA,NA,NA,NA,NA,NA,NA,NA,NA,NA,NA,NA,NA,NA,NA,NA,NA,NA,NA,NA,NA
ImmortalsOfAveum-Win64-Shipping.exe,NVIDIA GeForce RTX 4060 Ti,12th Gen Intel(R) Core(TM) i7-12700,3840x2160,D3D12,0,20336,0x0000000063F0AD60,0,0,Hardware Composed: Independent Flip,0,4560.905259,17.222,18.084,0.156,0.364,2.766,0.021,NA,2775,9001,62,51,NA,NA,NA,NA,NA,NA,0.572,0.826,0.572,70,101,101,NA,4367,13, 42,42.381, 65,27,0,18,0,13,0,10,0,73,0,76,0,0,0,0,0,13,10,7,8,NA,NA,NA,NA,NA,NA,NA,NA,NA,NA,NA,NA,NA,NA,NA,NA,NA,NA,NA,NA,NA,NA,NA,NA,NA,NA,NA,NA,NA,NA,NA,NA,NA,NA,NA,NA,NA,NA,NA,NA,NA,NA,NA,NA,NA,NA,NA,NA
ImmortalsOfAveum-Win64-Shipping.exe,NVIDIA GeForce RTX 4060 Ti,12th Gen Intel(R) Core(TM) i7-12700,3840x2160,D3D12,0,20336,0x0000000063F0AD60,0,0,Hardware Composed: Independent Flip,0,4560.922340,17.081,16.115,0.251,1.789,1.800,0.105,NA,2775,9001,62,51,NA,NA,NA,NA,NA,NA,0.577,0.832,0.577,70,101,101,NA,4367,13, 42,42.381, 65,27,0,18,0,13,0,10,0,73,0,76,0,0,0,0,0,13,10,7,8,NA,NA,NA,NA,NA,NA,NA,NA,NA,NA,NA,NA,NA,NA,NA,NA,NA,NA,NA,NA,NA,NA,NA,NA,NA,NA,NA,NA,NA,NA,NA,NA,NA,NA,NA,NA,NA,NA,NA,NA,NA,NA,NA,NA,NA,NA,NA,NA
ImmortalsOfAveum-Win64-Shipping.exe,NVIDIA GeForce RTX 4060 Ti,12th Gen Intel(R) Core(TM) i7-12700,3840x2160,D3D12,0,20336,0x0000000063F0AD60,0,0,Hardware Composed: Independent Flip,0,4560.938030,15.690,15.630,0.148,0.541,1.740,0.035,NA,2775,9001,62,51,NA,NA,NA,NA,NA,NA,0.628,0.906,0.628,70,101,101,NA,4367,13, 42,42.381, 65,27,0,18,0,13,0,10,0,73,0,76,0,0,0,0,0,13,10,7,8,NA,NA,NA,NA,NA,NA,NA,NA,NA,NA,NA,NA,NA,NA,NA,NA,NA,NA,NA,NA,NA,NA,NA,NA,NA,NA,NA,NA,NA,NA,NA,NA,NA,NA,NA,NA,NA,NA,NA,NA,NA,NA,NA,NA,NA,NA,NA,NA
ImmortalsOfAveum-Win64-Shipping.exe,NVIDIA GeForce RTX 4060 Ti,12th Gen Intel(R) Core(TM) i7-12700,3840x2160,D3D12,0,20336,0x0000000063F0AD60,0,0,Hardware Composed: Independent Flip,0,4560.955068,17.039,17.806,0.250,2.449,2.507,0.144,NA,2775,9001,62,51,NA,NA,NA,NA,NA,NA,0.578,0.835,0.578,70,101,101,NA,4367,13, 42,42.381, 65,27,0,18,0,13,0,10,0,73,0,76,0,0,0,0,0,13,10,7,8,NA,NA,NA,NA,NA,NA,NA,NA,NA,NA,NA,NA,NA,NA,NA,NA,NA,NA,NA,NA,NA,NA,NA,NA,NA,NA,NA,NA,NA,NA,NA,NA,NA,NA,NA,NA,NA,NA,NA,NA,NA,NA,NA,NA,NA,NA,NA,NA
ImmortalsOfAveum-Win64-Shipping.exe,NVIDIA GeForce RTX 4060 Ti,12th Gen Intel(R) Core(TM) i7-12700,3840x2160,D3D12,0,20336,0x0000000063F0AD60,0,0,Hardware Composed: Independent Flip,0,4560.971897,16.828,16.102,0.159,0.353,1.781,0.021,NA,2775,9001,62,51,NA,NA,NA,NA,NA,NA,0.586,0.845,0.586,70,101,101,NA,4367,13, 42,42.381, 65,27,0,18,0,13,0,10,0,73,0,76,0,0,0,0,0,13,10,7,8,NA,NA,NA,NA,NA,NA,NA,NA,NA,NA,NA,NA,NA,NA,NA,NA,NA,NA,NA,NA,NA,NA,NA,NA,NA,NA,NA,NA,NA,NA,NA,NA,NA,NA,NA,NA,NA,NA,NA,NA,NA,NA,NA,NA,NA,NA,NA,NA
ImmortalsOfAveum-Win64-Shipping.exe,NVIDIA GeForce RTX 4060 Ti,12th Gen Intel(R) Core(TM) i7-12700,3840x2160,D3D12,0,20336,0x0000000063F0AD60,0,0,Hardware Composed: Independent Flip,0,4560.988894,16.997,17.951,0.197,2.401,2.735,0.141,NA,2775,9001,62,51,NA,NA,NA,NA,NA,NA,0.580,0.837,0.580,70,101,101,NA,4367,13, 42,42.381, 65,27,0,18,0,13,0,10,0,73,0,76,0,0,0,0,0,13,10,7,8,NA,NA,NA,NA,NA,NA,NA,NA,NA,NA,NA,NA,NA,NA,NA,NA,NA,NA,NA,NA,NA,NA,NA,NA,NA,NA,NA,NA,NA,NA,NA,NA,NA,NA,NA,NA,NA,NA,NA,NA,NA,NA,NA,NA,NA,NA,NA,NA
ImmortalsOfAveum-Win64-Shipping.exe,NVIDIA GeForce RTX 4060 Ti,12th Gen Intel(R) Core(TM) i7-12700,3840x2160,D3D12,0,20336,0x0000000063F0AD60,0,0,Hardware Composed: Independent Flip,0,4561.005099,16.205,16.307,0.182,0.566,2.837,0.035,NA,2775,9001,62,51,NA,NA,NA,NA,NA,NA,0.608,0.877,0.608,70,101,101,NA,4367,13, 42,42.381, 65,27,0,18,0,13,0,10,0,73,0,76,0,0,0,0,0,13,10,7,8,NA,NA,NA,NA,NA,NA,NA,NA,NA,NA,NA,NA,NA,NA,NA,NA,NA,NA,NA,NA,NA,NA,NA,NA,NA,NA,NA,NA,NA,NA,NA,NA,NA,NA,NA,NA,NA,NA,NA,NA,NA,NA,NA,NA,NA,NA,NA,NA
ImmortalsOfAveum-Win64-Shipping.exe,NVIDIA GeForce RTX 4060 Ti,12th Gen Intel(R) Core(TM) i7-12700,3840x2160,D3D12,0,20336,0x0000000063F0AD60,0,0,Hardware Composed: Independent Flip,0,4561.022134,17.035,15.998,0.209,1.736,1.800,0.102,NA,2775,9001,62,51,NA,NA,NA,NA,NA,NA,0.578,0.835,0.578,70,101,101,NA,4367,13, 42,42.381, 65,27,0,18,0,13,0,10,0,73,0,76,0,0,0,0,0,13,10,7,8,NA,NA,NA,NA,NA,NA,NA,NA,NA,NA,NA,NA,NA,NA,NA,NA,NA,NA,NA,NA,NA,NA,NA,NA,NA,NA,NA,NA,NA,NA,NA,NA,NA,NA,NA,NA,NA,NA,NA,NA,NA,NA,NA,NA,NA,NA,NA,NA
ImmortalsOfAveum-Win64-Shipping.exe,NVIDIA GeForce RTX 4060 Ti,12th Gen Intel(R) Core(TM) i7-12700,3840x2160,D3D12,0,20336,0x0000000063F0AD60,0,0,Hardware Composed: Independent Flip,0,4561.038067,15.932,17.581,0.166,0.421,3.448,0.026,NA,2775,9001,62,51,NA,NA,NA,NA,NA,NA,0.619,0.892,0.619,70,101,101,NA,4367,13, 42,42.381, 65,27,0,18,0,13,0,10,0,73,0,76,0,0,0,0,0,13,10,7,8,NA,NA,NA,NA,NA,NA,NA,NA,NA,NA,NA,NA,NA,NA,NA,NA,NA,NA,NA,NA,NA,NA,NA,NA,NA,NA,NA,NA,NA,NA,NA,NA,NA,NA,NA,NA,NA,NA,NA,NA,NA,NA,NA,NA,NA,NA,NA,NA
ImmortalsOfAveum-Win64-Shipping.exe,NVIDIA GeForce RTX 4060 Ti,12th Gen Intel(R) Core(TM) i7-12700,3840x2160,D3D12,0,20336,0x0000000063F0AD60,0,0,Hardware Composed: Independent Flip,0,4561.054831,16.764,15.436,0.217,2.061,2.120,0.123,NA,2775,9001,62,51,NA,NA,NA,NA,NA,NA,0.588,0.848,0.588,70,101,101,NA,4367,13, 44,41.246, 65,27,0,18,0,13,0,10,0,73,0,76,0,0,0,0,0,13,10,7,8,NA,NA,NA,NA,NA,NA,NA,NA,NA,NA,NA,NA,NA,NA,NA,NA,NA,NA,NA,NA,NA,NA,NA,NA,NA,NA,NA,NA,NA,NA,NA,NA,NA,NA,NA,NA,NA,NA,NA,NA,NA,NA,NA,NA,NA,NA,NA,NA
ImmortalsOfAveum-Win64-Shipping.exe,NVIDIA GeForce RTX 4060 Ti,12th Gen Intel(R) Core(TM) i7-12700,3840x2160,D3D12,0,20336,0x0000000063F0AD60,0,0,Hardware Composed: Independent Flip,0,4561.072333,17.503,18.030,0.147,0.359,2.647,0.021,NA,2775,9001,62,51,NA,NA,NA,NA,NA,NA,0.563,0.812,0.563,70,101,101,NA,4367,13, 44,41.246, 65,27,0,18,0,13,0,10,0,73,0,76,0,0,0,0,0,13,10,7,8,NA,NA,NA,NA,NA,NA,NA,NA,NA,NA,NA,NA,NA,NA,NA,NA,NA,NA,NA,NA,NA,NA,NA,NA,NA,NA,NA,NA,NA,NA,NA,NA,NA,NA,NA,NA,NA,NA,NA,NA,NA,NA,NA,NA,NA,NA,NA,NA
ImmortalsOfAveum-Win64-Shipping.exe,NVIDIA GeForce RTX 4060 Ti,12th Gen Intel(R) Core(TM) i7-12700,3840x2160,D3D12,0,20336,0x0000000063F0AD60,0,0,Hardware Composed: Independent Flip,0,4561.089391,17.058,16.911,0.231,2.486,2.500,0.146,NA,2775,9001,62,51,NA,NA,NA,NA,NA,NA,0.578,0.834,0.578,70,101,101,NA,4367,13, 44,41.246, 65,27,0,18,0,13,0,10,0,73,0,76,0,0,0,0,0,13,10,7,8,NA,NA,NA,NA,NA,NA,NA,NA,NA,NA,NA,NA,NA,NA,NA,NA,NA,NA,NA,NA,NA,NA,NA,NA,NA,NA,NA,NA,NA,NA,NA,NA,NA,NA,NA,NA,NA,NA,NA,NA,NA,NA,NA,NA,NA,NA,NA,NA
ImmortalsOfAveum-Win64-Shipping.exe,NVIDIA GeForce RTX 4060 Ti,12th Gen Intel(R) Core(TM) i7-12700,3840x2160,D3D12,0,20336,0x0000000063F0AD60,0,0,Hardware Composed: Independent Flip,0,4561.104698,15.307,14.501,0.161,0.708,1.694,0.046,NA,2775,9001,62,51,NA,NA,NA,NA,NA,NA,0.644,0.929,0.644,70,101,101,NA,4367,13, 44,41.246, 65,27,0,18,0,13,0,10,0,73,0,76,0,0,0,0,0,13,10,7,8,NA,NA,NA,NA,NA,NA,NA,NA,NA,NA,NA,NA,NA,NA,NA,NA,NA,NA,NA,NA,NA,NA,NA,NA,NA,NA,NA,NA,NA,NA,NA,NA,NA,NA,NA,NA,NA,NA,NA,NA,NA,NA,NA,NA,NA,NA,NA,NA
ImmortalsOfAveum-Win64-Shipping.exe,NVIDIA GeForce RTX 4060 Ti,12th Gen Intel(R) Core(TM) i7-12700,3840x2160,D3D12,0,20336,0x0000000063F0AD60,0,0,Hardware Composed: Independent Flip,0,4561.121481,16.783,17.119,0.240,1.971,2.030,0.117,NA,2775,9001,62,51,NA,NA,NA,NA,NA,NA,0.587,0.847,0.587,70,101,101,NA,4367,13, 44,41.246, 65,27,0,18,0,13,0,10,0,73,0,76,0,0,0,0,0,13,10,7,8,NA,NA,NA,NA,NA,NA,NA,NA,NA,NA,NA,NA,NA,NA,NA,NA,NA,NA,NA,NA,NA,NA,NA,NA,NA,NA,NA,NA,NA,NA,NA,NA,NA,NA,NA,NA,NA,NA,NA,NA,NA,NA,NA,NA,NA,NA,NA,NA
ImmortalsOfAveum-Win64-Shipping.exe,NVIDIA GeForce RTX 4060 Ti,12th Gen Intel(R) Core(TM) i7-12700,3840x2160,D3D12,0,20336,0x0000000063F0AD60,0,0,Hardware Composed: Independent Flip,0,4561.138932,17.451,17.968,0.170,0.349,2.547,0.020,NA,2775,9001,62,51,NA,NA,NA,NA,NA,NA,0.565,0.815,0.565,70,101,101,NA,4367,13, 44,41.246, 65,27,0,18,0,13,0,10,0,73,0,76,0,0,0,0,0,13,10,7,8,NA,NA,NA,NA,NA,NA,NA,NA,NA,NA,NA,NA,NA,NA,NA,NA,NA,NA,NA,NA,NA,NA,NA,NA,NA,NA,NA,NA,NA,NA,NA,NA,NA,NA,NA,NA,NA,NA,NA,NA,NA,NA,NA,NA,NA,NA,NA,NA
ImmortalsOfAveum-Win64-Shipping.exe,NVIDIA GeForce RTX 4060 Ti,12th Gen Intel(R) Core(TM) i7-12700,3840x2160,D3D12,0,20336,0x0000000063F0AD60,0,0,Hardware Composed: Independent Flip,0,4561.155679,16.747,15.913,0.185,1.700,1.713,0.102,NA,2775,9001,62,51,NA,NA,NA,NA,NA,NA,0.588,0.849,0.588,70,101,101,NA,4367,13, 44,41.246, 65,27,0,18,0,13,0,10,0,73,0,76,0,0,0,0,0,13,10,7,8,NA,NA,NA,NA,NA,NA,NA,NA,NA,NA,NA,NA,NA,NA,NA,NA,NA,NA,NA,NA,NA,NA,NA,NA,NA,NA,NA,NA,NA,NA,NA,NA,NA,NA,NA,NA,NA,NA,NA,NA,NA,NA,NA,NA,NA,NA,NA,NA
ImmortalsOfAveum-Win64-Shipping.exe,NVIDIA GeForce RTX 4060 Ti,12th Gen Intel(R) Core(TM) i7-12700,3840x2160,D3D12,0,20336,0x0000000063F0AD60,0,0,Hardware Composed: Independent Flip,0,4561.171909,16.230,16.619,0.151,0.356,2.102,0.022,NA,2775,9001,62,51,NA,NA,NA,NA,NA,NA,0.607,0.876,0.607,70,101,101,NA,4367,13, 44,41.246, 65,27,0,18,0,13,0,10,0,73,0,76,0,0,0,0,0,13,10,7,8,NA,NA,NA,NA,NA,NA,NA,NA,NA,NA,NA,NA,NA,NA,NA,NA,NA,NA,NA,NA,NA,NA,NA,NA,NA,NA,NA,NA,NA,NA,NA,NA,NA,NA,NA,NA,NA,NA,NA,NA,NA,NA,NA,NA,NA,NA,NA,NA
ImmortalsOfAveum-Win64-Shipping.exe,NVIDIA GeForce RTX 4060 Ti,12th Gen Intel(R) Core(TM) i7-12700,3840x2160,D3D12,0,20336,0x0000000063F0AD60,0,0,Hardware Composed: Independent Flip,0,4561.188907,16.998,17.159,0.246,2.249,2.264,0.132,NA,2775,9001,62,51,NA,NA,NA,NA,NA,NA,0.580,0.837,0.580,70,101,101,NA,4367,13, 44,41.246, 65,27,0,18,0,13,0,10,0,73,0,76,0,0,0,0,0,13,10,7,8,NA,NA,NA,NA,NA,NA,NA,NA,NA,NA,NA,NA,NA,NA,NA,NA,NA,NA,NA,NA,NA,NA,NA,NA,NA,NA,NA,NA,NA,NA,NA,NA,NA,NA,NA,NA,NA,NA,NA,NA,NA,NA,NA,NA,NA,NA,NA,NA
ImmortalsOfAveum-Win64-Shipping.exe,NVIDIA GeForce RTX 4060 Ti,12th Gen Intel(R) Core(TM) i7-12700,3840x2160,D3D12,0,20336,0x0000000063F0AD60,0,0,Hardware Composed: Independent Flip,0,4561.206597,17.690,17.159,0.188,0.351,1.732,0.020,NA,2775,9001,62,51,NA,NA,NA,NA,NA,NA,0.557,0.804,0.557,70,101,101,NA,4367,13, 44,41.246, 65,27,0,18,0,13,0,10,0,73,0,76,0,0,0,0,0,13,10,7,8,NA,NA,NA,NA,NA,NA,NA,NA,NA,NA,NA,NA,NA,NA,NA,NA,NA,NA,NA,NA,NA,NA,NA,NA,NA,NA,NA,NA,NA,NA,NA,NA,NA,NA,NA,NA,NA,NA,NA,NA,NA,NA,NA,NA,NA,NA,NA,NA
ImmortalsOfAveum-Win64-Shipping.exe,NVIDIA GeForce RTX 4060 Ti,12th Gen Intel(R) Core(TM) i7-12700,3840x2160,D3D12,0,20336,0x0000000063F0AD60,0,0,Hardware Composed: Independent Flip,0,4561.223592,16.995,17.834,0.193,2.511,2.571,0.148,NA,2775,9001,62,51,NA,NA,NA,NA,NA,NA,0.580,0.837,0.580,70,101,101,NA,4376,14, 44,41.246, 65,30,1,21,1,18,1,7,1,84,1,67,1,1,1,1,1,16,13,11,11,NA,NA,NA,NA,NA,NA,NA,NA,NA,NA,NA,NA,NA,NA,NA,NA,NA,NA,NA,NA,NA,NA,NA,NA,NA,NA,NA,NA,NA,NA,NA,NA,NA,NA,NA,NA,NA,NA,NA,NA,NA,NA,NA,NA,NA,NA,NA,NA
ImmortalsOfAveum-Win64-Shipping.exe,NVIDIA GeForce RTX 4060 Ti,12th Gen Intel(R) Core(TM) i7-12700,3840x2160,D3D12,0,20336,0x0000000063F0AD60,0,0,Hardware Composed: Independent Flip,0,4561.237829,14.236,13.581,0.168,0.536,1.916,0.038,NA,2775,9001,62,51,NA,NA,NA,NA,NA,NA,0.692,0.999,0.692,70,101,101,NA,4376,14, 44,41.246, 65,30,1,21,1,18,1,7,1,84,1,67,1,1,1,1,1,16,13,11,11,NA,NA,NA,NA,NA,NA,NA,NA,NA,NA,NA,NA,NA,NA,NA,NA,NA,NA,NA,NA,NA,NA,NA,NA,NA,NA,NA,NA,NA,NA,NA,NA,NA,NA,NA,NA,NA,NA,NA,NA,NA,NA,NA,NA,NA,NA,NA,NA
ImmortalsOfAveum-Win64-Shipping.exe,NVIDIA GeForce RTX 4060 Ti,12th Gen Intel(R) Core(TM) i7-12700,3840x2160,D3D12,0,20336,0x0000000063F0AD60,0,0,Hardware Composed: Independent Flip,0,4561.254441,16.612,17.255,0.201,2.500,2.558,0.151,NA,2775,9001,62,51,NA,NA,NA,NA,NA,NA,0.593,0.856,0.593,70,101,101,NA,4376,14, 44,43.122, 65,30,1,21,1,18,1,7,1,84,1,67,1,1,1,1,1,16,13,11,11,NA,NA,NA,NA,NA,NA,NA,NA,NA,NA,NA,NA,NA,NA,NA,NA,NA,NA,NA,NA,NA,NA,NA,NA,NA,NA,NA,NA,NA,NA,NA,NA,NA,NA,NA,NA,NA,NA,NA,NA,NA,NA,NA,NA,NA,NA,NA,NA
ImmortalsOfAveum-Win64-Shipping.exe,NVIDIA GeForce RTX 4060 Ti,12th Gen Intel(R) Core(TM) i7-12700,3840x2160,D3D12,0,20336,0x0000000063F0AD60,0,0,Hardware Composed: Independent Flip,0,4561.271360,16.919,17.749,0.167,0.358,3.388,0.021,NA,2775,9001,62,51,NA,NA,NA,NA,NA,NA,0.582,0.840,0.582,70,101,101,NA,4376,14, 44,43.122, 65,30,1,21,1,18,1,7,1,84,1,67,1,1,1,1,1,16,13,11,11,NA,NA,NA,NA,NA,NA,NA,NA,NA,NA,NA,NA,NA,NA,NA,NA,NA,NA,NA,NA,NA,NA,NA,NA,NA,NA,NA,NA,NA,NA,NA,NA,NA,NA,NA,NA,NA,NA,NA,NA,NA,NA,NA,NA,NA,NA,NA,NA
ImmortalsOfAveum-Win64-Shipping.exe,NVIDIA GeForce RTX 4060 Ti,12th Gen Intel(R) Core(TM) i7-12700,3840x2160,D3D12,0,20336,0x0000000063F0AD60,0,0,Hardware Composed: Independent Flip,0,4561.287818,16.459,13.478,0.222,0.392,0.407,0.024,NA,2775,9001,62,51,NA,NA,NA,NA,NA,NA,0.599,0.864,0.599,70,101,101,NA,4376,14, 44,43.122, 65,30,1,21,1,18,1,7,1,84,1,67,1,1,1,1,1,16,13,11,11,NA,NA,NA,NA,NA,NA,NA,NA,NA,NA,NA,NA,NA,NA,NA,NA,NA,NA,NA,NA,NA,NA,NA,NA,NA,NA,NA,NA,NA,NA,NA,NA,NA,NA,NA,NA,NA,NA,NA,NA,NA,NA,NA,NA,NA,NA,NA,NA
ImmortalsOfAveum-Win64-Shipping.exe,NVIDIA GeForce RTX 4060 Ti,12th Gen Intel(R) Core(TM) i7-12700,3840x2160,D3D12,0,20336,0x0000000063F0AD60,0,0,Hardware Composed: Independent Flip,0,4561.306838,19.020,19.609,0.169,0.358,0.997,0.019,NA,2775,9001,62,51,NA,NA,NA,NA,NA,NA,0.518,0.748,0.518,70,101,101,NA,4376,14, 44,43.122, 65,30,1,21,1,18,1,7,1,84,1,67,1,1,1,1,1,16,13,11,11,NA,NA,NA,NA,NA,NA,NA,NA,NA,NA,NA,NA,NA,NA,NA,NA,NA,NA,NA,NA,NA,NA,NA,NA,NA,NA,NA,NA,NA,NA,NA,NA,NA,NA,NA,NA,NA,NA,NA,NA,NA,NA,NA,NA,NA,NA,NA,NA
ImmortalsOfAveum-Win64-Shipping.exe,NVIDIA GeForce RTX 4060 Ti,12th Gen Intel(R) Core(TM) i7-12700,3840x2160,D3D12,0,20336,0x0000000063F0AD60,0,0,Hardware Composed: Independent Flip,0,4561.324346,17.507,18.824,0.253,2.295,2.313,0.131,NA,2775,9001,62,51,NA,NA,NA,NA,NA,NA,0.563,0.812,0.563,70,101,101,NA,4376,14, 44,43.122, 65,30,1,21,1,18,1,7,1,84,1,67,1,1,1,1,1,16,13,11,11,NA,NA,NA,NA,NA,NA,NA,NA,NA,NA,NA,NA,NA,NA,NA,NA,NA,NA,NA,NA,NA,NA,NA,NA,NA,NA,NA,NA,NA,NA,NA,NA,NA,NA,NA,NA,NA,NA,NA,NA,NA,NA,NA,NA,NA,NA,NA,NA
ImmortalsOfAveum-Win64-Shipping.exe,NVIDIA GeForce RTX 4060 Ti,12th Gen Intel(R) Core(TM) i7-12700,3840x2160,D3D12,0,20336,0x0000000063F0AD60,0,0,Hardware Composed: Independent Flip,0,4561.338320,13.974,12.328,0.171,0.508,0.667,0.036,NA,2775,9001,62,51,NA,NA,NA,NA,NA,NA,0.705,1.018,0.705,70,101,101,NA,4376,14, 44,43.122, 65,30,1,21,1,18,1,7,1,84,1,67,1,1,1,1,1,16,13,11,11,NA,NA,NA,NA,NA,NA,NA,NA,NA,NA,NA,NA,NA,NA,NA,NA,NA,NA,NA,NA,NA,NA,NA,NA,NA,NA,NA,NA,NA,NA,NA,NA,NA,NA,NA,NA,NA,NA,NA,NA,NA,NA,NA,NA,NA,NA,NA,NA
ImmortalsOfAveum-Win64-Shipping.exe,NVIDIA GeForce RTX 4060 Ti,12th Gen Intel(R) Core(TM) i7-12700,3840x2160,D3D12,0,20336,0x0000000063F0AD60,0,0,Hardware Composed: Independent Flip,0,4561.355269,16.950,18.261,0.196,1.965,1.979,0.116,NA,2775,9001,62,51,NA,NA,NA,NA,NA,NA,0.581,0.839,0.581,70,101,101,NA,4376,14, 44,43.122, 65,30,1,21,1,18,1,7,1,84,1,67,1,1,1,1,1,16,13,11,11,NA,NA,NA,NA,NA,NA,NA,NA,NA,NA,NA,NA,NA,NA,NA,NA,NA,NA,NA,NA,NA,NA,NA,NA,NA,NA,NA,NA,NA,NA,NA,NA,NA,NA,NA,NA,NA,NA,NA,NA,NA,NA,NA,NA,NA,NA,NA,NA
ImmortalsOfAveum-Win64-Shipping.exe,NVIDIA GeForce RTX 4060 Ti,12th Gen Intel(R) Core(TM) i7-12700,3840x2160,D3D12,0,20336,0x0000000063F0AD60,0,0,Hardware Composed: Independent Flip,0,4561.371365,16.096,17.582,0.160,0.443,3.465,0.027,NA,2775,9001,62,51,NA,NA,NA,NA,NA,NA,0.612,0.883,0.612,70,101,101,NA,4376,14, 44,43.122, 65,30,1,21,1,18,1,7,1,84,1,67,1,1,1,1,1,16,13,11,11,NA,NA,NA,NA,NA,NA,NA,NA,NA,NA,NA,NA,NA,NA,NA,NA,NA,NA,NA,NA,NA,NA,NA,NA,NA,NA,NA,NA,NA,NA,NA,NA,NA,NA,NA,NA,NA,NA,NA,NA,NA,NA,NA,NA,NA,NA,NA,NA
ImmortalsOfAveum-Win64-Shipping.exe,NVIDIA GeForce RTX 4060 Ti,12th Gen Intel(R) Core(TM) i7-12700,3840x2160,D3D12,0,20336,0x0000000063F0AD60,0,0,Hardware Composed: Independent Flip,0,4561.387880,16.515,14.895,0.234,1.785,1.845,0.108,NA,2775,9001,62,51,NA,NA,NA,NA,NA,NA,0.597,0.861,0.597,70,101,101,NA,4376,14, 44,43.122, 65,30,1,21,1,18,1,7,1,84,1,67,1,1,1,1,1,16,13,11,11,NA,NA,NA,NA,NA,NA,NA,NA,NA,NA,NA,NA,NA,NA,NA,NA,NA,NA,NA,NA,NA,NA,NA,NA,NA,NA,NA,NA,NA,NA,NA,NA,NA,NA,NA,NA,NA,NA,NA,NA,NA,NA,NA,NA,NA,NA,NA,NA
ImmortalsOfAveum-Win64-Shipping.exe,NVIDIA GeForce RTX 4060 Ti,12th Gen Intel(R) Core(TM) i7-12700,3840x2160,D3D12,0,20336,0x0000000063F0AD60,0,0,Hardware Composed: Independent Flip,0,4561.405180,17.301,18.839,0.156,0.352,3.383,0.020,NA,2775,9001,62,51,NA,NA,NA,NA,NA,NA,0.570,0.822,0.570,70,101,101,NA,4376,14, 44,43.122, 65,30,1,21,1,18,1,7,1,84,1,67,1,1,1,1,1,16,13,11,11,NA,NA,NA,NA,NA,NA,NA,NA,NA,NA,NA,NA,NA,NA,NA,NA,NA,NA,NA,NA,NA,NA,NA,NA,NA,NA,NA,NA,NA,NA,NA,NA,NA,NA,NA,NA,NA,NA,NA,NA,NA,NA,NA,NA,NA,NA,NA,NA
ImmortalsOfAveum-Win64-Shipping.exe,NVIDIA GeForce RTX 4060 Ti,12th Gen Intel(R) Core(TM) i7-12700,3840x2160,D3D12,0,20336,0x0000000063F0AD60,0,0,Hardware Composed: Independent Flip,0,4561.422186,17.006,15.737,0.242,2.056,2.115,0.121,NA,2775,9001,62,51,NA,NA,NA,NA,NA,NA,0.579,0.836,0.579,70,101,101,NA,4376,14, 44,43.122, 65,30,1,21,1,18,1,7,1,84,1,67,1,1,1,1,1,16,13,11,11,NA,NA,NA,NA,NA,NA,NA,NA,NA,NA,NA,NA,NA,NA,NA,NA,NA,NA,NA,NA,NA,NA,NA,NA,NA,NA,NA,NA,NA,NA,NA,NA,NA,NA,NA,NA,NA,NA,NA,NA,NA,NA,NA,NA,NA,NA,NA,NA
ImmortalsOfAveum-Win64-Shipping.exe,NVIDIA GeForce RTX 4060 Ti,12th Gen Intel(R) Core(TM) i7-12700,3840x2160,D3D12,0,20336,0x0000000063F0AD60,0,0,Hardware Composed: Independent Flip,0,4561.437963,15.777,15.950,0.160,0.533,2.288,0.034,NA,2775,9001,62,51,NA,NA,NA,NA,NA,NA,0.625,0.901,0.625,70,101,101,NA,4376,14, 44,43.122, 65,30,1,21,1,18,1,7,1,84,1,67,1,1,1,1,1,16,13,11,11,NA,NA,NA,NA,NA,NA,NA,NA,NA,NA,NA,NA,NA,NA,NA,NA,NA,NA,NA,NA,NA,NA,NA,NA,NA,NA,NA,NA,NA,NA,NA,NA,NA,NA,NA,NA,NA,NA,NA,NA,NA,NA,NA,NA,NA,NA,NA,NA
ImmortalsOfAveum-Win64-Shipping.exe,NVIDIA GeForce RTX 4060 Ti,12th Gen Intel(R) Core(TM) i7-12700,3840x2160,D3D12,0,20336,0x0000000063F0AD60,0,0,Hardware Composed: Independent Flip,0,4561.454773,16.810,16.641,0.285,2.104,2.118,0.125,NA,2775,9001,62,51,NA,NA,NA,NA,NA,NA,0.586,0.846,0.586,70,101,101,NA,4376,14, 43,42.328, 65,30,1,21,1,18,1,7,1,84,1,67,1,1,1,1,1,16,13,11,11,NA,NA,NA,NA,NA,NA,NA,NA,NA,NA,NA,NA,NA,NA,NA,NA,NA,NA,NA,NA,NA,NA,NA,NA,NA,NA,NA,NA,NA,NA,NA,NA,NA,NA,NA,NA,NA,NA,NA,NA,NA,NA,NA,NA,NA,NA,NA,NA
ImmortalsOfAveum-Win64-Shipping.exe,NVIDIA GeForce RTX 4060 Ti,12th Gen Intel(R) Core(TM) i7-12700,3840x2160,D3D12,0,20336,0x0000000063F0AD60,0,0,Hardware Composed: Independent Flip,0,4561.472318,17.544,17.412,0.163,0.356,1.986,0.020,NA,2775,9001,62,51,NA,NA,NA,NA,NA,NA,0.562,0.810,0.562,70,101,101,NA,4376,14, 43,42.328, 65,30,1,21,1,18,1,7,1,84,1,67,1,1,1,1,1,16,13,11,11,NA,NA,NA,NA,NA,NA,NA,NA,NA,NA,NA,NA,NA,NA,NA,NA,NA,NA,NA,NA,NA,NA,NA,NA,NA,NA,NA,NA,NA,NA,NA,NA,NA,NA,NA,NA,NA,NA,NA,NA,NA,NA,NA,NA,NA,NA,NA,NA
ImmortalsOfAveum-Win64-Shipping.exe,NVIDIA GeForce RTX 4060 Ti,12th Gen Intel(R) Core(TM) i7-12700,3840x2160,D3D12,0,20336,0x0000000063F0AD60,0,0,Hardware Composed: Independent Flip,0,4561.489346,17.028,17.663,0.199,2.561,2.620,0.150,NA,2775,9001,62,51,NA,NA,NA,NA,NA,NA,0.579,0.835,0.579,70,101,101,NA,4376,14, 43,42.328, 65,30,1,21,1,18,1,7,1,84,1,67,1,1,1,1,1,16,13,11,11,NA,NA,NA,NA,NA,NA,NA,NA,NA,NA,NA,NA,NA,NA,NA,NA,NA,NA,NA,NA,NA,NA,NA,NA,NA,NA,NA,NA,NA,NA,NA,NA,NA,NA,NA,NA,NA,NA,NA,NA,NA,NA,NA,NA,NA,NA,NA,NA
ImmortalsOfAveum-Win64-Shipping.exe,NVIDIA GeForce RTX 4060 Ti,12th Gen Intel(R) Core(TM) i7-12700,3840x2160,D3D12,0,20336,0x0000000063F0AD60,0,0,Hardware Composed: Independent Flip,0,4561.505289,15.943,14.944,0.146,0.382,1.620,0.024,NA,2775,9001,62,51,NA,NA,NA,NA,NA,NA,0.618,0.892,0.618,70,101,101,NA,4376,14, 43,42.328, 65,30,1,21,1,18,1,7,1,84,1,67,1,1,1,1,1,16,13,11,11,NA,NA,NA,NA,NA,NA,NA,NA,NA,NA,NA,NA,NA,NA,NA,NA,NA,NA,NA,NA,NA,NA,NA,NA,NA,NA,NA,NA,NA,NA,NA,NA,NA,NA,NA,NA,NA,NA,NA,NA,NA,NA,NA,NA,NA,NA,NA,NA
ImmortalsOfAveum-Win64-Shipping.exe,NVIDIA GeForce RTX 4060 Ti,12th Gen Intel(R) Core(TM) i7-12700,3840x2160,D3D12,0,20336,0x0000000063F0AD60,0,0,Hardware Composed: Independent Flip,0,4561.522388,17.099,17.313,0.179,1.822,1.835,0.107,NA,2775,9001,62,51,NA,NA,NA,NA,NA,NA,0.576,0.832,0.576,70,101,101,NA,4376,14, 43,42.328, 65,30,1,21,1,18,1,7,1,84,1,67,1,1,1,1,1,16,13,11,11,NA,NA,NA,NA,NA,NA,NA,NA,NA,NA,NA,NA,NA,NA,NA,NA,NA,NA,NA,NA,NA,NA,NA,NA,NA,NA,NA,NA,NA,NA,NA,NA,NA,NA,NA,NA,NA,NA,NA,NA,NA,NA,NA,NA,NA,NA,NA,NA
ImmortalsOfAveum-Win64-Shipping.exe,NVIDIA GeForce RTX 4060 Ti,12th Gen Intel(R) Core(TM) i7-12700,3840x2160,D3D12,0,20336,0x0000000063F0AD60,0,0,Hardware Composed: Independent Flip,0,4561.538091,15.703,17.001,0.154,0.544,3.132,0.035,NA,2775,9001,62,51,NA,NA,NA,NA,NA,NA,0.628,0.905,0.628,70,101,101,NA,4376,14, 43,42.328, 65,30,1,21,1,18,1,7,1,84,1,67,1,1,1,1,1,16,13,11,11,NA,NA,NA,NA,NA,NA,NA,NA,NA,NA,NA,NA,NA,NA,NA,NA,NA,NA,NA,NA,NA,NA,NA,NA,NA,NA,NA,NA,NA,NA,NA,NA,NA,NA,NA,NA,NA,NA,NA,NA,NA,NA,NA,NA,NA,NA,NA,NA
ImmortalsOfAveum-Win64-Shipping.exe,NVIDIA GeForce RTX 4060 Ti,12th Gen Intel(R) Core(TM) i7-12700,3840x2160,D3D12,0,20336,0x0000000063F0AD60,0,0,Hardware Composed: Independent Flip,0,4561.554778,16.687,15.290,0.240,1.673,1.735,0.100,NA,2775,9001,62,51,NA,NA,NA,NA,NA,NA,0.591,0.852,0.591,70,101,101,NA,4376,14, 43,42.328, 65,30,1,21,1,18,1,7,1,84,1,67,1,1,1,1,1,16,13,11,11,NA,NA,NA,NA,NA,NA,NA,NA,NA,NA,NA,NA,NA,NA,NA,NA,NA,NA,NA,NA,NA,NA,NA,NA,NA,NA,NA,NA,NA,NA,NA,NA,NA,NA,NA,NA,NA,NA,NA,NA,NA,NA,NA,NA,NA,NA,NA,NA
ImmortalsOfAveum-Win64-Shipping.exe,NVIDIA GeForce RTX 4060 Ti,12th Gen Intel(R) Core(TM) i7-12700,3840x2160,D3D12,0,20336,0x0000000063F0AD60,0,0,Hardware Composed: Independent Flip,0,4561.571831,17.052,18.400,0.185,0.353,3.082,0.021,NA,2775,9001,62,51,NA,NA,NA,NA,NA,NA,0.578,0.834,0.578,70,101,101,NA,4376,14, 43,42.328, 65,30,1,21,1,18,1,7,1,84,1,67,1,1,1,1,1,16,13,11,11,NA,NA,NA,NA,NA,NA,NA,NA,NA,NA,NA,NA,NA,NA,NA,NA,NA,NA,NA,NA,NA,NA,NA,NA,NA,NA,NA,NA,NA,NA,NA,NA,NA,NA,NA,NA,NA,NA,NA,NA,NA,NA,NA,NA,NA,NA,NA,NA
ImmortalsOfAveum-Win64-Shipping.exe,NVIDIA GeForce RTX 4060 Ti,12th Gen Intel(R) Core(TM) i7-12700,3840x2160,D3D12,0,20336,0x0000000063F0AD60,0,0,Hardware Composed: Independent Flip,0,4561.588783,16.952,15.853,0.216,1.972,1.983,0.116,NA,2775,9001,62,51,NA,NA,NA,NA,NA,NA,0.581,0.839,0.581,70,101,101,NA,4376,14, 43,42.328, 65,30,1,21,1,18,1,7,1,84,1,67,1,1,1,1,1,16,13,11,11,NA,NA,NA,NA,NA,NA,NA,NA,NA,NA,NA,NA,NA,NA,NA,NA,NA,NA,NA,NA,NA,NA,NA,NA,NA,NA,NA,NA,NA,NA,NA,NA,NA,NA,NA,NA,NA,NA,NA,NA,NA,NA,NA,NA,NA,NA,NA,NA
ImmortalsOfAveum-Win64-Shipping.exe,NVIDIA GeForce RTX 4060 Ti,12th Gen Intel(R) Core(TM) i7-12700,3840x2160,D3D12,0,20336,0x0000000063F0AD60,0,0,Hardware Composed: Independent Flip,0,4561.604578,15.795,15.527,0.144,0.550,1.714,0.035,NA,2775,9001,62,51,NA,NA,NA,NA,NA,NA,0.624,0.900,0.624,70,101,101,NA,4376,14, 43,42.328, 65,30,1,21,1,18,1,7,1,84,1,67,1,1,1,1,1,16,13,11,11,NA,NA,NA,NA,NA,NA,NA,NA,NA,NA,NA,NA,NA,NA,NA,NA,NA,NA,NA,NA,NA,NA,NA,NA,NA,NA,NA,NA,NA,NA,NA,NA,NA,NA,NA,NA,NA,NA,NA,NA,NA,NA,NA,NA,NA,NA,NA,NA
ImmortalsOfAveum-Win64-Shipping.exe,NVIDIA GeForce RTX 4060 Ti,12th Gen Intel(R) Core(TM) i7-12700,3840x2160,D3D12,0,20336,0x0000000063F0AD60,0,0,Hardware Composed: Independent Flip,0,4561.621475,16.897,17.735,0.239,2.536,2.553,0.150,NA,2775,9001,62,51,NA,NA,NA,NA,NA,NA,0.583,0.842,0.583,70,101,101,NA,4376,14, 43,42.328, 65,30,1,21,1,18,1,7,1,84,1,67,1,1,1,1,1,16,13,11,11,NA,NA,NA,NA,NA,NA,NA,NA,NA,NA,NA,NA,NA,NA,NA,NA,NA,NA,NA,NA,NA,NA,NA,NA,NA,NA,NA,NA,NA,NA,NA,NA,NA,NA,NA,NA,NA,NA,NA,NA,NA,NA,NA,NA,NA,NA,NA,NA
ImmortalsOfAveum-Win64-Shipping.exe,NVIDIA GeForce RTX 4060 Ti,12th Gen Intel(R) Core(TM) i7-12700,3840x2160,D3D12,0,20336,0x0000000063F0AD60,0,0,Hardware Composed: Independent Flip,0,4561.638099,16.624,15.818,0.153,0.432,1.747,0.026,NA,2775,9001,62,51,NA,NA,NA,NA,NA,NA,0.593,0.855,0.593,70,101,101,NA,4376,14, 43,42.328, 65,30,1,21,1,18,1,7,1,84,1,67,1,1,1,1,1,16,13,11,11,NA,NA,NA,NA,NA,NA,NA,NA,NA,NA,NA,NA,NA,NA,NA,NA,NA,NA,NA,NA,NA,NA,NA,NA,NA,NA,NA,NA,NA,NA,NA,NA,NA,NA,NA,NA,NA,NA,NA,NA,NA,NA,NA,NA,NA,NA,NA,NA
ImmortalsOfAveum-Win64-Shipping.exe,NVIDIA GeForce RTX 4060 Ti,12th Gen Intel(R) Core(TM) i7-12700,3840x2160,D3D12,0,20336,0x0000000063F0AD60,0,0,Hardware Composed: Independent Flip,0,4561.654913,16.815,17.464,0.224,2.383,2.396,0.142,NA,2775,9001,62,51,NA,NA,NA,NA,NA,NA,0.586,0.846,0.586,70,101,101,NA,4376,14, 44,42.562, 65,30,1,21,1,18,1,7,1,84,1,67,1,1,1,1,1,16,13,11,11,NA,NA,NA,NA,NA,NA,NA,NA,NA,NA,NA,NA,NA,NA,NA,NA,NA,NA,NA,NA,NA,NA,NA,NA,NA,NA,NA,NA,NA,NA,NA,NA,NA,NA,NA,NA,NA,NA,NA,NA,NA,NA,NA,NA,NA,NA,NA,NA
ImmortalsOfAveum-Win64-Shipping.exe,NVIDIA GeForce RTX 4060 Ti,12th Gen Intel(R) Core(TM) i7-12700,3840x2160,D3D12,0,20336,0x0000000063F0AD60,0,0,Hardware Composed: Independent Flip,0,4561.671601,16.688,16.896,0.181,0.348,2.604,0.021,NA,2775,9001,62,51,NA,NA,NA,NA,NA,NA,0.591,0.852,0.591,70,101,101,NA,4376,14, 44,42.562, 65,30,1,21,1,18,1,7,1,84,1,67,1,1,1,1,1,16,13,11,11,NA,NA,NA,NA,NA,NA,NA,NA,NA,NA,NA,NA,NA,NA,NA,NA,NA,NA,NA,NA,NA,NA,NA,NA,NA,NA,NA,NA,NA,NA,NA,NA,NA,NA,NA,NA,NA,NA,NA,NA,NA,NA,NA,NA,NA,NA,NA,NA
ImmortalsOfAveum-Win64-Shipping.exe,NVIDIA GeForce RTX 4060 Ti,12th Gen Intel(R) Core(TM) i7-12700,3840x2160,D3D12,0,20336,0x0000000063F0AD60,0,0,Hardware Composed: Independent Flip,0,4561.688542,16.941,16.604,0.178,2.208,2.267,0.130,NA,2775,9001,62,51,NA,NA,NA,NA,NA,NA,0.582,0.839,0.582,70,101,101,NA,4376,14, 44,42.562, 65,30,1,21,1,18,1,7,1,84,1,67,1,1,1,1,1,16,13,11,11,NA,NA,NA,NA,NA,NA,NA,NA,NA,NA,NA,NA,NA,NA,NA,NA,NA,NA,NA,NA,NA,NA,NA,NA,NA,NA,NA,NA,NA,NA,NA,NA,NA,NA,NA,NA,NA,NA,NA,NA,NA,NA,NA,NA,NA,NA,NA,NA
ImmortalsOfAveum-Win64-Shipping.exe,NVIDIA GeForce RTX 4060 Ti,12th Gen Intel(R) Core(TM) i7-12700,3840x2160,D3D12,0,20336,0x0000000063F0AD60,0,0,Hardware Composed: Independent Flip,0,4561.704532,15.990,16.996,0.144,0.742,3.273,0.046,NA,2775,9001,62,51,NA,NA,NA,NA,NA,NA,0.616,0.889,0.616,70,101,101,NA,4376,14, 44,42.562, 65,30,1,21,1,18,1,7,1,84,1,67,1,1,1,1,1,16,13,11,11,NA,NA,NA,NA,NA,NA,NA,NA,NA,NA,NA,NA,NA,NA,NA,NA,NA,NA,NA,NA,NA,NA,NA,NA,NA,NA,NA,NA,NA,NA,NA,NA,NA,NA,NA,NA,NA,NA,NA,NA,NA,NA,NA,NA,NA,NA,NA,NA
ImmortalsOfAveum-Win64-Shipping.exe,NVIDIA GeForce RTX 4060 Ti,12th Gen Intel(R) Core(TM) i7-12700,3840x2160,D3D12,0,20336,0x0000000063F0AD60,0,0,Hardware Composed: Independent Flip,0,4561.721302,16.770,15.208,0.202,1.699,1.711,0.101,NA,2775,9001,62,51,NA,NA,NA,NA,NA,NA,0.588,0.848,0.588,70,101,101,NA,4376,14, 44,42.562, 65,30,1,21,1,18,1,7,1,84,1,67,1,1,1,1,1,16,13,11,11,NA,NA,NA,NA,NA,NA,NA,NA,NA,NA,NA,NA,NA,NA,NA,NA,NA,NA,NA,NA,NA,NA,NA,NA,NA,NA,NA,NA,NA,NA,NA,NA,NA,NA,NA,NA,NA,NA,NA,NA,NA,NA,NA,NA,NA,NA,NA,NA
ImmortalsOfAveum-Win64-Shipping.exe,NVIDIA GeForce RTX 4060 Ti,12th Gen Intel(R) Core(TM) i7-12700,3840x2160,D3D12,0,20336,0x0000000063F0AD60,0,0,Hardware Composed: Independent Flip,0,4561.738370,17.068,18.559,0.156,0.349,3.202,0.020,NA,2775,9001,61,51,NA,NA,NA,NA,NA,NA,0.580,0.837,0.580,69,100,100,NA,4375,13, 44,42.562, 65,30,0,20,0,16,0,0,0,80,0,74,0,0,0,0,0,15,11,10,11,NA,NA,NA,NA,NA,NA,NA,NA,NA,NA,NA,NA,NA,NA,NA,NA,NA,NA,NA,NA,NA,NA,NA,NA,NA,NA,NA,NA,NA,NA,NA,NA,NA,NA,NA,NA,NA,NA,NA,NA,NA,NA,NA,NA,NA,NA,NA,NA
ImmortalsOfAveum-Win64-Shipping.exe,NVIDIA GeForce RTX 4060 Ti,12th Gen Intel(R) Core(TM) i7-12700,3840x2160,D3D12,0,20336,0x0000000063F0AD60,0,0,Hardware Composed: Independent Flip,0,4561.755218,16.848,15.937,0.193,2.235,2.291,0.133,NA,2775,9001,61,51,NA,NA,NA,NA,NA,NA,0.588,0.848,0.588,69,100,100,NA,4375,13, 44,42.562, 65,30,0,20,0,16,0,0,0,80,0,74,0,0,0,0,0,15,11,10,11,NA,NA,NA,NA,NA,NA,NA,NA,NA,NA,NA,NA,NA,NA,NA,NA,NA,NA,NA,NA,NA,NA,NA,NA,NA,NA,NA,NA,NA,NA,NA,NA,NA,NA,NA,NA,NA,NA,NA,NA,NA,NA,NA,NA,NA,NA,NA,NA
ImmortalsOfAveum-Win64-Shipping.exe,NVIDIA GeForce RTX 4060 Ti,12th Gen Intel(R) Core(TM) i7-12700,3840x2160,D3D12,0,20336,0x0000000063F0AD60,0,0,Hardware Composed: Independent Flip,0,4561.771166,15.949,14.852,0.146,0.555,1.195,0.035,NA,2775,9001,61,51,NA,NA,NA,NA,NA,NA,0.621,0.896,0.621,69,100,100,NA,4375,13, 44,42.562, 65,30,0,20,0,16,0,0,0,80,0,74,0,0,0,0,0,15,11,10,11,NA,NA,NA,NA,NA,NA,NA,NA,NA,NA,NA,NA,NA,NA,NA,NA,NA,NA,NA,NA,NA,NA,NA,NA,NA,NA,NA,NA,NA,NA,NA,NA,NA,NA,NA,NA,NA,NA,NA,NA,NA,NA,NA,NA,NA,NA,NA,NA
ImmortalsOfAveum-Win64-Shipping.exe,NVIDIA GeForce RTX 4060 Ti,12th Gen Intel(R) Core(TM) i7-12700,3840x2160,D3D12,0,20336,0x0000000063F0AD60,0,0,Hardware Composed: Independent Flip,0,4561.787988,16.822,17.716,0.252,2.075,2.089,0.123,NA,2775,9001,61,51,NA,NA,NA,NA,NA,NA,0.589,0.850,0.589,69,100,100,NA,4375,13, 44,42.562, 65,30,0,20,0,16,0,0,0,80,0,74,0,0,0,0,0,15,11,10,11,NA,NA,NA,NA,NA,NA,NA,NA,NA,NA,NA,NA,NA,NA,NA,NA,NA,NA,NA,NA,NA,NA,NA,NA,NA,NA,NA,NA,NA,NA,NA,NA,NA,NA,NA,NA,NA,NA,NA,NA,NA,NA,NA,NA,NA,NA,NA,NA
ImmortalsOfAveum-Win64-Shipping.exe,NVIDIA GeForce RTX 4060 Ti,12th Gen Intel(R) Core(TM) i7-12700,3840x2160,D3D12,0,20336,0x0000000063F0AD60,0,0,Hardware Composed: Independent Flip,0,4561.805501,17.514,16.938,0.182,0.344,1.513,0.020,NA,2775,9001,61,51,NA,NA,NA,NA,NA,NA,0.566,0.816,0.566,69,100,100,NA,4375,13, 44,42.562, 65,30,0,20,0,16,0,0,0,80,0,74,0,0,0,0,0,15,11,10,11,NA,NA,NA,NA,NA,NA,NA,NA,NA,NA,NA,NA,NA,NA,NA,NA,NA,NA,NA,NA,NA,NA,NA,NA,NA,NA,NA,NA,NA,NA,NA,NA,NA,NA,NA,NA,NA,NA,NA,NA,NA,NA,NA,NA,NA,NA,NA,NA
ImmortalsOfAveum-Win64-Shipping.exe,NVIDIA GeForce RTX 4060 Ti,12th Gen Intel(R) Core(TM) i7-12700,3840x2160,D3D12,0,20336,0x0000000063F0AD60,0,0,Hardware Composed: Independent Flip,0,4561.822488,16.987,17.209,0.252,1.721,1.736,0.101,NA,2775,9001,61,51,NA,NA,NA,NA,NA,NA,0.583,0.841,0.583,69,100,100,NA,4375,13, 44,42.562, 65,30,0,20,0,16,0,0,0,80,0,74,0,0,0,0,0,15,11,10,11,NA,NA,NA,NA,NA,NA,NA,NA,NA,NA,NA,NA,NA,NA,NA,NA,NA,NA,NA,NA,NA,NA,NA,NA,NA,NA,NA,NA,NA,NA,NA,NA,NA,NA,NA,NA,NA,NA,NA,NA,NA,NA,NA,NA,NA,NA,NA,NA
ImmortalsOfAveum-Win64-Shipping.exe,NVIDIA GeForce RTX 4060 Ti,12th Gen Intel(R) Core(TM) i7-12700,3840x2160,D3D12,0,20336,0x0000000063F0AD60,0,0,Hardware Composed: Independent Flip,0,4561.838324,15.836,16.091,0.141,0.438,1.991,0.028,NA,2775,9001,61,51,NA,NA,NA,NA,NA,NA,0.626,0.903,0.626,69,100,100,NA,4375,13, 44,42.562, 65,30,0,20,0,16,0,0,0,80,0,74,0,0,0,0,0,15,11,10,11,NA,NA,NA,NA,NA,NA,NA,NA,NA,NA,NA,NA,NA,NA,NA,NA,NA,NA,NA,NA,NA,NA,NA,NA,NA,NA,NA,NA,NA,NA,NA,NA,NA,NA,NA,NA,NA,NA,NA,NA,NA,NA,NA,NA,NA,NA,NA,NA
ImmortalsOfAveum-Win64-Shipping.exe,NVIDIA GeForce RTX 4060 Ti,12th Gen Intel(R) Core(TM) i7-12700,3840x2160,D3D12,0,20336,0x0000000063F0AD60,0,0,Hardware Composed: Independent Flip,0,4561.855396,17.072,16.696,0.228,1.595,1.616,0.093,NA,2775,9001,61,51,NA,NA,NA,NA,NA,NA,0.580,0.837,0.580,69,100,100,NA,4375,13, 45,43.295, 65,30,0,20,0,16,0,0,0,80,0,74,0,0,0,0,0,15,11,10,11,NA,NA,NA,NA,NA,NA,NA,NA,NA,NA,NA,NA,NA,NA,NA,NA,NA,NA,NA,NA,NA,NA,NA,NA,NA,NA,NA,NA,NA,NA,NA,NA,NA,NA,NA,NA,NA,NA,NA,NA,NA,NA,NA,NA,NA,NA,NA,NA
ImmortalsOfAveum-Win64-Shipping.exe,NVIDIA GeForce RTX 4060 Ti,12th Gen Intel(R) Core(TM) i7-12700,3840x2160,D3D12,0,20336,0x0000000063F0AD60,0,0,Hardware Composed: Independent Flip,0,4561.870842,15.447,16.486,0.138,0.558,2.655,0.036,NA,2775,9001,61,51,NA,NA,NA,NA,NA,NA,0.641,0.925,0.641,69,100,100,NA,4375,13, 45,43.295, 65,30,0,20,0,16,0,0,0,80,0,74,0,0,0,0,0,15,11,10,11,NA,NA,NA,NA,NA,NA,NA,NA,NA,NA,NA,NA,NA,NA,NA,NA,NA,NA,NA,NA,NA,NA,NA,NA,NA,NA,NA,NA,NA,NA,NA,NA,NA,NA,NA,NA,NA,NA,NA,NA,NA,NA,NA,NA,NA,NA,NA,NA
ImmortalsOfAveum-Win64-Shipping.exe,NVIDIA GeForce RTX 4060 Ti,12th Gen Intel(R) Core(TM) i7-12700,3840x2160,D3D12,0,20336,0x0000000063F0AD60,0,0,Hardware Composed: Independent Flip,0,4561.887343,16.501,16.199,0.206,2.294,2.353,0.139,NA,2775,9001,61,51,NA,NA,NA,NA,NA,NA,0.600,0.866,0.600,69,100,100,NA,4375,13, 45,43.295, 65,30,0,20,0,16,0,0,0,80,0,74,0,0,0,0,0,15,11,10,11,NA,NA,NA,NA,NA,NA,NA,NA,NA,NA,NA,NA,NA,NA,NA,NA,NA,NA,NA,NA,NA,NA,NA,NA,NA,NA,NA,NA,NA,NA,NA,NA,NA,NA,NA,NA,NA,NA,NA,NA,NA,NA,NA,NA,NA,NA,NA,NA
ImmortalsOfAveum-Win64-Shipping.exe,NVIDIA GeForce RTX 4060 Ti,12th Gen Intel(R) Core(TM) i7-12700,3840x2160,D3D12,0,20336,0x0000000063F0AD60,0,0,Hardware Composed: Independent Flip,0,4561.904940,17.597,17.778,0.149,0.353,2.534,0.020,NA,2775,9001,61,51,NA,NA,NA,NA,NA,NA,0.563,0.812,0.563,69,100,100,NA,4375,13, 45,43.295, 65,30,0,20,0,16,0,0,0,80,0,74,0,0,0,0,0,15,11,10,11,NA,NA,NA,NA,NA,NA,NA,NA,NA,NA,NA,NA,NA,NA,NA,NA,NA,NA,NA,NA,NA,NA,NA,NA,NA,NA,NA,NA,NA,NA,NA,NA,NA,NA,NA,NA,NA,NA,NA,NA,NA,NA,NA,NA,NA,NA,NA,NA
ImmortalsOfAveum-Win64-Shipping.exe,NVIDIA GeForce RTX 4060 Ti,12th Gen Intel(R) Core(TM) i7-12700,3840x2160,D3D12,0,20336,0x0000000063F0AD60,0,0,Hardware Composed: Independent Flip,0,4561.921859,16.919,16.310,0.183,1.904,1.925,0.113,NA,2775,9001,61,51,NA,NA,NA,NA,NA,NA,0.585,0.845,0.585,69,100,100,NA,4375,13, 45,43.295, 65,30,0,20,0,16,0,0,0,80,0,74,0,0,0,0,0,15,11,10,11,NA,NA,NA,NA,NA,NA,NA,NA,NA,NA,NA,NA,NA,NA,NA,NA,NA,NA,NA,NA,NA,NA,NA,NA,NA,NA,NA,NA,NA,NA,NA,NA,NA,NA,NA,NA,NA,NA,NA,NA,NA,NA,NA,NA,NA,NA,NA,NA
ImmortalsOfAveum-Win64-Shipping.exe,NVIDIA GeForce RTX 4060 Ti,12th Gen Intel(R) Core(TM) i7-12700,3840x2160,D3D12,0,20336,0x0000000063F0AD60,0,0,Hardware Composed: Independent Flip,0,4561.937773,15.914,15.872,0.196,0.497,1.883,0.031,NA,2775,9001,61,51,NA,NA,NA,NA,NA,NA,0.622,0.898,0.622,69,100,100,NA,4375,13, 45,43.295, 65,30,0,20,0,16,0,0,0,80,0,74,0,0,0,0,0,15,11,10,11,NA,NA,NA,NA,NA,NA,NA,NA,NA,NA,NA,NA,NA,NA,NA,NA,NA,NA,NA,NA,NA,NA,NA,NA,NA,NA,NA,NA,NA,NA,NA,NA,NA,NA,NA,NA,NA,NA,NA,NA,NA,NA,NA,NA,NA,NA,NA,NA
ImmortalsOfAveum-Win64-Shipping.exe,NVIDIA GeForce RTX 4060 Ti,12th Gen Intel(R) Core(TM) i7-12700,3840x2160,D3D12,0,20336,0x0000000063F0AD60,0,0,Hardware Composed: Independent Flip,0,4561.954696,16.923,16.893,0.259,1.839,1.853,0.109,NA,2775,9001,61,51,NA,NA,NA,NA,NA,NA,0.585,0.845,0.585,69,100,100,NA,4375,13, 45,43.295, 65,30,0,20,0,16,0,0,0,80,0,74,0,0,0,0,0,15,11,10,11,NA,NA,NA,NA,NA,NA,NA,NA,NA,NA,NA,NA,NA,NA,NA,NA,NA,NA,NA,NA,NA,NA,NA,NA,NA,NA,NA,NA,NA,NA,NA,NA,NA,NA,NA,NA,NA,NA,NA,NA,NA,NA,NA,NA,NA,NA,NA,NA
ImmortalsOfAveum-Win64-Shipping.exe,NVIDIA GeForce RTX 4060 Ti,12th Gen Intel(R) Core(TM) i7-12700,3840x2160,D3D12,0,20336,0x0000000063F0AD60,0,0,Hardware Composed: Independent Flip,0,4561.971913,17.217,17.291,0.152,0.349,1.927,0.020,NA,2775,9001,61,51,NA,NA,NA,NA,NA,NA,0.575,0.830,0.575,69,100,100,NA,4375,13, 45,43.295, 65,30,0,20,0,16,0,0,0,80,0,74,0,0,0,0,0,15,11,10,11,NA,NA,NA,NA,NA,NA,NA,NA,NA,NA,NA,NA,NA,NA,NA,NA,NA,NA,NA,NA,NA,NA,NA,NA,NA,NA,NA,NA,NA,NA,NA,NA,NA,NA,NA,NA,NA,NA,NA,NA,NA,NA,NA,NA,NA,NA,NA,NA
ImmortalsOfAveum-Win64-Shipping.exe,NVIDIA GeForce RTX 4060 Ti,12th Gen Intel(R) Core(TM) i7-12700,3840x2160,D3D12,0,20336,0x0000000063F0AD60,0,0,Hardware Composed: Independent Flip,0,4561.988922,17.009,17.339,0.242,2.243,2.257,0.132,NA,2775,9001,61,51,NA,NA,NA,NA,NA,NA,0.582,0.840,0.582,69,100,100,NA,4375,13, 45,43.295, 65,30,0,20,0,16,0,0,0,80,0,74,0,0,0,0,0,15,11,10,11,NA,NA,NA,NA,NA,NA,NA,NA,NA,NA,NA,NA,NA,NA,NA,NA,NA,NA,NA,NA,NA,NA,NA,NA,NA,NA,NA,NA,NA,NA,NA,NA,NA,NA,NA,NA,NA,NA,NA,NA,NA,NA,NA,NA,NA,NA,NA,NA
ImmortalsOfAveum-Win64-Shipping.exe,NVIDIA GeForce RTX 4060 Ti,12th Gen Intel(R) Core(TM) i7-12700,3840x2160,D3D12,0,20336,0x0000000063F0AD60,0,0,Hardware Composed: Independent Flip,0,4562.005030,16.108,15.772,0.152,0.547,1.920,0.034,NA,2775,9001,61,51,NA,NA,NA,NA,NA,NA,0.615,0.887,0.615,69,100,100,NA,4375,13, 45,43.295, 65,30,0,20,0,16,0,0,0,80,0,74,0,0,0,0,0,15,11,10,11,NA,NA,NA,NA,NA,NA,NA,NA,NA,NA,NA,NA,NA,NA,NA,NA,NA,NA,NA,NA,NA,NA,NA,NA,NA,NA,NA,NA,NA,NA,NA,NA,NA,NA,NA,NA,NA,NA,NA,NA,NA,NA,NA,NA,NA,NA,NA,NA
ImmortalsOfAveum-Win64-Shipping.exe,NVIDIA GeForce RTX 4060 Ti,12th Gen Intel(R) Core(TM) i7-12700,3840x2160,D3D12,0,20336,0x0000000063F0AD60,0,0,Hardware Composed: Independent Flip,0,4562.022103,17.073,17.223,0.219,2.057,2.070,0.120,NA,2775,9001,61,51,NA,NA,NA,NA,NA,NA,0.580,0.837,0.580,69,100,100,NA,4375,13, 45,43.295, 65,30,0,20,0,16,0,0,0,80,0,74,0,0,0,0,0,15,11,10,11,NA,NA,NA,NA,NA,NA,NA,NA,NA,NA,NA,NA,NA,NA,NA,NA,NA,NA,NA,NA,NA,NA,NA,NA,NA,NA,NA,NA,NA,NA,NA,NA,NA,NA,NA,NA,NA,NA,NA,NA,NA,NA,NA,NA,NA,NA,NA,NA
ImmortalsOfAveum-Win64-Shipping.exe,NVIDIA GeForce RTX 4060 Ti,12th Gen Intel(R) Core(TM) i7-12700,3840x2160,D3D12,0,20336,0x0000000063F0AD60,0,0,Hardware Composed: Independent Flip,0,4562.038536,16.433,17.451,0.175,0.361,3.089,0.022,NA,2775,9001,61,51,NA,NA,NA,NA,NA,NA,0.603,0.870,0.603,69,100,100,NA,4375,13, 45,43.295, 65,30,0,20,0,16,0,0,0,80,0,74,0,0,0,0,0,15,11,10,11,NA,NA,NA,NA,NA,NA,NA,NA,NA,NA,NA,NA,NA,NA,NA,NA,NA,NA,NA,NA,NA,NA,NA,NA,NA,NA,NA,NA,NA,NA,NA,NA,NA,NA,NA,NA,NA,NA,NA,NA,NA,NA,NA,NA,NA,NA,NA,NA
ImmortalsOfAveum-Win64-Shipping.exe,NVIDIA GeForce RTX 4060 Ti,12th Gen Intel(R) Core(TM) i7-12700,3840x2160,D3D12,0,20336,0x0000000063F0AD60,0,0,Hardware Composed: Independent Flip,0,4562.055398,16.862,15.645,0.190,1.812,1.871,0.107,NA,2775,9001,61,51,NA,NA,NA,NA,NA,NA,0.587,0.848,0.587,69,100,100,NA,4375,13, 43,42.956, 65,30,0,20,0,16,0,0,0,80,0,74,0,0,0,0,0,15,11,10,11,NA,NA,NA,NA,NA,NA,NA,NA,NA,NA,NA,NA,NA,NA,NA,NA,NA,NA,NA,NA,NA,NA,NA,NA,NA,NA,NA,NA,NA,NA,NA,NA,NA,NA,NA,NA,NA,NA,NA,NA,NA,NA,NA,NA,NA,NA,NA,NA
ImmortalsOfAveum-Win64-Shipping.exe,NVIDIA GeForce RTX 4060 Ti,12th Gen Intel(R) Core(TM) i7-12700,3840x2160,D3D12,0,20336,0x0000000063F0AD60,0,0,Hardware Composed: Independent Flip,0,4562.071011,15.613,16.321,0.141,0.564,2.579,0.036,NA,2775,9001,61,51,NA,NA,NA,NA,NA,NA,0.634,0.915,0.634,69,100,100,NA,4375,13, 43,42.956, 65,30,0,20,0,16,0,0,0,80,0,74,0,0,0,0,0,15,11,10,11,NA,NA,NA,NA,NA,NA,NA,NA,NA,NA,NA,NA,NA,NA,NA,NA,NA,NA,NA,NA,NA,NA,NA,NA,NA,NA,NA,NA,NA,NA,NA,NA,NA,NA,NA,NA,NA,NA,NA,NA,NA,NA,NA,NA,NA,NA,NA,NA
ImmortalsOfAveum-Win64-Shipping.exe,NVIDIA GeForce RTX 4060 Ti,12th Gen Intel(R) Core(TM) i7-12700,3840x2160,D3D12,0,20336,0x0000000063F0AD60,0,0,Hardware Composed: Independent Flip,0,4562.087758,16.747,16.050,0.212,1.868,1.882,0.112,NA,2775,9001,61,51,NA,NA,NA,NA,NA,NA,0.591,0.853,0.591,69,100,100,NA,4375,13, 43,42.956, 65,30,0,20,0,16,0,0,0,80,0,74,0,0,0,0,0,15,11,10,11,NA,NA,NA,NA,NA,NA,NA,NA,NA,NA,NA,NA,NA,NA,NA,NA,NA,NA,NA,NA,NA,NA,NA,NA,NA,NA,NA,NA,NA,NA,NA,NA,NA,NA,NA,NA,NA,NA,NA,NA,NA,NA,NA,NA,NA,NA,NA,NA
ImmortalsOfAveum-Win64-Shipping.exe,NVIDIA GeForce RTX 4060 Ti,12th Gen Intel(R) Core(TM) i7-12700,3840x2160,D3D12,0,20336,0x0000000063F0AD60,0,0,Hardware Composed: Independent Flip,0,4562.105033,17.275,17.418,0.183,0.357,2.025,0.021,NA,2775,9001,61,51,NA,NA,NA,NA,NA,NA,0.573,0.827,0.573,69,100,100,NA,4375,13, 43,42.956, 65,30,0,20,0,16,0,0,0,80,0,74,0,0,0,0,0,15,11,10,11,NA,NA,NA,NA,NA,NA,NA,NA,NA,NA,NA,NA,NA,NA,NA,NA,NA,NA,NA,NA,NA,NA,NA,NA,NA,NA,NA,NA,NA,NA,NA,NA,NA,NA,NA,NA,NA,NA,NA,NA,NA,NA,NA,NA,NA,NA,NA,NA
ImmortalsOfAveum-Win64-Shipping.exe,NVIDIA GeForce RTX 4060 Ti,12th Gen Intel(R) Core(TM) i7-12700,3840x2160,D3D12,0,20336,0x0000000063F0AD60,0,0,Hardware Composed: Independent Flip,0,4562.121882,16.849,17.153,0.247,2.271,2.329,0.135,NA,2775,9001,61,51,NA,NA,NA,NA,NA,NA,0.588,0.848,0.588,69,100,100,NA,4375,13, 43,42.956, 65,30,0,20,0,16,0,0,0,80,0,74,0,0,0,0,0,15,11,10,11,NA,NA,NA,NA,NA,NA,NA,NA,NA,NA,NA,NA,NA,NA,NA,NA,NA,NA,NA,NA,NA,NA,NA,NA,NA,NA,NA,NA,NA,NA,NA,NA,NA,NA,NA,NA,NA,NA,NA,NA,NA,NA,NA,NA,NA,NA,NA,NA
ImmortalsOfAveum-Win64-Shipping.exe,NVIDIA GeForce RTX 4060 Ti,12th Gen Intel(R) Core(TM) i7-12700,3840x2160,D3D12,0,20336,0x0000000063F0AD60,0,0,Hardware Composed: Independent Flip,0,4562.137962,16.080,15.458,0.157,0.729,1.708,0.045,NA,2775,9001,61,51,NA,NA,NA,NA,NA,NA,0.616,0.889,0.616,69,100,100,NA,4375,13, 43,42.956, 65,30,0,20,0,16,0,0,0,80,0,74,0,0,0,0,0,15,11,10,11,NA,NA,NA,NA,NA,NA,NA,NA,NA,NA,NA,NA,NA,NA,NA,NA,NA,NA,NA,NA,NA,NA,NA,NA,NA,NA,NA,NA,NA,NA,NA,NA,NA,NA,NA,NA,NA,NA,NA,NA,NA,NA,NA,NA,NA,NA,NA,NA
ImmortalsOfAveum-Win64-Shipping.exe,NVIDIA GeForce RTX 4060 Ti,12th Gen Intel(R) Core(TM) i7-12700,3840x2160,D3D12,0,20336,0x0000000063F0AD60,0,0,Hardware Composed: Independent Flip,0,4562.154934,16.972,17.823,0.272,2.544,2.558,0.150,NA,2775,9001,61,51,NA,NA,NA,NA,NA,NA,0.584,0.842,0.584,69,100,100,NA,4375,13, 43,42.956, 65,30,0,20,0,16,0,0,0,80,0,74,0,0,0,0,0,15,11,10,11,NA,NA,NA,NA,NA,NA,NA,NA,NA,NA,NA,NA,NA,NA,NA,NA,NA,NA,NA,NA,NA,NA,NA,NA,NA,NA,NA,NA,NA,NA,NA,NA,NA,NA,NA,NA,NA,NA,NA,NA,NA,NA,NA,NA,NA,NA,NA,NA
ImmortalsOfAveum-Win64-Shipping.exe,NVIDIA GeForce RTX 4060 Ti,12th Gen Intel(R) Core(TM) i7-12700,3840x2160,D3D12,0,20336,0x0000000063F0AD60,0,0,Hardware Composed: Independent Flip,0,4562.171858,16.925,16.545,0.146,0.362,2.178,0.021,NA,2775,9001,61,51,NA,NA,NA,NA,NA,NA,0.585,0.845,0.585,69,100,100,NA,4375,13, 43,42.956, 65,30,0,20,0,16,0,0,0,80,0,74,0,0,0,0,0,15,11,10,11,NA,NA,NA,NA,NA,NA,NA,NA,NA,NA,NA,NA,NA,NA,NA,NA,NA,NA,NA,NA,NA,NA,NA,NA,NA,NA,NA,NA,NA,NA,NA,NA,NA,NA,NA,NA,NA,NA,NA,NA,NA,NA,NA,NA,NA,NA,NA,NA
ImmortalsOfAveum-Win64-Shipping.exe,NVIDIA GeForce RTX 4060 Ti,12th Gen Intel(R) Core(TM) i7-12700,3840x2160,D3D12,0,20336,0x0000000063F0AD60,0,0,Hardware Composed: Independent Flip,0,4562.188733,16.875,16.620,0.207,1.864,1.924,0.110,NA,2775,9001,61,51,NA,NA,NA,NA,NA,NA,0.587,0.847,0.587,69,100,100,NA,4375,13, 43,42.956, 65,30,0,20,0,16,0,0,0,80,0,74,0,0,0,0,0,15,11,10,11,NA,NA,NA,NA,NA,NA,NA,NA,NA,NA,NA,NA,NA,NA,NA,NA,NA,NA,NA,NA,NA,NA,NA,NA,NA,NA,NA,NA,NA,NA,NA,NA,NA,NA,NA,NA,NA,NA,NA,NA,NA,NA,NA,NA,NA,NA,NA,NA
ImmortalsOfAveum-Win64-Shipping.exe,NVIDIA GeForce RTX 4060 Ti,12th Gen Intel(R) Core(TM) i7-12700,3840x2160,D3D12,0,20336,0x0000000063F0AD60,0,0,Hardware Composed: Independent Flip,0,4562.204413,15.680,16.742,0.162,0.541,2.986,0.035,NA,2775,9001,61,51,NA,NA,NA,NA,NA,NA,0.632,0.912,0.632,69,100,100,NA,4375,13, 43,42.956, 65,30,0,20,0,16,0,0,0,80,0,74,0,0,0,0,0,15,11,10,11,NA,NA,NA,NA,NA,NA,NA,NA,NA,NA,NA,NA,NA,NA,NA,NA,NA,NA,NA,NA,NA,NA,NA,NA,NA,NA,NA,NA,NA,NA,NA,NA,NA,NA,NA,NA,NA,NA,NA,NA,NA,NA,NA,NA,NA,NA,NA,NA
ImmortalsOfAveum-Win64-Shipping.exe,NVIDIA GeForce RTX 4060 Ti,12th Gen Intel(R) Core(TM) i7-12700,3840x2160,D3D12,0,20336,0x0000000063F0AD60,0,0,Hardware Composed: Independent Flip,0,4562.221182,16.769,16.203,0.241,2.361,2.420,0.141,NA,2775,9001,61,51,NA,NA,NA,NA,NA,NA,0.591,0.852,0.591,69,100,100,NA,4375,13, 43,42.956, 65,30,0,20,0,16,0,0,0,80,0,74,0,0,0,0,0,15,11,10,11,NA,NA,NA,NA,NA,NA,NA,NA,NA,NA,NA,NA,NA,NA,NA,NA,NA,NA,NA,NA,NA,NA,NA,NA,NA,NA,NA,NA,NA,NA,NA,NA,NA,NA,NA,NA,NA,NA,NA,NA,NA,NA,NA,NA,NA,NA,NA,NA
ImmortalsOfAveum-Win64-Shipping.exe,NVIDIA GeForce RTX 4060 Ti,12th Gen Intel(R) Core(TM) i7-12700,3840x2160,D3D12,0,20336,0x0000000063F0AD60,0,0,Hardware Composed: Independent Flip,0,4562.239038,17.855,18.175,0.157,0.354,2.739,0.020,NA,2775,9001,61,51,NA,NA,NA,NA,NA,NA,0.555,0.801,0.555,69,100,100,NA,4375,13, 43,42.956, 65,30,0,20,0,16,0,0,0,80,0,74,0,0,0,0,0,15,11,10,11,NA,NA,NA,NA,NA,NA,NA,NA,NA,NA,NA,NA,NA,NA,NA,NA,NA,NA,NA,NA,NA,NA,NA,NA,NA,NA,NA,NA,NA,NA,NA,NA,NA,NA,NA,NA,NA,NA,NA,NA,NA,NA,NA,NA,NA,NA,NA,NA
ImmortalsOfAveum-Win64-Shipping.exe,NVIDIA GeForce RTX 4060 Ti,12th Gen Intel(R) Core(TM) i7-12700,3840x2160,D3D12,0,20336,0x0000000063F0AD60,0,0,Hardware Composed: Independent Flip,0,4562.256082,17.044,17.003,0.252,2.633,2.698,0.154,NA,2775,9001,61,51,NA,NA,NA,NA,NA,NA,0.587,0.852,0.587,68,99,99,NA,4372,15, 43,42.483, 65,31,1,22,1,19,1,16,1,74,1,76,1,1,1,1,1,16,12,11,10,NA,NA,NA,NA,NA,NA,NA,NA,NA,NA,NA,NA,NA,NA,NA,NA,NA,NA,NA,NA,NA,NA,NA,NA,NA,NA,NA,NA,NA,NA,NA,NA,NA,NA,NA,NA,NA,NA,NA,NA,NA,NA,NA,NA,NA,NA,NA,NA
ImmortalsOfAveum-Win64-Shipping.exe,NVIDIA GeForce RTX 4060 Ti,12th Gen Intel(R) Core(TM) i7-12700,3840x2160,D3D12,0,20336,0x0000000063F0AD60,0,0,Hardware Composed: Independent Flip,0,4562.270433,14.351,14.005,0.152,0.529,2.352,0.037,NA,2775,9001,61,51,NA,NA,NA,NA,NA,NA,0.697,1.012,0.697,68,99,99,NA,4372,15, 43,42.483, 65,31,1,22,1,19,1,16,1,74,1,76,1,1,1,1,1,16,12,11,10,NA,NA,NA,NA,NA,NA,NA,NA,NA,NA,NA,NA,NA,NA,NA,NA,NA,NA,NA,NA,NA,NA,NA,NA,NA,NA,NA,NA,NA,NA,NA,NA,NA,NA,NA,NA,NA,NA,NA,NA,NA,NA,NA,NA,NA,NA,NA,NA
ImmortalsOfAveum-Win64-Shipping.exe,NVIDIA GeForce RTX 4060 Ti,12th Gen Intel(R) Core(TM) i7-12700,3840x2160,D3D12,0,20336,0x0000000063F0AD60,0,0,Hardware Composed: Independent Flip,0,4562.287167,16.734,16.764,0.200,2.369,2.382,0.142,NA,2775,9001,61,51,NA,NA,NA,NA,NA,NA,0.598,0.868,0.598,68,99,99,NA,4372,15, 43,42.483, 65,31,1,22,1,19,1,16,1,74,1,76,1,1,1,1,1,16,12,11,10,NA,NA,NA,NA,NA,NA,NA,NA,NA,NA,NA,NA,NA,NA,NA,NA,NA,NA,NA,NA,NA,NA,NA,NA,NA,NA,NA,NA,NA,NA,NA,NA,NA,NA,NA,NA,NA,NA,NA,NA,NA,NA,NA,NA,NA,NA,NA,NA
ImmortalsOfAveum-Win64-Shipping.exe,NVIDIA GeForce RTX 4060 Ti,12th Gen Intel(R) Core(TM) i7-12700,3840x2160,D3D12,0,20336,0x0000000063F0AD60,0,0,Hardware Composed: Independent Flip,0,4562.303427,16.261,17.287,0.170,0.522,3.408,0.032,NA,2775,9001,61,51,NA,NA,NA,NA,NA,NA,0.615,0.893,0.615,68,99,99,NA,4372,15, 43,42.483, 65,31,1,22,1,19,1,16,1,74,1,76,1,1,1,1,1,16,12,11,10,NA,NA,NA,NA,NA,NA,NA,NA,NA,NA,NA,NA,NA,NA,NA,NA,NA,NA,NA,NA,NA,NA,NA,NA,NA,NA,NA,NA,NA,NA,NA,NA,NA,NA,NA,NA,NA,NA,NA,NA,NA,NA,NA,NA,NA,NA,NA,NA
ImmortalsOfAveum-Win64-Shipping.exe,NVIDIA GeForce RTX 4060 Ti,12th Gen Intel(R) Core(TM) i7-12700,3840x2160,D3D12,0,20336,0x0000000063F0AD60,0,0,Hardware Composed: Independent Flip,0,4562.319770,16.343,15.266,0.253,2.273,2.332,0.139,NA,2775,9001,61,51,NA,NA,NA,NA,NA,NA,0.612,0.889,0.612,68,99,99,NA,4372,15, 43,42.483, 65,31,1,22,1,19,1,16,1,74,1,76,1,1,1,1,1,16,12,11,10,NA,NA,NA,NA,NA,NA,NA,NA,NA,NA,NA,NA,NA,NA,NA,NA,NA,NA,NA,NA,NA,NA,NA,NA,NA,NA,NA,NA,NA,NA,NA,NA,NA,NA,NA,NA,NA,NA,NA,NA,NA,NA,NA,NA,NA,NA,NA,NA
ImmortalsOfAveum-Win64-Shipping.exe,NVIDIA GeForce RTX 4060 Ti,12th Gen Intel(R) Core(TM) i7-12700,3840x2160,D3D12,0,20336,0x0000000063F0AD60,0,0,Hardware Composed: Independent Flip,0,4562.338338,18.568,19.655,0.181,0.354,3.419,0.019,NA,2775,9001,61,51,NA,NA,NA,NA,NA,NA,0.539,0.782,0.539,68,99,99,NA,4372,15, 43,42.483, 65,31,1,22,1,19,1,16,1,74,1,76,1,1,1,1,1,16,12,11,10,NA,NA,NA,NA,NA,NA,NA,NA,NA,NA,NA,NA,NA,NA,NA,NA,NA,NA,NA,NA,NA,NA,NA,NA,NA,NA,NA,NA,NA,NA,NA,NA,NA,NA,NA,NA,NA,NA,NA,NA,NA,NA,NA,NA,NA,NA,NA,NA
ImmortalsOfAveum-Win64-Shipping.exe,NVIDIA GeForce RTX 4060 Ti,12th Gen Intel(R) Core(TM) i7-12700,3840x2160,D3D12,0,20336,0x0000000063F0AD60,0,0,Hardware Composed: Independent Flip,0,4562.355652,17.314,15.673,0.191,1.719,1.778,0.099,NA,2775,9001,61,51,NA,NA,NA,NA,NA,NA,0.578,0.839,0.578,68,99,99,NA,4372,15, 43,42.483, 65,31,1,22,1,19,1,16,1,74,1,76,1,1,1,1,1,16,12,11,10,NA,NA,NA,NA,NA,NA,NA,NA,NA,NA,NA,NA,NA,NA,NA,NA,NA,NA,NA,NA,NA,NA,NA,NA,NA,NA,NA,NA,NA,NA,NA,NA,NA,NA,NA,NA,NA,NA,NA,NA,NA,NA,NA,NA,NA,NA,NA,NA
ImmortalsOfAveum-Win64-Shipping.exe,NVIDIA GeForce RTX 4060 Ti,12th Gen Intel(R) Core(TM) i7-12700,3840x2160,D3D12,0,20336,0x0000000063F0AD60,0,0,Hardware Composed: Independent Flip,0,4562.371814,16.162,15.146,0.142,0.353,0.763,0.022,NA,2775,9001,61,51,NA,NA,NA,NA,NA,NA,0.619,0.899,0.619,68,99,99,NA,4372,15, 43,42.483, 65,31,1,22,1,19,1,16,1,74,1,76,1,1,1,1,1,16,12,11,10,NA,NA,NA,NA,NA,NA,NA,NA,NA,NA,NA,NA,NA,NA,NA,NA,NA,NA,NA,NA,NA,NA,NA,NA,NA,NA,NA,NA,NA,NA,NA,NA,NA,NA,NA,NA,NA,NA,NA,NA,NA,NA,NA,NA,NA,NA,NA,NA
ImmortalsOfAveum-Win64-Shipping.exe,NVIDIA GeForce RTX 4060 Ti,12th Gen Intel(R) Core(TM) i7-12700,3840x2160,D3D12,0,20336,0x0000000063F0AD60,0,0,Hardware Composed: Independent Flip,0,4562.389262,17.449,18.709,0.214,1.961,2.023,0.112,NA,2775,9001,61,51,NA,NA,NA,NA,NA,NA,0.573,0.833,0.573,68,99,99,NA,4372,15, 43,42.483, 65,31,1,22,1,19,1,16,1,74,1,76,1,1,1,1,1,16,12,11,10,NA,NA,NA,NA,NA,NA,NA,NA,NA,NA,NA,NA,NA,NA,NA,NA,NA,NA,NA,NA,NA,NA,NA,NA,NA,NA,NA,NA,NA,NA,NA,NA,NA,NA,NA,NA,NA,NA,NA,NA,NA,NA,NA,NA,NA,NA,NA,NA
ImmortalsOfAveum-Win64-Shipping.exe,NVIDIA GeForce RTX 4060 Ti,12th Gen Intel(R) Core(TM) i7-12700,3840x2160,D3D12,0,20336,0x0000000063F0AD60,0,0,Hardware Composed: Independent Flip,0,4562.405002,15.740,14.932,0.150,0.547,1.214,0.035,NA,2775,9001,61,51,NA,NA,NA,NA,NA,NA,0.636,0.923,0.636,68,99,99,NA,4372,15, 43,42.483, 65,31,1,22,1,19,1,16,1,74,1,76,1,1,1,1,1,16,12,11,10,NA,NA,NA,NA,NA,NA,NA,NA,NA,NA,NA,NA,NA,NA,NA,NA,NA,NA,NA,NA,NA,NA,NA,NA,NA,NA,NA,NA,NA,NA,NA,NA,NA,NA,NA,NA,NA,NA,NA,NA,NA,NA,NA,NA,NA,NA,NA,NA
ImmortalsOfAveum-Win64-Shipping.exe,NVIDIA GeForce RTX 4060 Ti,12th Gen Intel(R) Core(TM) i7-12700,3840x2160,D3D12,0,20336,0x0000000063F0AD60,0,0,Hardware Composed: Independent Flip,0,4562.421946,16.943,17.634,0.254,1.846,1.905,0.109,NA,2775,9001,61,51,NA,NA,NA,NA,NA,NA,0.590,0.857,0.590,68,99,99,NA,4372,15, 43,42.483, 65,31,1,22,1,19,1,16,1,74,1,76,1,1,1,1,1,16,12,11,10,NA,NA,NA,NA,NA,NA,NA,NA,NA,NA,NA,NA,NA,NA,NA,NA,NA,NA,NA,NA,NA,NA,NA,NA,NA,NA,NA,NA,NA,NA,NA,NA,NA,NA,NA,NA,NA,NA,NA,NA,NA,NA,NA,NA,NA,NA,NA,NA
ImmortalsOfAveum-Win64-Shipping.exe,NVIDIA GeForce RTX 4060 Ti,12th Gen Intel(R) Core(TM) i7-12700,3840x2160,D3D12,0,20336,0x0000000063F0AD60,0,0,Hardware Composed: Independent Flip,0,4562.437608,15.662,16.847,0.149,0.536,3.090,0.034,NA,2775,9001,61,51,NA,NA,NA,NA,NA,NA,0.639,0.928,0.639,68,99,99,NA,4372,15, 43,42.483, 65,31,1,22,1,19,1,16,1,74,1,76,1,1,1,1,1,16,12,11,10,NA,NA,NA,NA,NA,NA,NA,NA,NA,NA,NA,NA,NA,NA,NA,NA,NA,NA,NA,NA,NA,NA,NA,NA,NA,NA,NA,NA,NA,NA,NA,NA,NA,NA,NA,NA,NA,NA,NA,NA,NA,NA,NA,NA,NA,NA,NA,NA
ImmortalsOfAveum-Win64-Shipping.exe,NVIDIA GeForce RTX 4060 Ti,12th Gen Intel(R) Core(TM) i7-12700,3840x2160,D3D12,0,20336,0x0000000063F0AD60,0,0,Hardware Composed: Independent Flip,0,4562.454296,16.688,15.571,0.230,1.911,1.973,0.115,NA,2775,9001,61,51,NA,NA,NA,NA,NA,NA,0.600,0.871,0.600,68,99,99,NA,4372,15, 43,42.483, 65,31,1,22,1,19,1,16,1,74,1,76,1,1,1,1,1,16,12,11,10,NA,NA,NA,NA,NA,NA,NA,NA,NA,NA,NA,NA,NA,NA,NA,NA,NA,NA,NA,NA,NA,NA,NA,NA,NA,NA,NA,NA,NA,NA,NA,NA,NA,NA,NA,NA,NA,NA,NA,NA,NA,NA,NA,NA,NA,NA,NA,NA
ImmortalsOfAveum-Win64-Shipping.exe,NVIDIA GeForce RTX 4060 Ti,12th Gen Intel(R) Core(TM) i7-12700,3840x2160,D3D12,0,20336,0x0000000063F0AD60,0,0,Hardware Composed: Independent Flip,0,4562.472695,18.399,19.610,0.171,0.358,3.183,0.019,NA,2775,9001,61,51,NA,NA,NA,NA,NA,NA,0.544,0.790,0.544,68,99,99,NA,4372,15, 42,43.028, 65,31,1,22,1,19,1,16,1,74,1,76,1,1,1,1,1,16,12,11,10,NA,NA,NA,NA,NA,NA,NA,NA,NA,NA,NA,NA,NA,NA,NA,NA,NA,NA,NA,NA,NA,NA,NA,NA,NA,NA,NA,NA,NA,NA,NA,NA,NA,NA,NA,NA,NA,NA,NA,NA,NA,NA,NA,NA,NA,NA,NA,NA
ImmortalsOfAveum-Win64-Shipping.exe,NVIDIA GeForce RTX 4060 Ti,12th Gen Intel(R) Core(TM) i7-12700,3840x2160,D3D12,0,20336,0x0000000063F0AD60,0,0,Hardware Composed: Independent Flip,0,4562.489981,17.285,16.676,0.217,2.516,2.574,0.146,NA,2775,9001,61,51,NA,NA,NA,NA,NA,NA,0.579,0.840,0.579,68,99,99,NA,4372,15, 42,43.028, 65,31,1,22,1,19,1,16,1,74,1,76,1,1,1,1,1,16,12,11,10,NA,NA,NA,NA,NA,NA,NA,NA,NA,NA,NA,NA,NA,NA,NA,NA,NA,NA,NA,NA,NA,NA,NA,NA,NA,NA,NA,NA,NA,NA,NA,NA,NA,NA,NA,NA,NA,NA,NA,NA,NA,NA,NA,NA,NA,NA,NA,NA
ImmortalsOfAveum-Win64-Shipping.exe,NVIDIA GeForce RTX 4060 Ti,12th Gen Intel(R) Core(TM) i7-12700,3840x2160,D3D12,0,20336,0x0000000063F0AD60,0,0,Hardware Composed: Independent Flip,0,4562.504227,14.246,13.102,0.152,0.525,1.430,0.037,NA,2775,9001,61,51,NA,NA,NA,NA,NA,NA,0.702,1.020,0.702,68,99,99,NA,4372,15, 42,43.028, 65,31,1,22,1,19,1,16,1,74,1,76,1,1,1,1,1,16,12,11,10,NA,NA,NA,NA,NA,NA,NA,NA,NA,NA,NA,NA,NA,NA,NA,NA,NA,NA,NA,NA,NA,NA,NA,NA,NA,NA,NA,NA,NA,NA,NA,NA,NA,NA,NA,NA,NA,NA,NA,NA,NA,NA,NA,NA,NA,NA,NA,NA
ImmortalsOfAveum-Win64-Shipping.exe,NVIDIA GeForce RTX 4060 Ti,12th Gen Intel(R) Core(TM) i7-12700,3840x2160,D3D12,0,20336,0x0000000063F0AD60,0,0,Hardware Composed: Independent Flip,0,4562.521108,16.881,17.610,0.195,2.147,2.159,0.127,NA,2775,9001,61,51,NA,NA,NA,NA,NA,NA,0.593,0.861,0.593,68,99,99,NA,4372,15, 42,43.028, 65,31,1,22,1,19,1,16,1,74,1,76,1,1,1,1,1,16,12,11,10,NA,NA,NA,NA,NA,NA,NA,NA,NA,NA,NA,NA,NA,NA,NA,NA,NA,NA,NA,NA,NA,NA,NA,NA,NA,NA,NA,NA,NA,NA,NA,NA,NA,NA,NA,NA,NA,NA,NA,NA,NA,NA,NA,NA,NA,NA,NA,NA
ImmortalsOfAveum-Win64-Shipping.exe,NVIDIA GeForce RTX 4060 Ti,12th Gen Intel(R) Core(TM) i7-12700,3840x2160,D3D12,0,20336,0x0000000063F0AD60,0,0,Hardware Composed: Independent Flip,0,4562.537116,16.008,17.263,0.160,0.728,3.414,0.045,NA,2775,9001,61,51,NA,NA,NA,NA,NA,NA,0.625,0.907,0.625,68,99,99,NA,4372,15, 42,43.028, 65,31,1,22,1,19,1,16,1,74,1,76,1,1,1,1,1,16,12,11,10,NA,NA,NA,NA,NA,NA,NA,NA,NA,NA,NA,NA,NA,NA,NA,NA,NA,NA,NA,NA,NA,NA,NA,NA,NA,NA,NA,NA,NA,NA,NA,NA,NA,NA,NA,NA,NA,NA,NA,NA,NA,NA,NA,NA,NA,NA,NA,NA
ImmortalsOfAveum-Win64-Shipping.exe,NVIDIA GeForce RTX 4060 Ti,12th Gen Intel(R) Core(TM) i7-12700,3840x2160,D3D12,0,20336,0x0000000063F0AD60,0,0,Hardware Composed: Independent Flip,0,4562.553457,16.341,14.851,0.202,1.865,1.925,0.114,NA,2775,9001,61,51,NA,NA,NA,NA,NA,NA,0.612,0.889,0.612,68,99,99,NA,4372,15, 42,43.028, 65,31,1,22,1,19,1,16,1,74,1,76,1,1,1,1,1,16,12,11,10,NA,NA,NA,NA,NA,NA,NA,NA,NA,NA,NA,NA,NA,NA,NA,NA,NA,NA,NA,NA,NA,NA,NA,NA,NA,NA,NA,NA,NA,NA,NA,NA,NA,NA,NA,NA,NA,NA,NA,NA,NA,NA,NA,NA,NA,NA,NA,NA
ImmortalsOfAveum-Win64-Shipping.exe,NVIDIA GeForce RTX 4060 Ti,12th Gen Intel(R) Core(TM) i7-12700,3840x2160,D3D12,0,20336,0x0000000063F0AD60,0,0,Hardware Composed: Independent Flip,0,4562.570689,17.232,18.502,0.164,0.349,3.194,0.020,NA,2775,9001,61,51,NA,NA,NA,NA,NA,NA,0.581,0.843,0.581,68,99,99,NA,4372,15, 42,43.028, 65,31,1,22,1,19,1,16,1,74,1,76,1,1,1,1,1,16,12,11,10,NA,NA,NA,NA,NA,NA,NA,NA,NA,NA,NA,NA,NA,NA,NA,NA,NA,NA,NA,NA,NA,NA,NA,NA,NA,NA,NA,NA,NA,NA,NA,NA,NA,NA,NA,NA,NA,NA,NA,NA,NA,NA,NA,NA,NA,NA,NA,NA
ImmortalsOfAveum-Win64-Shipping.exe,NVIDIA GeForce RTX 4060 Ti,12th Gen Intel(R) Core(TM) i7-12700,3840x2160,D3D12,0,20336,0x0000000063F0AD60,0,0,Hardware Composed: Independent Flip,0,4562.587546,16.857,16.007,0.192,2.283,2.344,0.135,NA,2775,9001,61,51,NA,NA,NA,NA,NA,NA,0.594,0.862,0.594,68,99,99,NA,4372,15, 42,43.028, 65,31,1,22,1,19,1,16,1,74,1,76,1,1,1,1,1,16,12,11,10,NA,NA,NA,NA,NA,NA,NA,NA,NA,NA,NA,NA,NA,NA,NA,NA,NA,NA,NA,NA,NA,NA,NA,NA,NA,NA,NA,NA,NA,NA,NA,NA,NA,NA,NA,NA,NA,NA,NA,NA,NA,NA,NA,NA,NA,NA,NA,NA
ImmortalsOfAveum-Win64-Shipping.exe,NVIDIA GeForce RTX 4060 Ti,12th Gen Intel(R) Core(TM) i7-12700,3840x2160,D3D12,0,20336,0x0000000063F0AD60,0,0,Hardware Composed: Independent Flip,0,4562.605309,17.764,16.765,0.159,0.331,1.346,0.019,NA,2775,9001,61,51,NA,NA,NA,NA,NA,NA,0.563,0.818,0.563,68,99,99,NA,4372,15, 42,43.028, 65,31,1,22,1,19,1,16,1,74,1,76,1,1,1,1,1,16,12,11,10,NA,NA,NA,NA,NA,NA,NA,NA,NA,NA,NA,NA,NA,NA,NA,NA,NA,NA,NA,NA,NA,NA,NA,NA,NA,NA,NA,NA,NA,NA,NA,NA,NA,NA,NA,NA,NA,NA,NA,NA,NA,NA,NA,NA,NA,NA,NA,NA
ImmortalsOfAveum-Win64-Shipping.exe,NVIDIA GeForce RTX 4060 Ti,12th Gen Intel(R) Core(TM) i7-12700,3840x2160,D3D12,0,20336,0x0000000063F0AD60,0,0,Hardware Composed: Independent Flip,0,4562.622495,17.186,17.603,0.225,1.705,1.764,0.099,NA,2775,9001,61,51,NA,NA,NA,NA,NA,NA,0.582,0.845,0.582,68,99,99,NA,4372,15, 42,43.028, 65,31,1,22,1,19,1,16,1,74,1,76,1,1,1,1,1,16,12,11,10,NA,NA,NA,NA,NA,NA,NA,NA,NA,NA,NA,NA,NA,NA,NA,NA,NA,NA,NA,NA,NA,NA,NA,NA,NA,NA,NA,NA,NA,NA,NA,NA,NA,NA,NA,NA,NA,NA,NA,NA,NA,NA,NA,NA,NA,NA,NA,NA
ImmortalsOfAveum-Win64-Shipping.exe,NVIDIA GeForce RTX 4060 Ti,12th Gen Intel(R) Core(TM) i7-12700,3840x2160,D3D12,0,20336,0x0000000063F0AD60,0,0,Hardware Composed: Independent Flip,0,4562.638338,15.843,15.129,0.168,0.426,1.050,0.027,NA,2775,9001,61,51,NA,NA,NA,NA,NA,NA,0.631,0.917,0.631,68,99,99,NA,4372,15, 42,43.028, 65,31,1,22,1,19,1,16,1,74,1,76,1,1,1,1,1,16,12,11,10,NA,NA,NA,NA,NA,NA,NA,NA,NA,NA,NA,NA,NA,NA,NA,NA,NA,NA,NA,NA,NA,NA,NA,NA,NA,NA,NA,NA,NA,NA,NA,NA,NA,NA,NA,NA,NA,NA,NA,NA,NA,NA,NA,NA,NA,NA,NA,NA
ImmortalsOfAveum-Win64-Shipping.exe,NVIDIA GeForce RTX 4060 Ti,12th Gen Intel(R) Core(TM) i7-12700,3840x2160,D3D12,0,20336,0x0000000063F0AD60,0,0,Hardware Composed: Independent Flip,0,4562.655373,17.035,17.643,0.221,1.594,1.658,0.094,NA,2775,9001,61,51,NA,NA,NA,NA,NA,NA,0.587,0.853,0.587,68,99,99,NA,4372,15, 42,43.028, 65,31,1,22,1,19,1,16,1,74,1,76,1,1,1,1,1,16,12,11,10,NA,NA,NA,NA,NA,NA,NA,NA,NA,NA,NA,NA,NA,NA,NA,NA,NA,NA,NA,NA,NA,NA,NA,NA,NA,NA,NA,NA,NA,NA,NA,NA,NA,NA,NA,NA,NA,NA,NA,NA,NA,NA,NA,NA,NA,NA,NA,NA
ImmortalsOfAveum-Win64-Shipping.exe,NVIDIA GeForce RTX 4060 Ti,12th Gen Intel(R) Core(TM) i7-12700,3840x2160,D3D12,0,20336,0x0000000063F0AD60,0,0,Hardware Composed: Independent Flip,0,4562.671512,16.138,16.691,0.154,0.352,2.210,0.022,NA,2775,9001,61,51,NA,NA,NA,NA,NA,NA,0.620,0.900,0.620,68,99,99,NA,4372,15, 44,42.500, 65,31,1,22,1,19,1,16,1,74,1,76,1,1,1,1,1,16,12,11,10,NA,NA,NA,NA,NA,NA,NA,NA,NA,NA,NA,NA,NA,NA,NA,NA,NA,NA,NA,NA,NA,NA,NA,NA,NA,NA,NA,NA,NA,NA,NA,NA,NA,NA,NA,NA,NA,NA,NA,NA,NA,NA,NA,NA,NA,NA,NA,NA
ImmortalsOfAveum-Win64-Shipping.exe,NVIDIA GeForce RTX 4060 Ti,12th Gen Intel(R) Core(TM) i7-12700,3840x2160,D3D12,0,20336,0x0000000063F0AD60,0,0,Hardware Composed: Independent Flip,0,4562.688209,16.698,16.169,0.189,1.621,1.681,0.097,NA,2775,9001,61,51,NA,NA,NA,NA,NA,NA,0.599,0.870,0.599,68,99,99,NA,4372,15, 44,42.500, 65,31,1,22,1,19,1,16,1,74,1,76,1,1,1,1,1,16,12,11,10,NA,NA,NA,NA,NA,NA,NA,NA,NA,NA,NA,NA,NA,NA,NA,NA,NA,NA,NA,NA,NA,NA,NA,NA,NA,NA,NA,NA,NA,NA,NA,NA,NA,NA,NA,NA,NA,NA,NA,NA,NA,NA,NA,NA,NA,NA,NA,NA
ImmortalsOfAveum-Win64-Shipping.exe,NVIDIA GeForce RTX 4060 Ti,12th Gen Intel(R) Core(TM) i7-12700,3840x2160,D3D12,0,20336,0x0000000063F0AD60,0,0,Hardware Composed: Independent Flip,0,4562.705256,17.046,18.038,0.211,0.354,2.673,0.021,NA,2775,9001,61,51,NA,NA,NA,NA,NA,NA,0.587,0.852,0.587,68,99,99,NA,4372,15, 44,42.500, 65,31,1,22,1,19,1,16,1,74,1,76,1,1,1,1,1,16,12,11,10,NA,NA,NA,NA,NA,NA,NA,NA,NA,NA,NA,NA,NA,NA,NA,NA,NA,NA,NA,NA,NA,NA,NA,NA,NA,NA,NA,NA,NA,NA,NA,NA,NA,NA,NA,NA,NA,NA,NA,NA,NA,NA,NA,NA,NA,NA,NA,NA
ImmortalsOfAveum-Win64-Shipping.exe,NVIDIA GeForce RTX 4060 Ti,12th Gen Intel(R) Core(TM) i7-12700,3840x2160,D3D12,0,20336,0x0000000063F0AD60,0,0,Hardware Composed: Independent Flip,0,4562.722158,16.902,16.227,0.258,1.938,1.998,0.115,NA,2775,9001,61,51,NA,NA,NA,NA,NA,NA,0.592,0.859,0.592,68,99,99,NA,4372,15, 44,42.500, 65,31,1,22,1,19,1,16,1,74,1,76,1,1,1,1,1,16,12,11,10,NA,NA,NA,NA,NA,NA,NA,NA,NA,NA,NA,NA,NA,NA,NA,NA,NA,NA,NA,NA,NA,NA,NA,NA,NA,NA,NA,NA,NA,NA,NA,NA,NA,NA,NA,NA,NA,NA,NA,NA,NA,NA,NA,NA,NA,NA,NA,NA
ImmortalsOfAveum-Win64-Shipping.exe,NVIDIA GeForce RTX 4060 Ti,12th Gen Intel(R) Core(TM) i7-12700,3840x2160,D3D12,0,20336,0x0000000063F0AD60,0,0,Hardware Composed: Independent Flip,0,4562.737877,15.719,15.804,0.165,0.702,2.083,0.045,NA,2775,9001,61,51,NA,NA,NA,NA,NA,NA,0.636,0.924,0.636,68,99,99,NA,4372,15, 44,42.500, 65,31,1,22,1,19,1,16,1,74,1,76,1,1,1,1,1,16,12,11,10,NA,NA,NA,NA,NA,NA,NA,NA,NA,NA,NA,NA,NA,NA,NA,NA,NA,NA,NA,NA,NA,NA,NA,NA,NA,NA,NA,NA,NA,NA,NA,NA,NA,NA,NA,NA,NA,NA,NA,NA,NA,NA,NA,NA,NA,NA,NA,NA
ImmortalsOfAveum-Win64-Shipping.exe,NVIDIA GeForce RTX 4060 Ti,12th Gen Intel(R) Core(TM) i7-12700,3840x2160,D3D12,0,20336,0x0000000063F0AD60,0,0,Hardware Composed: Independent Flip,0,4562.754558,16.681,16.317,0.177,1.656,1.719,0.099,NA,2775,9001,62,51,NA,NA,NA,NA,NA,NA,0.601,0.872,0.601,68,99,99,NA,4363,13, 44,42.500, 65,29,0,18,0,13,0,13,0,71,0,77,0,0,0,0,0,13,9,10,7,NA,NA,NA,NA,NA,NA,NA,NA,NA,NA,NA,NA,NA,NA,NA,NA,NA,NA,NA,NA,NA,NA,NA,NA,NA,NA,NA,NA,NA,NA,NA,NA,NA,NA,NA,NA,NA,NA,NA,NA,NA,NA,NA,NA,NA,NA,NA,NA
ImmortalsOfAveum-Win64-Shipping.exe,NVIDIA GeForce RTX 4060 Ti,12th Gen Intel(R) Core(TM) i7-12700,3840x2160,D3D12,0,20336,0x0000000063F0AD60,0,0,Hardware Composed: Independent Flip,0,4562.771682,17.124,17.343,0.153,0.356,1.938,0.021,NA,2775,9001,62,51,NA,NA,NA,NA,NA,NA,0.586,0.849,0.586,68,99,99,NA,4363,13, 44,42.500, 65,29,0,18,0,13,0,13,0,71,0,77,0,0,0,0,0,13,9,10,7,NA,NA,NA,NA,NA,NA,NA,NA,NA,NA,NA,NA,NA,NA,NA,NA,NA,NA,NA,NA,NA,NA,NA,NA,NA,NA,NA,NA,NA,NA,NA,NA,NA,NA,NA,NA,NA,NA,NA,NA,NA,NA,NA,NA,NA,NA,NA,NA
ImmortalsOfAveum-Win64-Shipping.exe,NVIDIA GeForce RTX 4060 Ti,12th Gen Intel(R) Core(TM) i7-12700,3840x2160,D3D12,0,20336,0x0000000063F0AD60,0,0,Hardware Composed: Independent Flip,0,4562.788438,16.756,17.112,0.182,2.235,2.294,0.133,NA,2775,9001,62,51,NA,NA,NA,NA,NA,NA,0.599,0.868,0.599,68,99,99,NA,4363,13, 44,42.500, 65,29,0,18,0,13,0,13,0,71,0,77,0,0,0,0,0,13,9,10,7,NA,NA,NA,NA,NA,NA,NA,NA,NA,NA,NA,NA,NA,NA,NA,NA,NA,NA,NA,NA,NA,NA,NA,NA,NA,NA,NA,NA,NA,NA,NA,NA,NA,NA,NA,NA,NA,NA,NA,NA,NA,NA,NA,NA,NA,NA,NA,NA
ImmortalsOfAveum-Win64-Shipping.exe,NVIDIA GeForce RTX 4060 Ti,12th Gen Intel(R) Core(TM) i7-12700,3840x2160,D3D12,0,20336,0x0000000063F0AD60,0,0,Hardware Composed: Independent Flip,0,4562.804476,16.038,15.358,0.144,0.553,1.613,0.034,NA,2775,9001,62,51,NA,NA,NA,NA,NA,NA,0.625,0.906,0.625,68,99,99,NA,4363,13, 44,42.500, 65,29,0,18,0,13,0,13,0,71,0,77,0,0,0,0,0,13,9,10,7,NA,NA,NA,NA,NA,NA,NA,NA,NA,NA,NA,NA,NA,NA,NA,NA,NA,NA,NA,NA,NA,NA,NA,NA,NA,NA,NA,NA,NA,NA,NA,NA,NA,NA,NA,NA,NA,NA,NA,NA,NA,NA,NA,NA,NA,NA,NA,NA
ImmortalsOfAveum-Win64-Shipping.exe,NVIDIA GeForce RTX 4060 Ti,12th Gen Intel(R) Core(TM) i7-12700,3840x2160,D3D12,0,20336,0x0000000063F0AD60,0,0,Hardware Composed: Independent Flip,0,4562.821290,16.813,17.396,0.215,2.135,2.196,0.127,NA,2775,9001,62,51,NA,NA,NA,NA,NA,NA,0.597,0.865,0.597,68,99,99,NA,4363,13, 44,42.500, 65,29,0,18,0,13,0,13,0,71,0,77,0,0,0,0,0,13,9,10,7,NA,NA,NA,NA,NA,NA,NA,NA,NA,NA,NA,NA,NA,NA,NA,NA,NA,NA,NA,NA,NA,NA,NA,NA,NA,NA,NA,NA,NA,NA,NA,NA,NA,NA,NA,NA,NA,NA,NA,NA,NA,NA,NA,NA,NA,NA,NA,NA
ImmortalsOfAveum-Win64-Shipping.exe,NVIDIA GeForce RTX 4060 Ti,12th Gen Intel(R) Core(TM) i7-12700,3840x2160,D3D12,0,20336,0x0000000063F0AD60,0,0,Hardware Composed: Independent Flip,0,4562.838795,17.505,17.596,0.177,0.351,2.287,0.020,NA,2775,9001,62,51,NA,NA,NA,NA,NA,NA,0.573,0.830,0.573,68,99,99,NA,4363,13, 44,42.500, 65,29,0,18,0,13,0,13,0,71,0,77,0,0,0,0,0,13,9,10,7,NA,NA,NA,NA,NA,NA,NA,NA,NA,NA,NA,NA,NA,NA,NA,NA,NA,NA,NA,NA,NA,NA,NA,NA,NA,NA,NA,NA,NA,NA,NA,NA,NA,NA,NA,NA,NA,NA,NA,NA,NA,NA,NA,NA,NA,NA,NA,NA
ImmortalsOfAveum-Win64-Shipping.exe,NVIDIA GeForce RTX 4060 Ti,12th Gen Intel(R) Core(TM) i7-12700,3840x2160,D3D12,0,20336,0x0000000063F0AD60,0,0,Hardware Composed: Independent Flip,0,4562.855810,17.015,17.179,0.190,2.394,2.452,0.141,NA,2775,9001,62,51,NA,NA,NA,NA,NA,NA,0.590,0.854,0.590,68,99,99,NA,4363,13, 44,42.562, 65,29,0,18,0,13,0,13,0,71,0,77,0,0,0,0,0,13,9,10,7,NA,NA,NA,NA,NA,NA,NA,NA,NA,NA,NA,NA,NA,NA,NA,NA,NA,NA,NA,NA,NA,NA,NA,NA,NA,NA,NA,NA,NA,NA,NA,NA,NA,NA,NA,NA,NA,NA,NA,NA,NA,NA,NA,NA,NA,NA,NA,NA
ImmortalsOfAveum-Win64-Shipping.exe,NVIDIA GeForce RTX 4060 Ti,12th Gen Intel(R) Core(TM) i7-12700,3840x2160,D3D12,0,20336,0x0000000063F0AD60,0,0,Hardware Composed: Independent Flip,0,4562.870987,15.177,15.130,0.124,0.579,2.404,0.038,NA,2775,9001,62,51,NA,NA,NA,NA,NA,NA,0.661,0.958,0.661,68,99,99,NA,4363,13, 44,42.562, 65,29,0,18,0,13,0,13,0,71,0,77,0,0,0,0,0,13,9,10,7,NA,NA,NA,NA,NA,NA,NA,NA,NA,NA,NA,NA,NA,NA,NA,NA,NA,NA,NA,NA,NA,NA,NA,NA,NA,NA,NA,NA,NA,NA,NA,NA,NA,NA,NA,NA,NA,NA,NA,NA,NA,NA,NA,NA,NA,NA,NA,NA
ImmortalsOfAveum-Win64-Shipping.exe,NVIDIA GeForce RTX 4060 Ti,12th Gen Intel(R) Core(TM) i7-12700,3840x2160,D3D12,0,20336,0x0000000063F0AD60,0,0,Hardware Composed: Independent Flip,0,4562.887907,16.920,16.411,0.252,1.833,1.895,0.108,NA,2775,9001,62,51,NA,NA,NA,NA,NA,NA,0.593,0.859,0.593,68,99,99,NA,4363,13, 44,42.562, 65,29,0,18,0,13,0,13,0,71,0,77,0,0,0,0,0,13,9,10,7,NA,NA,NA,NA,NA,NA,NA,NA,NA,NA,NA,NA,NA,NA,NA,NA,NA,NA,NA,NA,NA,NA,NA,NA,NA,NA,NA,NA,NA,NA,NA,NA,NA,NA,NA,NA,NA,NA,NA,NA,NA,NA,NA,NA,NA,NA,NA,NA
ImmortalsOfAveum-Win64-Shipping.exe,NVIDIA GeForce RTX 4060 Ti,12th Gen Intel(R) Core(TM) i7-12700,3840x2160,D3D12,0,20336,0x0000000063F0AD60,0,0,Hardware Composed: Independent Flip,0,4562.905187,17.279,18.575,0.166,0.342,3.191,0.020,NA,2775,9001,62,51,NA,NA,NA,NA,NA,NA,0.581,0.841,0.581,68,99,99,NA,4363,13, 44,42.562, 65,29,0,18,0,13,0,13,0,71,0,77,0,0,0,0,0,13,9,10,7,NA,NA,NA,NA,NA,NA,NA,NA,NA,NA,NA,NA,NA,NA,NA,NA,NA,NA,NA,NA,NA,NA,NA,NA,NA,NA,NA,NA,NA,NA,NA,NA,NA,NA,NA,NA,NA,NA,NA,NA,NA,NA,NA,NA,NA,NA,NA,NA
ImmortalsOfAveum-Win64-Shipping.exe,NVIDIA GeForce RTX 4060 Ti,12th Gen Intel(R) Core(TM) i7-12700,3840x2160,D3D12,0,20336,0x0000000063F0AD60,0,0,Hardware Composed: Independent Flip,0,4562.922018,16.831,15.863,0.190,2.162,2.223,0.128,NA,2775,9001,62,51,NA,NA,NA,NA,NA,NA,0.596,0.864,0.596,68,99,99,NA,4363,13, 44,42.562, 65,29,0,18,0,13,0,13,0,71,0,77,0,0,0,0,0,13,9,10,7,NA,NA,NA,NA,NA,NA,NA,NA,NA,NA,NA,NA,NA,NA,NA,NA,NA,NA,NA,NA,NA,NA,NA,NA,NA,NA,NA,NA,NA,NA,NA,NA,NA,NA,NA,NA,NA,NA,NA,NA,NA,NA,NA,NA,NA,NA,NA,NA
ImmortalsOfAveum-Win64-Shipping.exe,NVIDIA GeForce RTX 4060 Ti,12th Gen Intel(R) Core(TM) i7-12700,3840x2160,D3D12,0,20336,0x0000000063F0AD60,0,0,Hardware Composed: Independent Flip,0,4562.937980,15.962,16.255,0.141,0.749,2.515,0.047,NA,2775,9001,62,51,NA,NA,NA,NA,NA,NA,0.628,0.911,0.628,68,99,99,NA,4363,13, 44,42.562, 65,29,0,18,0,13,0,13,0,71,0,77,0,0,0,0,0,13,9,10,7,NA,NA,NA,NA,NA,NA,NA,NA,NA,NA,NA,NA,NA,NA,NA,NA,NA,NA,NA,NA,NA,NA,NA,NA,NA,NA,NA,NA,NA,NA,NA,NA,NA,NA,NA,NA,NA,NA,NA,NA,NA,NA,NA,NA,NA,NA,NA,NA
ImmortalsOfAveum-Win64-Shipping.exe,NVIDIA GeForce RTX 4060 Ti,12th Gen Intel(R) Core(TM) i7-12700,3840x2160,D3D12,0,20336,0x0000000063F0AD60,0,0,Hardware Composed: Independent Flip,0,4562.954982,17.002,16.488,0.285,1.940,2.002,0.114,NA,2775,9001,62,51,NA,NA,NA,NA,NA,NA,0.590,0.855,0.590,68,99,99,NA,4363,13, 44,42.562, 65,29,0,18,0,13,0,13,0,71,0,77,0,0,0,0,0,13,9,10,7,NA,NA,NA,NA,NA,NA,NA,NA,NA,NA,NA,NA,NA,NA,NA,NA,NA,NA,NA,NA,NA,NA,NA,NA,NA,NA,NA,NA,NA,NA,NA,NA,NA,NA,NA,NA,NA,NA,NA,NA,NA,NA,NA,NA,NA,NA,NA,NA
ImmortalsOfAveum-Win64-Shipping.exe,NVIDIA GeForce RTX 4060 Ti,12th Gen Intel(R) Core(TM) i7-12700,3840x2160,D3D12,0,20336,0x0000000063F0AD60,0,0,Hardware Composed: Independent Flip,0,4562.973331,18.350,18.262,0.186,0.356,1.914,0.019,NA,2775,9001,62,51,NA,NA,NA,NA,NA,NA,0.547,0.792,0.547,68,99,99,NA,4363,13, 44,42.562, 65,29,0,18,0,13,0,13,0,71,0,77,0,0,0,0,0,13,9,10,7,NA,NA,NA,NA,NA,NA,NA,NA,NA,NA,NA,NA,NA,NA,NA,NA,NA,NA,NA,NA,NA,NA,NA,NA,NA,NA,NA,NA,NA,NA,NA,NA,NA,NA,NA,NA,NA,NA,NA,NA,NA,NA,NA,NA,NA,NA,NA,NA
ImmortalsOfAveum-Win64-Shipping.exe,NVIDIA GeForce RTX 4060 Ti,12th Gen Intel(R) Core(TM) i7-12700,3840x2160,D3D12,0,20336,0x0000000063F0AD60,0,0,Hardware Composed: Independent Flip,0,4562.990472,17.141,17.767,0.181,2.482,2.540,0.145,NA,2775,9001,62,51,NA,NA,NA,NA,NA,NA,0.585,0.848,0.585,68,99,99,NA,4363,13, 44,42.562, 65,29,0,18,0,13,0,13,0,71,0,77,0,0,0,0,0,13,9,10,7,NA,NA,NA,NA,NA,NA,NA,NA,NA,NA,NA,NA,NA,NA,NA,NA,NA,NA,NA,NA,NA,NA,NA,NA,NA,NA,NA,NA,NA,NA,NA,NA,NA,NA,NA,NA,NA,NA,NA,NA,NA,NA,NA,NA,NA,NA,NA,NA
ImmortalsOfAveum-Win64-Shipping.exe,NVIDIA GeForce RTX 4060 Ti,12th Gen Intel(R) Core(TM) i7-12700,3840x2160,D3D12,0,20336,0x0000000063F0AD60,0,0,Hardware Composed: Independent Flip,0,4563.004725,14.252,12.949,0.136,0.570,1.237,0.040,NA,2775,9001,62,51,NA,NA,NA,NA,NA,NA,0.704,1.020,0.704,68,99,99,NA,4363,13, 44,42.562, 65,29,0,18,0,13,0,13,0,71,0,77,0,0,0,0,0,13,9,10,7,NA,NA,NA,NA,NA,NA,NA,NA,NA,NA,NA,NA,NA,NA,NA,NA,NA,NA,NA,NA,NA,NA,NA,NA,NA,NA,NA,NA,NA,NA,NA,NA,NA,NA,NA,NA,NA,NA,NA,NA,NA,NA,NA,NA,NA,NA,NA,NA
ImmortalsOfAveum-Win64-Shipping.exe,NVIDIA GeForce RTX 4060 Ti,12th Gen Intel(R) Core(TM) i7-12700,3840x2160,D3D12,0,20336,0x0000000063F0AD60,0,0,Hardware Composed: Independent Flip,0,4563.021578,16.854,17.349,0.202,1.671,1.732,0.099,NA,2775,9001,62,51,NA,NA,NA,NA,NA,NA,0.595,0.863,0.595,68,99,99,NA,4363,13, 44,42.562, 65,29,0,18,0,13,0,13,0,71,0,77,0,0,0,0,0,13,9,10,7,NA,NA,NA,NA,NA,NA,NA,NA,NA,NA,NA,NA,NA,NA,NA,NA,NA,NA,NA,NA,NA,NA,NA,NA,NA,NA,NA,NA,NA,NA,NA,NA,NA,NA,NA,NA,NA,NA,NA,NA,NA,NA,NA,NA,NA,NA,NA,NA
ImmortalsOfAveum-Win64-Shipping.exe,NVIDIA GeForce RTX 4060 Ti,12th Gen Intel(R) Core(TM) i7-12700,3840x2160,D3D12,0,20336,0x0000000063F0AD60,0,0,Hardware Composed: Independent Flip,0,4563.038702,17.124,18.785,0.168,0.357,3.393,0.021,NA,2775,9001,62,51,NA,NA,NA,NA,NA,NA,0.586,0.849,0.586,68,99,99,NA,4363,13, 44,42.562, 65,29,0,18,0,13,0,13,0,71,0,77,0,0,0,0,0,13,9,10,7,NA,NA,NA,NA,NA,NA,NA,NA,NA,NA,NA,NA,NA,NA,NA,NA,NA,NA,NA,NA,NA,NA,NA,NA,NA,NA,NA,NA,NA,NA,NA,NA,NA,NA,NA,NA,NA,NA,NA,NA,NA,NA,NA,NA,NA,NA,NA,NA
ImmortalsOfAveum-Win64-Shipping.exe,NVIDIA GeForce RTX 4060 Ti,12th Gen Intel(R) Core(TM) i7-12700,3840x2160,D3D12,0,20336,0x0000000063F0AD60,0,0,Hardware Composed: Independent Flip,0,4563.055285,16.583,15.252,0.194,2.051,2.062,0.124,NA,2775,9001,62,51,NA,NA,NA,NA,NA,NA,0.605,0.877,0.605,68,99,99,NA,4363,13, 44,42.562, 65,29,0,18,0,13,0,13,0,71,0,77,0,0,0,0,0,13,9,10,7,NA,NA,NA,NA,NA,NA,NA,NA,NA,NA,NA,NA,NA,NA,NA,NA,NA,NA,NA,NA,NA,NA,NA,NA,NA,NA,NA,NA,NA,NA,NA,NA,NA,NA,NA,NA,NA,NA,NA,NA,NA,NA,NA,NA,NA,NA,NA,NA
ImmortalsOfAveum-Win64-Shipping.exe,NVIDIA GeForce RTX 4060 Ti,12th Gen Intel(R) Core(TM) i7-12700,3840x2160,D3D12,0,20336,0x0000000063F0AD60,0,0,Hardware Composed: Independent Flip,0,4563.071189,15.903,16.733,0.143,0.546,2.892,0.034,NA,2775,9001,62,51,NA,NA,NA,NA,NA,NA,0.631,0.914,0.631,68,99,99,NA,4363,13, 44,42.258, 65,29,0,18,0,13,0,13,0,71,0,77,0,0,0,0,0,13,9,10,7,NA,NA,NA,NA,NA,NA,NA,NA,NA,NA,NA,NA,NA,NA,NA,NA,NA,NA,NA,NA,NA,NA,NA,NA,NA,NA,NA,NA,NA,NA,NA,NA,NA,NA,NA,NA,NA,NA,NA,NA,NA,NA,NA,NA,NA,NA,NA,NA
ImmortalsOfAveum-Win64-Shipping.exe,NVIDIA GeForce RTX 4060 Ti,12th Gen Intel(R) Core(TM) i7-12700,3840x2160,D3D12,0,20336,0x0000000063F0AD60,0,0,Hardware Composed: Independent Flip,0,4563.088051,16.862,16.378,0.204,2.349,2.408,0.139,NA,2775,9001,62,51,NA,NA,NA,NA,NA,NA,0.595,0.862,0.595,68,99,99,NA,4363,13, 44,42.258, 65,29,0,18,0,13,0,13,0,71,0,77,0,0,0,0,0,13,9,10,7,NA,NA,NA,NA,NA,NA,NA,NA,NA,NA,NA,NA,NA,NA,NA,NA,NA,NA,NA,NA,NA,NA,NA,NA,NA,NA,NA,NA,NA,NA,NA,NA,NA,NA,NA,NA,NA,NA,NA,NA,NA,NA,NA,NA,NA,NA,NA,NA
ImmortalsOfAveum-Win64-Shipping.exe,NVIDIA GeForce RTX 4060 Ti,12th Gen Intel(R) Core(TM) i7-12700,3840x2160,D3D12,0,20336,0x0000000063F0AD60,0,0,Hardware Composed: Independent Flip,0,4563.104218,16.167,15.897,0.156,0.542,2.139,0.034,NA,2775,9001,62,51,NA,NA,NA,NA,NA,NA,0.620,0.899,0.620,68,99,99,NA,4363,13, 44,42.258, 65,29,0,18,0,13,0,13,0,71,0,77,0,0,0,0,0,13,9,10,7,NA,NA,NA,NA,NA,NA,NA,NA,NA,NA,NA,NA,NA,NA,NA,NA,NA,NA,NA,NA,NA,NA,NA,NA,NA,NA,NA,NA,NA,NA,NA,NA,NA,NA,NA,NA,NA,NA,NA,NA,NA,NA,NA,NA,NA,NA,NA,NA
ImmortalsOfAveum-Win64-Shipping.exe,NVIDIA GeForce RTX 4060 Ti,12th Gen Intel(R) Core(TM) i7-12700,3840x2160,D3D12,0,20336,0x0000000063F0AD60,0,0,Hardware Composed: Independent Flip,0,4563.120872,16.654,15.069,0.265,0.536,0.553,0.032,NA,2775,9001,62,51,NA,NA,NA,NA,NA,NA,0.602,0.873,0.602,68,99,99,NA,4363,13, 44,42.258, 65,29,0,18,0,13,0,13,0,71,0,77,0,0,0,0,0,13,9,10,7,NA,NA,NA,NA,NA,NA,NA,NA,NA,NA,NA,NA,NA,NA,NA,NA,NA,NA,NA,NA,NA,NA,NA,NA,NA,NA,NA,NA,NA,NA,NA,NA,NA,NA,NA,NA,NA,NA,NA,NA,NA,NA,NA,NA,NA,NA,NA,NA
ImmortalsOfAveum-Win64-Shipping.exe,NVIDIA GeForce RTX 4060 Ti,12th Gen Intel(R) Core(TM) i7-12700,3840x2160,D3D12,0,20336,0x0000000063F0AD60,0,0,Hardware Composed: Independent Flip,0,4563.140546,19.674,19.601,0.171,0.356,0.480,0.018,NA,2775,9001,62,51,NA,NA,NA,NA,NA,NA,0.510,0.739,0.510,68,99,99,NA,4363,13, 44,42.258, 65,29,0,18,0,13,0,13,0,71,0,77,0,0,0,0,0,13,9,10,7,NA,NA,NA,NA,NA,NA,NA,NA,NA,NA,NA,NA,NA,NA,NA,NA,NA,NA,NA,NA,NA,NA,NA,NA,NA,NA,NA,NA,NA,NA,NA,NA,NA,NA,NA,NA,NA,NA,NA,NA,NA,NA,NA,NA,NA,NA,NA,NA
ImmortalsOfAveum-Win64-Shipping.exe,NVIDIA GeForce RTX 4060 Ti,12th Gen Intel(R) Core(TM) i7-12700,3840x2160,D3D12,0,20336,0x0000000063F0AD60,0,0,Hardware Composed: Independent Flip,0,4563.158204,17.658,19.627,0.198,2.117,2.448,0.120,NA,2775,9001,62,51,NA,NA,NA,NA,NA,NA,0.568,0.823,0.568,68,99,99,NA,4363,13, 44,42.258, 65,29,0,18,0,13,0,13,0,71,0,77,0,0,0,0,0,13,9,10,7,NA,NA,NA,NA,NA,NA,NA,NA,NA,NA,NA,NA,NA,NA,NA,NA,NA,NA,NA,NA,NA,NA,NA,NA,NA,NA,NA,NA,NA,NA,NA,NA,NA,NA,NA,NA,NA,NA,NA,NA,NA,NA,NA,NA,NA,NA,NA,NA
ImmortalsOfAveum-Win64-Shipping.exe,NVIDIA GeForce RTX 4060 Ti,12th Gen Intel(R) Core(TM) i7-12700,3840x2160,D3D12,0,20336,0x0000000063F0AD60,0,0,Hardware Composed: Independent Flip,0,4563.172571,14.367,12.413,0.161,0.414,0.495,0.029,NA,2775,9001,62,51,NA,NA,NA,NA,NA,NA,0.698,1.012,0.698,68,99,99,NA,4363,13, 44,42.258, 65,29,0,18,0,13,0,13,0,71,0,77,0,0,0,0,0,13,9,10,7,NA,NA,NA,NA,NA,NA,NA,NA,NA,NA,NA,NA,NA,NA,NA,NA,NA,NA,NA,NA,NA,NA,NA,NA,NA,NA,NA,NA,NA,NA,NA,NA,NA,NA,NA,NA,NA,NA,NA,NA,NA,NA,NA,NA,NA,NA,NA,NA
ImmortalsOfAveum-Win64-Shipping.exe,NVIDIA GeForce RTX 4060 Ti,12th Gen Intel(R) Core(TM) i7-12700,3840x2160,D3D12,0,20336,0x0000000063F0AD60,0,0,Hardware Composed: Independent Flip,0,4563.189864,17.293,19.014,0.200,2.201,2.216,0.127,NA,2775,9001,62,51,NA,NA,NA,NA,NA,NA,0.580,0.841,0.580,68,99,99,NA,4363,13, 44,42.258, 65,29,0,18,0,13,0,13,0,71,0,77,0,0,0,0,0,13,9,10,7,NA,NA,NA,NA,NA,NA,NA,NA,NA,NA,NA,NA,NA,NA,NA,NA,NA,NA,NA,NA,NA,NA,NA,NA,NA,NA,NA,NA,NA,NA,NA,NA,NA,NA,NA,NA,NA,NA,NA,NA,NA,NA,NA,NA,NA,NA,NA,NA
ImmortalsOfAveum-Win64-Shipping.exe,NVIDIA GeForce RTX 4060 Ti,12th Gen Intel(R) Core(TM) i7-12700,3840x2160,D3D12,0,20336,0x0000000063F0AD60,0,0,Hardware Composed: Independent Flip,0,4563.204832,14.967,16.297,0.170,0.521,3.545,0.035,NA,2775,9001,62,51,NA,NA,NA,NA,NA,NA,0.670,0.971,0.670,68,99,99,NA,4363,13, 44,42.258, 65,29,0,18,0,13,0,13,0,71,0,77,0,0,0,0,0,13,9,10,7,NA,NA,NA,NA,NA,NA,NA,NA,NA,NA,NA,NA,NA,NA,NA,NA,NA,NA,NA,NA,NA,NA,NA,NA,NA,NA,NA,NA,NA,NA,NA,NA,NA,NA,NA,NA,NA,NA,NA,NA,NA,NA,NA,NA,NA,NA,NA,NA
ImmortalsOfAveum-Win64-Shipping.exe,NVIDIA GeForce RTX 4060 Ti,12th Gen Intel(R) Core(TM) i7-12700,3840x2160,D3D12,0,20336,0x0000000063F0AD60,0,0,Hardware Composed: Independent Flip,0,4563.221020,16.188,14.808,0.208,2.108,2.165,0.130,NA,2775,9001,62,51,NA,NA,NA,NA,NA,NA,0.620,0.898,0.620,68,99,99,NA,4363,13, 44,42.258, 65,29,0,18,0,13,0,13,0,71,0,77,0,0,0,0,0,13,9,10,7,NA,NA,NA,NA,NA,NA,NA,NA,NA,NA,NA,NA,NA,NA,NA,NA,NA,NA,NA,NA,NA,NA,NA,NA,NA,NA,NA,NA,NA,NA,NA,NA,NA,NA,NA,NA,NA,NA,NA,NA,NA,NA,NA,NA,NA,NA,NA,NA
ImmortalsOfAveum-Win64-Shipping.exe,NVIDIA GeForce RTX 4060 Ti,12th Gen Intel(R) Core(TM) i7-12700,3840x2160,D3D12,0,20336,0x0000000063F0AD60,0,0,Hardware Composed: Independent Flip,0,4563.238562,17.542,18.756,0.146,0.352,3.379,0.020,NA,2775,9001,62,51,NA,NA,NA,NA,NA,NA,0.572,0.829,0.572,68,99,99,NA,4363,13, 44,42.258, 65,29,0,18,0,13,0,13,0,71,0,77,0,0,0,0,0,13,9,10,7,NA,NA,NA,NA,NA,NA,NA,NA,NA,NA,NA,NA,NA,NA,NA,NA,NA,NA,NA,NA,NA,NA,NA,NA,NA,NA,NA,NA,NA,NA,NA,NA,NA,NA,NA,NA,NA,NA,NA,NA,NA,NA,NA,NA,NA,NA,NA,NA
ImmortalsOfAveum-Win64-Shipping.exe,NVIDIA GeForce RTX 4060 Ti,12th Gen Intel(R) Core(TM) i7-12700,3840x2160,D3D12,0,20336,0x0000000063F0AD60,0,0,Hardware Composed: Independent Flip,0,4563.255319,16.757,15.800,0.194,2.364,2.422,0.141,NA,2775,9001,62,51,NA,NA,NA,NA,NA,NA,0.599,0.868,0.599,68,99,99,NA,4363,13, 44,42.258, 65,29,0,18,0,13,0,13,0,71,0,77,0,0,0,0,0,13,9,10,7,NA,NA,NA,NA,NA,NA,NA,NA,NA,NA,NA,NA,NA,NA,NA,NA,NA,NA,NA,NA,NA,NA,NA,NA,NA,NA,NA,NA,NA,NA,NA,NA,NA,NA,NA,NA,NA,NA,NA,NA,NA,NA,NA,NA,NA,NA,NA,NA
ImmortalsOfAveum-Win64-Shipping.exe,NVIDIA GeForce RTX 4060 Ti,12th Gen Intel(R) Core(TM) i7-12700,3840x2160,D3D12,0,20336,0x0000000063F0AD60,0,0,Hardware Composed: Independent Flip,0,4563.271461,16.142,16.844,0.160,0.554,3.124,0.034,NA,2775,9001,62,51,NA,NA,NA,NA,NA,NA,0.601,0.862,0.601,71,103,103,NA,4367,15, 45,42.060, 65,29,1,22,1,18,1,14,1,78,1,71,1,1,1,1,1,16,12,11,10,NA,NA,NA,NA,NA,NA,NA,NA,NA,NA,NA,NA,NA,NA,NA,NA,NA,NA,NA,NA,NA,NA,NA,NA,NA,NA,NA,NA,NA,NA,NA,NA,NA,NA,NA,NA,NA,NA,NA,NA,NA,NA,NA,NA,NA,NA,NA,NA
ImmortalsOfAveum-Win64-Shipping.exe,NVIDIA GeForce RTX 4060 Ti,12th Gen Intel(R) Core(TM) i7-12700,3840x2160,D3D12,0,20336,0x0000000063F0AD60,0,0,Hardware Composed: Independent Flip,0,4563.288399,16.938,16.252,0.241,2.425,2.439,0.143,NA,2775,9001,62,51,NA,NA,NA,NA,NA,NA,0.572,0.821,0.572,71,103,103,NA,4367,15, 45,42.060, 65,29,1,22,1,18,1,14,1,78,1,71,1,1,1,1,1,16,12,11,10,NA,NA,NA,NA,NA,NA,NA,NA,NA,NA,NA,NA,NA,NA,NA,NA,NA,NA,NA,NA,NA,NA,NA,NA,NA,NA,NA,NA,NA,NA,NA,NA,NA,NA,NA,NA,NA,NA,NA,NA,NA,NA,NA,NA,NA,NA,NA,NA
ImmortalsOfAveum-Win64-Shipping.exe,NVIDIA GeForce RTX 4060 Ti,12th Gen Intel(R) Core(TM) i7-12700,3840x2160,D3D12,0,20336,0x0000000063F0AD60,0,0,Hardware Composed: Independent Flip,0,4563.305425,17.026,16.964,0.152,0.342,2.377,0.020,NA,2775,9001,62,51,NA,NA,NA,NA,NA,NA,0.569,0.817,0.569,71,103,103,NA,4367,15, 45,42.060, 65,29,1,22,1,18,1,14,1,78,1,71,1,1,1,1,1,16,12,11,10,NA,NA,NA,NA,NA,NA,NA,NA,NA,NA,NA,NA,NA,NA,NA,NA,NA,NA,NA,NA,NA,NA,NA,NA,NA,NA,NA,NA,NA,NA,NA,NA,NA,NA,NA,NA,NA,NA,NA,NA,NA,NA,NA,NA,NA,NA,NA,NA
ImmortalsOfAveum-Win64-Shipping.exe,NVIDIA GeForce RTX 4060 Ti,12th Gen Intel(R) Core(TM) i7-12700,3840x2160,D3D12,0,20336,0x0000000063F0AD60,0,0,Hardware Composed: Independent Flip,0,4563.322393,16.968,16.529,0.225,1.926,1.938,0.114,NA,2775,9001,62,51,NA,NA,NA,NA,NA,NA,0.571,0.820,0.571,71,103,103,NA,4367,15, 45,42.060, 65,29,1,22,1,18,1,14,1,78,1,71,1,1,1,1,1,16,12,11,10,NA,NA,NA,NA,NA,NA,NA,NA,NA,NA,NA,NA,NA,NA,NA,NA,NA,NA,NA,NA,NA,NA,NA,NA,NA,NA,NA,NA,NA,NA,NA,NA,NA,NA,NA,NA,NA,NA,NA,NA,NA,NA,NA,NA,NA,NA,NA,NA
ImmortalsOfAveum-Win64-Shipping.exe,NVIDIA GeForce RTX 4060 Ti,12th Gen Intel(R) Core(TM) i7-12700,3840x2160,D3D12,0,20336,0x0000000063F0AD60,0,0,Hardware Composed: Independent Flip,0,4563.338835,16.443,16.522,0.160,0.353,2.017,0.021,NA,2775,9001,62,51,NA,NA,NA,NA,NA,NA,0.590,0.846,0.590,71,103,103,NA,4367,15, 45,42.060, 65,29,1,22,1,18,1,14,1,78,1,71,1,1,1,1,1,16,12,11,10,NA,NA,NA,NA,NA,NA,NA,NA,NA,NA,NA,NA,NA,NA,NA,NA,NA,NA,NA,NA,NA,NA,NA,NA,NA,NA,NA,NA,NA,NA,NA,NA,NA,NA,NA,NA,NA,NA,NA,NA,NA,NA,NA,NA,NA,NA,NA,NA
ImmortalsOfAveum-Win64-Shipping.exe,NVIDIA GeForce RTX 4060 Ti,12th Gen Intel(R) Core(TM) i7-12700,3840x2160,D3D12,0,20336,0x0000000063F0AD60,0,0,Hardware Composed: Independent Flip,0,4563.355933,17.098,17.366,0.194,2.227,2.285,0.130,NA,2775,9001,62,51,NA,NA,NA,NA,NA,NA,0.567,0.814,0.567,71,103,103,NA,4367,15, 45,42.060, 65,29,1,22,1,18,1,14,1,78,1,71,1,1,1,1,1,16,12,11,10,NA,NA,NA,NA,NA,NA,NA,NA,NA,NA,NA,NA,NA,NA,NA,NA,NA,NA,NA,NA,NA,NA,NA,NA,NA,NA,NA,NA,NA,NA,NA,NA,NA,NA,NA,NA,NA,NA,NA,NA,NA,NA,NA,NA,NA,NA,NA,NA
ImmortalsOfAveum-Win64-Shipping.exe,NVIDIA GeForce RTX 4060 Ti,12th Gen Intel(R) Core(TM) i7-12700,3840x2160,D3D12,0,20336,0x0000000063F0AD60,0,0,Hardware Composed: Independent Flip,0,4563.371071,15.138,15.059,0.132,0.555,2.207,0.037,NA,2775,9001,62,51,NA,NA,NA,NA,NA,NA,0.640,0.919,0.640,71,103,103,NA,4367,15, 45,42.060, 65,29,1,22,1,18,1,14,1,78,1,71,1,1,1,1,1,16,12,11,10,NA,NA,NA,NA,NA,NA,NA,NA,NA,NA,NA,NA,NA,NA,NA,NA,NA,NA,NA,NA,NA,NA,NA,NA,NA,NA,NA,NA,NA,NA,NA,NA,NA,NA,NA,NA,NA,NA,NA,NA,NA,NA,NA,NA,NA,NA,NA,NA
ImmortalsOfAveum-Win64-Shipping.exe,NVIDIA GeForce RTX 4060 Ti,12th Gen Intel(R) Core(TM) i7-12700,3840x2160,D3D12,0,20336,0x0000000063F0AD60,0,0,Hardware Composed: Independent Flip,0,4563.387659,16.588,16.365,0.233,1.971,1.984,0.119,NA,2775,9001,62,51,NA,NA,NA,NA,NA,NA,0.584,0.839,0.584,71,103,103,NA,4367,15, 45,42.060, 65,29,1,22,1,18,1,14,1,78,1,71,1,1,1,1,1,16,12,11,10,NA,NA,NA,NA,NA,NA,NA,NA,NA,NA,NA,NA,NA,NA,NA,NA,NA,NA,NA,NA,NA,NA,NA,NA,NA,NA,NA,NA,NA,NA,NA,NA,NA,NA,NA,NA,NA,NA,NA,NA,NA,NA,NA,NA,NA,NA,NA,NA
ImmortalsOfAveum-Win64-Shipping.exe,NVIDIA GeForce RTX 4060 Ti,12th Gen Intel(R) Core(TM) i7-12700,3840x2160,D3D12,0,20336,0x0000000063F0AD60,0,0,Hardware Composed: Independent Flip,0,4563.406052,18.393,19.556,0.181,0.349,3.147,0.019,NA,2775,9001,62,51,NA,NA,NA,NA,NA,NA,0.527,0.756,0.527,71,103,103,NA,4367,15, 45,42.060, 65,29,1,22,1,18,1,14,1,78,1,71,1,1,1,1,1,16,12,11,10,NA,NA,NA,NA,NA,NA,NA,NA,NA,NA,NA,NA,NA,NA,NA,NA,NA,NA,NA,NA,NA,NA,NA,NA,NA,NA,NA,NA,NA,NA,NA,NA,NA,NA,NA,NA,NA,NA,NA,NA,NA,NA,NA,NA,NA,NA,NA,NA
ImmortalsOfAveum-Win64-Shipping.exe,NVIDIA GeForce RTX 4060 Ti,12th Gen Intel(R) Core(TM) i7-12700,3840x2160,D3D12,0,20336,0x0000000063F0AD60,0,0,Hardware Composed: Independent Flip,0,4563.423080,17.028,16.411,0.209,2.461,2.530,0.145,NA,2775,9001,62,51,NA,NA,NA,NA,NA,NA,0.569,0.817,0.569,71,103,103,NA,4367,15, 45,42.060, 65,29,1,22,1,18,1,14,1,78,1,71,1,1,1,1,1,16,12,11,10,NA,NA,NA,NA,NA,NA,NA,NA,NA,NA,NA,NA,NA,NA,NA,NA,NA,NA,NA,NA,NA,NA,NA,NA,NA,NA,NA,NA,NA,NA,NA,NA,NA,NA,NA,NA,NA,NA,NA,NA,NA,NA,NA,NA,NA,NA,NA,NA
ImmortalsOfAveum-Win64-Shipping.exe,NVIDIA GeForce RTX 4060 Ti,12th Gen Intel(R) Core(TM) i7-12700,3840x2160,D3D12,0,20336,0x0000000063F0AD60,0,0,Hardware Composed: Independent Flip,0,4563.438332,15.252,14.428,0.177,0.516,1.706,0.034,NA,2775,9001,62,51,NA,NA,NA,NA,NA,NA,0.636,0.912,0.636,71,103,103,NA,4367,15, 45,42.060, 65,29,1,22,1,18,1,14,1,78,1,71,1,1,1,1,1,16,12,11,10,NA,NA,NA,NA,NA,NA,NA,NA,NA,NA,NA,NA,NA,NA,NA,NA,NA,NA,NA,NA,NA,NA,NA,NA,NA,NA,NA,NA,NA,NA,NA,NA,NA,NA,NA,NA,NA,NA,NA,NA,NA,NA,NA,NA,NA,NA,NA,NA
ImmortalsOfAveum-Win64-Shipping.exe,NVIDIA GeForce RTX 4060 Ti,12th Gen Intel(R) Core(TM) i7-12700,3840x2160,D3D12,0,20336,0x0000000063F0AD60,0,0,Hardware Composed: Independent Flip,0,4563.455361,17.029,17.669,0.308,2.332,2.346,0.137,NA,2775,9001,62,51,NA,NA,NA,NA,NA,NA,0.569,0.817,0.569,71,103,103,NA,4367,15, 45,42.060, 65,29,1,22,1,18,1,14,1,78,1,71,1,1,1,1,1,16,12,11,10,NA,NA,NA,NA,NA,NA,NA,NA,NA,NA,NA,NA,NA,NA,NA,NA,NA,NA,NA,NA,NA,NA,NA,NA,NA,NA,NA,NA,NA,NA,NA,NA,NA,NA,NA,NA,NA,NA,NA,NA,NA,NA,NA,NA,NA,NA,NA,NA
ImmortalsOfAveum-Win64-Shipping.exe,NVIDIA GeForce RTX 4060 Ti,12th Gen Intel(R) Core(TM) i7-12700,3840x2160,D3D12,0,20336,0x0000000063F0AD60,0,0,Hardware Composed: Independent Flip,0,4563.472135,16.773,16.957,0.153,0.355,2.530,0.021,NA,2775,9001,62,51,NA,NA,NA,NA,NA,NA,0.578,0.829,0.578,71,103,103,NA,4367,15, 44,41.659, 65,29,1,22,1,18,1,14,1,78,1,71,1,1,1,1,1,16,12,11,10,NA,NA,NA,NA,NA,NA,NA,NA,NA,NA,NA,NA,NA,NA,NA,NA,NA,NA,NA,NA,NA,NA,NA,NA,NA,NA,NA,NA,NA,NA,NA,NA,NA,NA,NA,NA,NA,NA,NA,NA,NA,NA,NA,NA,NA,NA,NA,NA
ImmortalsOfAveum-Win64-Shipping.exe,NVIDIA GeForce RTX 4060 Ti,12th Gen Intel(R) Core(TM) i7-12700,3840x2160,D3D12,0,20336,0x0000000063F0AD60,0,0,Hardware Composed: Independent Flip,0,4563.488914,16.779,15.918,0.190,1.646,1.669,0.098,NA,2775,9001,62,51,NA,NA,NA,NA,NA,NA,0.578,0.829,0.578,71,103,103,NA,4367,15, 44,41.659, 65,29,1,22,1,18,1,14,1,78,1,71,1,1,1,1,1,16,12,11,10,NA,NA,NA,NA,NA,NA,NA,NA,NA,NA,NA,NA,NA,NA,NA,NA,NA,NA,NA,NA,NA,NA,NA,NA,NA,NA,NA,NA,NA,NA,NA,NA,NA,NA,NA,NA,NA,NA,NA,NA,NA,NA,NA,NA,NA,NA,NA,NA
ImmortalsOfAveum-Win64-Shipping.exe,NVIDIA GeForce RTX 4060 Ti,12th Gen Intel(R) Core(TM) i7-12700,3840x2160,D3D12,0,20336,0x0000000063F0AD60,0,0,Hardware Composed: Independent Flip,0,4563.505067,16.153,17.351,0.138,0.347,2.866,0.021,NA,2775,9001,62,51,NA,NA,NA,NA,NA,NA,0.600,0.861,0.600,71,103,103,NA,4367,15, 44,41.659, 65,29,1,22,1,18,1,14,1,78,1,71,1,1,1,1,1,16,12,11,10,NA,NA,NA,NA,NA,NA,NA,NA,NA,NA,NA,NA,NA,NA,NA,NA,NA,NA,NA,NA,NA,NA,NA,NA,NA,NA,NA,NA,NA,NA,NA,NA,NA,NA,NA,NA,NA,NA,NA,NA,NA,NA,NA,NA,NA,NA,NA,NA
ImmortalsOfAveum-Win64-Shipping.exe,NVIDIA GeForce RTX 4060 Ti,12th Gen Intel(R) Core(TM) i7-12700,3840x2160,D3D12,0,20336,0x0000000063F0AD60,0,0,Hardware Composed: Independent Flip,0,4563.522007,16.941,16.134,0.200,2.001,2.059,0.118,NA,2775,9001,62,51,NA,NA,NA,NA,NA,NA,0.572,0.821,0.572,71,103,103,NA,4367,15, 44,41.659, 65,29,1,22,1,18,1,14,1,78,1,71,1,1,1,1,1,16,12,11,10,NA,NA,NA,NA,NA,NA,NA,NA,NA,NA,NA,NA,NA,NA,NA,NA,NA,NA,NA,NA,NA,NA,NA,NA,NA,NA,NA,NA,NA,NA,NA,NA,NA,NA,NA,NA,NA,NA,NA,NA,NA,NA,NA,NA,NA,NA,NA,NA
ImmortalsOfAveum-Win64-Shipping.exe,NVIDIA GeForce RTX 4060 Ti,12th Gen Intel(R) Core(TM) i7-12700,3840x2160,D3D12,0,20336,0x0000000063F0AD60,0,0,Hardware Composed: Independent Flip,0,4563.537840,15.833,16.098,0.155,0.543,2.324,0.034,NA,2775,9001,62,51,NA,NA,NA,NA,NA,NA,0.612,0.879,0.612,71,103,103,NA,4367,15, 44,41.659, 65,29,1,22,1,18,1,14,1,78,1,71,1,1,1,1,1,16,12,11,10,NA,NA,NA,NA,NA,NA,NA,NA,NA,NA,NA,NA,NA,NA,NA,NA,NA,NA,NA,NA,NA,NA,NA,NA,NA,NA,NA,NA,NA,NA,NA,NA,NA,NA,NA,NA,NA,NA,NA,NA,NA,NA,NA,NA,NA,NA,NA,NA
ImmortalsOfAveum-Win64-Shipping.exe,NVIDIA GeForce RTX 4060 Ti,12th Gen Intel(R) Core(TM) i7-12700,3840x2160,D3D12,0,20336,0x0000000063F0AD60,0,0,Hardware Composed: Independent Flip,0,4563.554406,16.566,16.247,0.200,1.945,2.005,0.117,NA,2775,9001,62,51,NA,NA,NA,NA,NA,NA,0.585,0.840,0.585,71,103,103,NA,4367,15, 44,41.659, 65,29,1,22,1,18,1,14,1,78,1,71,1,1,1,1,1,16,12,11,10,NA,NA,NA,NA,NA,NA,NA,NA,NA,NA,NA,NA,NA,NA,NA,NA,NA,NA,NA,NA,NA,NA,NA,NA,NA,NA,NA,NA,NA,NA,NA,NA,NA,NA,NA,NA,NA,NA,NA,NA,NA,NA,NA,NA,NA,NA,NA,NA
ImmortalsOfAveum-Win64-Shipping.exe,NVIDIA GeForce RTX 4060 Ti,12th Gen Intel(R) Core(TM) i7-12700,3840x2160,D3D12,0,20336,0x0000000063F0AD60,0,0,Hardware Composed: Independent Flip,0,4563.571702,17.296,17.431,0.156,0.351,2.140,0.020,NA,2775,9001,62,51,NA,NA,NA,NA,NA,NA,0.560,0.804,0.560,71,103,103,NA,4367,15, 44,41.659, 65,29,1,22,1,18,1,14,1,78,1,71,1,1,1,1,1,16,12,11,10,NA,NA,NA,NA,NA,NA,NA,NA,NA,NA,NA,NA,NA,NA,NA,NA,NA,NA,NA,NA,NA,NA,NA,NA,NA,NA,NA,NA,NA,NA,NA,NA,NA,NA,NA,NA,NA,NA,NA,NA,NA,NA,NA,NA,NA,NA,NA,NA
ImmortalsOfAveum-Win64-Shipping.exe,NVIDIA GeForce RTX 4060 Ti,12th Gen Intel(R) Core(TM) i7-12700,3840x2160,D3D12,0,20336,0x0000000063F0AD60,0,0,Hardware Composed: Independent Flip,0,4563.588612,16.910,17.148,0.213,2.364,2.378,0.140,NA,2775,9001,62,51,NA,NA,NA,NA,NA,NA,0.573,0.823,0.573,71,103,103,NA,4367,15, 44,41.659, 65,29,1,22,1,18,1,14,1,78,1,71,1,1,1,1,1,16,12,11,10,NA,NA,NA,NA,NA,NA,NA,NA,NA,NA,NA,NA,NA,NA,NA,NA,NA,NA,NA,NA,NA,NA,NA,NA,NA,NA,NA,NA,NA,NA,NA,NA,NA,NA,NA,NA,NA,NA,NA,NA,NA,NA,NA,NA,NA,NA,NA,NA
ImmortalsOfAveum-Win64-Shipping.exe,NVIDIA GeForce RTX 4060 Ti,12th Gen Intel(R) Core(TM) i7-12700,3840x2160,D3D12,0,20336,0x0000000063F0AD60,0,0,Hardware Composed: Independent Flip,0,4563.605436,16.824,15.981,0.150,0.351,1.536,0.021,NA,2775,9001,62,51,NA,NA,NA,NA,NA,NA,0.576,0.827,0.576,71,103,103,NA,4367,15, 44,41.659, 65,29,1,22,1,18,1,14,1,78,1,71,1,1,1,1,1,16,12,11,10,NA,NA,NA,NA,NA,NA,NA,NA,NA,NA,NA,NA,NA,NA,NA,NA,NA,NA,NA,NA,NA,NA,NA,NA,NA,NA,NA,NA,NA,NA,NA,NA,NA,NA,NA,NA,NA,NA,NA,NA,NA,NA,NA,NA,NA,NA,NA,NA
ImmortalsOfAveum-Win64-Shipping.exe,NVIDIA GeForce RTX 4060 Ti,12th Gen Intel(R) Core(TM) i7-12700,3840x2160,D3D12,0,20336,0x0000000063F0AD60,0,0,Hardware Composed: Independent Flip,0,4563.622593,17.158,17.295,0.244,1.615,1.673,0.094,NA,2775,9001,62,51,NA,NA,NA,NA,NA,NA,0.565,0.811,0.565,71,103,103,NA,4367,15, 44,41.659, 65,29,1,22,1,18,1,14,1,78,1,71,1,1,1,1,1,16,12,11,10,NA,NA,NA,NA,NA,NA,NA,NA,NA,NA,NA,NA,NA,NA,NA,NA,NA,NA,NA,NA,NA,NA,NA,NA,NA,NA,NA,NA,NA,NA,NA,NA,NA,NA,NA,NA,NA,NA,NA,NA,NA,NA,NA,NA,NA,NA,NA,NA
ImmortalsOfAveum-Win64-Shipping.exe,NVIDIA GeForce RTX 4060 Ti,12th Gen Intel(R) Core(TM) i7-12700,3840x2160,D3D12,0,20336,0x0000000063F0AD60,0,0,Hardware Composed: Independent Flip,0,4563.637973,15.380,15.994,0.143,0.533,2.287,0.035,NA,2775,9001,62,51,NA,NA,NA,NA,NA,NA,0.630,0.904,0.630,71,103,103,NA,4367,15, 44,41.659, 65,29,1,22,1,18,1,14,1,78,1,71,1,1,1,1,1,16,12,11,10,NA,NA,NA,NA,NA,NA,NA,NA,NA,NA,NA,NA,NA,NA,NA,NA,NA,NA,NA,NA,NA,NA,NA,NA,NA,NA,NA,NA,NA,NA,NA,NA,NA,NA,NA,NA,NA,NA,NA,NA,NA,NA,NA,NA,NA,NA,NA,NA
ImmortalsOfAveum-Win64-Shipping.exe,NVIDIA GeForce RTX 4060 Ti,12th Gen Intel(R) Core(TM) i7-12700,3840x2160,D3D12,0,20336,0x0000000063F0AD60,0,0,Hardware Composed: Independent Flip,0,4563.654666,16.693,16.510,0.230,2.043,2.104,0.122,NA,2775,9001,62,51,NA,NA,NA,NA,NA,NA,0.581,0.833,0.581,71,103,103,NA,4367,15, 44,41.659, 65,29,1,22,1,18,1,14,1,78,1,71,1,1,1,1,1,16,12,11,10,NA,NA,NA,NA,NA,NA,NA,NA,NA,NA,NA,NA,NA,NA,NA,NA,NA,NA,NA,NA,NA,NA,NA,NA,NA,NA,NA,NA,NA,NA,NA,NA,NA,NA,NA,NA,NA,NA,NA,NA,NA,NA,NA,NA,NA,NA,NA,NA
ImmortalsOfAveum-Win64-Shipping.exe,NVIDIA GeForce RTX 4060 Ti,12th Gen Intel(R) Core(TM) i7-12700,3840x2160,D3D12,0,20336,0x0000000063F0AD60,0,0,Hardware Composed: Independent Flip,0,4563.672216,17.550,18.199,0.189,0.353,2.753,0.020,NA,2775,9001,62,51,NA,NA,NA,NA,NA,NA,0.552,0.793,0.552,71,103,103,NA,4367,15, 42,42.452, 65,29,1,22,1,18,1,14,1,78,1,71,1,1,1,1,1,16,12,11,10,NA,NA,NA,NA,NA,NA,NA,NA,NA,NA,NA,NA,NA,NA,NA,NA,NA,NA,NA,NA,NA,NA,NA,NA,NA,NA,NA,NA,NA,NA,NA,NA,NA,NA,NA,NA,NA,NA,NA,NA,NA,NA,NA,NA,NA,NA,NA,NA
ImmortalsOfAveum-Win64-Shipping.exe,NVIDIA GeForce RTX 4060 Ti,12th Gen Intel(R) Core(TM) i7-12700,3840x2160,D3D12,0,20336,0x0000000063F0AD60,0,0,Hardware Composed: Independent Flip,0,4563.689127,16.911,17.072,0.244,2.581,2.913,0.153,NA,2775,9001,62,51,NA,NA,NA,NA,NA,NA,0.573,0.823,0.573,71,103,103,NA,4367,15, 42,42.452, 65,29,1,22,1,18,1,14,1,78,1,71,1,1,1,1,1,16,12,11,10,NA,NA,NA,NA,NA,NA,NA,NA,NA,NA,NA,NA,NA,NA,NA,NA,NA,NA,NA,NA,NA,NA,NA,NA,NA,NA,NA,NA,NA,NA,NA,NA,NA,NA,NA,NA,NA,NA,NA,NA,NA,NA,NA,NA,NA,NA,NA,NA
ImmortalsOfAveum-Win64-Shipping.exe,NVIDIA GeForce RTX 4060 Ti,12th Gen Intel(R) Core(TM) i7-12700,3840x2160,D3D12,0,20336,0x0000000063F0AD60,0,0,Hardware Composed: Independent Flip,0,4563.704461,15.334,14.464,0.171,0.500,2.043,0.033,NA,2775,9001,62,51,NA,NA,NA,NA,NA,NA,0.632,0.907,0.632,71,103,103,NA,4367,15, 42,42.452, 65,29,1,22,1,18,1,14,1,78,1,71,1,1,1,1,1,16,12,11,10,NA,NA,NA,NA,NA,NA,NA,NA,NA,NA,NA,NA,NA,NA,NA,NA,NA,NA,NA,NA,NA,NA,NA,NA,NA,NA,NA,NA,NA,NA,NA,NA,NA,NA,NA,NA,NA,NA,NA,NA,NA,NA,NA,NA,NA,NA,NA,NA
ImmortalsOfAveum-Win64-Shipping.exe,NVIDIA GeForce RTX 4060 Ti,12th Gen Intel(R) Core(TM) i7-12700,3840x2160,D3D12,0,20336,0x0000000063F0AD60,0,0,Hardware Composed: Independent Flip,0,4563.721290,16.829,16.546,0.196,1.747,1.760,0.104,NA,2775,9001,62,51,NA,NA,NA,NA,NA,NA,0.576,0.827,0.576,71,103,103,NA,4367,15, 42,42.452, 65,29,1,22,1,18,1,14,1,78,1,71,1,1,1,1,1,16,12,11,10,NA,NA,NA,NA,NA,NA,NA,NA,NA,NA,NA,NA,NA,NA,NA,NA,NA,NA,NA,NA,NA,NA,NA,NA,NA,NA,NA,NA,NA,NA,NA,NA,NA,NA,NA,NA,NA,NA,NA,NA,NA,NA,NA,NA,NA,NA,NA,NA
ImmortalsOfAveum-Win64-Shipping.exe,NVIDIA GeForce RTX 4060 Ti,12th Gen Intel(R) Core(TM) i7-12700,3840x2160,D3D12,0,20336,0x0000000063F0AD60,0,0,Hardware Composed: Independent Flip,0,4563.738414,17.124,18.557,0.156,0.352,3.193,0.021,NA,2775,9001,62,51,NA,NA,NA,NA,NA,NA,0.566,0.812,0.566,71,103,103,NA,4367,15, 42,42.452, 65,29,1,22,1,18,1,14,1,78,1,71,1,1,1,1,1,16,12,11,10,NA,NA,NA,NA,NA,NA,NA,NA,NA,NA,NA,NA,NA,NA,NA,NA,NA,NA,NA,NA,NA,NA,NA,NA,NA,NA,NA,NA,NA,NA,NA,NA,NA,NA,NA,NA,NA,NA,NA,NA,NA,NA,NA,NA,NA,NA,NA,NA
ImmortalsOfAveum-Win64-Shipping.exe,NVIDIA GeForce RTX 4060 Ti,12th Gen Intel(R) Core(TM) i7-12700,3840x2160,D3D12,0,20336,0x0000000063F0AD60,0,0,Hardware Composed: Independent Flip,0,4563.755203,16.789,15.809,0.251,2.156,2.213,0.128,NA,2775,9001,62,51,NA,NA,NA,NA,NA,NA,0.577,0.828,0.577,71,103,103,NA,4367,15, 42,42.452, 65,29,1,22,1,18,1,14,1,78,1,71,1,1,1,1,1,16,12,11,10,NA,NA,NA,NA,NA,NA,NA,NA,NA,NA,NA,NA,NA,NA,NA,NA,NA,NA,NA,NA,NA,NA,NA,NA,NA,NA,NA,NA,NA,NA,NA,NA,NA,NA,NA,NA,NA,NA,NA,NA,NA,NA,NA,NA,NA,NA,NA,NA
ImmortalsOfAveum-Win64-Shipping.exe,NVIDIA GeForce RTX 4060 Ti,12th Gen Intel(R) Core(TM) i7-12700,3840x2160,D3D12,0,20336,0x0000000063F0AD60,0,0,Hardware Composed: Independent Flip,0,4563.771825,16.622,16.586,0.144,0.354,2.178,0.021,NA,2775,9001,62,51,NA,NA,NA,NA,NA,NA,0.603,0.871,0.603,69,99,99,NA,4348,13, 42,42.452, 65,27,0,18,0,11,0,5,0,74,0,77,0,0,0,0,0,15,12,11,10,NA,NA,NA,NA,NA,NA,NA,NA,NA,NA,NA,NA,NA,NA,NA,NA,NA,NA,NA,NA,NA,NA,NA,NA,NA,NA,NA,NA,NA,NA,NA,NA,NA,NA,NA,NA,NA,NA,NA,NA,NA,NA,NA,NA,NA,NA,NA,NA
ImmortalsOfAveum-Win64-Shipping.exe,NVIDIA GeForce RTX 4060 Ti,12th Gen Intel(R) Core(TM) i7-12700,3840x2160,D3D12,0,20336,0x0000000063F0AD60,0,0,Hardware Composed: Independent Flip,0,4563.788955,17.130,16.883,0.254,1.918,1.931,0.112,NA,2775,9001,62,51,NA,NA,NA,NA,NA,NA,0.585,0.845,0.585,69,99,99,NA,4348,13, 42,42.452, 65,27,0,18,0,11,0,5,0,74,0,77,0,0,0,0,0,15,12,11,10,NA,NA,NA,NA,NA,NA,NA,NA,NA,NA,NA,NA,NA,NA,NA,NA,NA,NA,NA,NA,NA,NA,NA,NA,NA,NA,NA,NA,NA,NA,NA,NA,NA,NA,NA,NA,NA,NA,NA,NA,NA,NA,NA,NA,NA,NA,NA,NA
ImmortalsOfAveum-Win64-Shipping.exe,NVIDIA GeForce RTX 4060 Ti,12th Gen Intel(R) Core(TM) i7-12700,3840x2160,D3D12,0,20336,0x0000000063F0AD60,0,0,Hardware Composed: Independent Flip,0,4563.804637,15.682,15.725,0.142,0.546,1.974,0.035,NA,2775,9001,62,51,NA,NA,NA,NA,NA,NA,0.639,0.923,0.639,69,99,99,NA,4348,13, 42,42.452, 65,27,0,18,0,11,0,5,0,74,0,77,0,0,0,0,0,15,12,11,10,NA,NA,NA,NA,NA,NA,NA,NA,NA,NA,NA,NA,NA,NA,NA,NA,NA,NA,NA,NA,NA,NA,NA,NA,NA,NA,NA,NA,NA,NA,NA,NA,NA,NA,NA,NA,NA,NA,NA,NA,NA,NA,NA,NA,NA,NA,NA,NA
ImmortalsOfAveum-Win64-Shipping.exe,NVIDIA GeForce RTX 4060 Ti,12th Gen Intel(R) Core(TM) i7-12700,3840x2160,D3D12,0,20336,0x0000000063F0AD60,0,0,Hardware Composed: Independent Flip,0,4563.821359,16.722,16.630,0.237,1.821,1.882,0.109,NA,2775,9001,62,51,NA,NA,NA,NA,NA,NA,0.599,0.866,0.599,69,99,99,NA,4348,13, 42,42.452, 65,27,0,18,0,11,0,5,0,74,0,77,0,0,0,0,0,15,12,11,10,NA,NA,NA,NA,NA,NA,NA,NA,NA,NA,NA,NA,NA,NA,NA,NA,NA,NA,NA,NA,NA,NA,NA,NA,NA,NA,NA,NA,NA,NA,NA,NA,NA,NA,NA,NA,NA,NA,NA,NA,NA,NA,NA,NA,NA,NA,NA,NA
ImmortalsOfAveum-Win64-Shipping.exe,NVIDIA GeForce RTX 4060 Ti,12th Gen Intel(R) Core(TM) i7-12700,3840x2160,D3D12,0,20336,0x0000000063F0AD60,0,0,Hardware Composed: Independent Flip,0,4563.838630,17.271,17.730,0.160,0.344,2.341,0.020,NA,2775,9001,62,51,NA,NA,NA,NA,NA,NA,0.580,0.838,0.580,69,99,99,NA,4348,13, 42,42.452, 65,27,0,18,0,11,0,5,0,74,0,77,0,0,0,0,0,15,12,11,10,NA,NA,NA,NA,NA,NA,NA,NA,NA,NA,NA,NA,NA,NA,NA,NA,NA,NA,NA,NA,NA,NA,NA,NA,NA,NA,NA,NA,NA,NA,NA,NA,NA,NA,NA,NA,NA,NA,NA,NA,NA,NA,NA,NA,NA,NA,NA,NA
ImmortalsOfAveum-Win64-Shipping.exe,NVIDIA GeForce RTX 4060 Ti,12th Gen Intel(R) Core(TM) i7-12700,3840x2160,D3D12,0,20336,0x0000000063F0AD60,0,0,Hardware Composed: Independent Flip,0,4563.855578,16.949,16.768,0.223,2.146,2.160,0.127,NA,2775,9001,62,51,NA,NA,NA,NA,NA,NA,0.591,0.854,0.591,69,99,99,NA,4348,13, 42,42.452, 65,27,0,18,0,11,0,5,0,74,0,77,0,0,0,0,0,15,12,11,10,NA,NA,NA,NA,NA,NA,NA,NA,NA,NA,NA,NA,NA,NA,NA,NA,NA,NA,NA,NA,NA,NA,NA,NA,NA,NA,NA,NA,NA,NA,NA,NA,NA,NA,NA,NA,NA,NA,NA,NA,NA,NA,NA,NA,NA,NA,NA,NA
ImmortalsOfAveum-Win64-Shipping.exe,NVIDIA GeForce RTX 4060 Ti,12th Gen Intel(R) Core(TM) i7-12700,3840x2160,D3D12,0,20336,0x0000000063F0AD60,0,0,Hardware Composed: Independent Flip,0,4563.871547,15.968,15.816,0.150,0.567,2.008,0.036,NA,2775,9001,62,51,NA,NA,NA,NA,NA,NA,0.627,0.907,0.627,69,99,99,NA,4348,13, 44,42.732, 65,27,0,18,0,11,0,5,0,74,0,77,0,0,0,0,0,15,12,11,10,NA,NA,NA,NA,NA,NA,NA,NA,NA,NA,NA,NA,NA,NA,NA,NA,NA,NA,NA,NA,NA,NA,NA,NA,NA,NA,NA,NA,NA,NA,NA,NA,NA,NA,NA,NA,NA,NA,NA,NA,NA,NA,NA,NA,NA,NA,NA,NA
ImmortalsOfAveum-Win64-Shipping.exe,NVIDIA GeForce RTX 4060 Ti,12th Gen Intel(R) Core(TM) i7-12700,3840x2160,D3D12,0,20336,0x0000000063F0AD60,0,0,Hardware Composed: Independent Flip,0,4563.888545,16.998,16.849,0.222,1.844,1.858,0.109,NA,2775,9001,62,51,NA,NA,NA,NA,NA,NA,0.589,0.852,0.589,69,99,99,NA,4348,13, 44,42.732, 65,27,0,18,0,11,0,5,0,74,0,77,0,0,0,0,0,15,12,11,10,NA,NA,NA,NA,NA,NA,NA,NA,NA,NA,NA,NA,NA,NA,NA,NA,NA,NA,NA,NA,NA,NA,NA,NA,NA,NA,NA,NA,NA,NA,NA,NA,NA,NA,NA,NA,NA,NA,NA,NA,NA,NA,NA,NA,NA,NA,NA,NA
ImmortalsOfAveum-Win64-Shipping.exe,NVIDIA GeForce RTX 4060 Ti,12th Gen Intel(R) Core(TM) i7-12700,3840x2160,D3D12,0,20336,0x0000000063F0AD60,0,0,Hardware Composed: Independent Flip,0,4563.904118,15.573,16.128,0.181,0.514,2.413,0.033,NA,2775,9001,62,51,NA,NA,NA,NA,NA,NA,0.643,0.930,0.643,69,99,99,NA,4348,13, 44,42.732, 65,27,0,18,0,11,0,5,0,74,0,77,0,0,0,0,0,15,12,11,10,NA,NA,NA,NA,NA,NA,NA,NA,NA,NA,NA,NA,NA,NA,NA,NA,NA,NA,NA,NA,NA,NA,NA,NA,NA,NA,NA,NA,NA,NA,NA,NA,NA,NA,NA,NA,NA,NA,NA,NA,NA,NA,NA,NA,NA,NA,NA,NA
ImmortalsOfAveum-Win64-Shipping.exe,NVIDIA GeForce RTX 4060 Ti,12th Gen Intel(R) Core(TM) i7-12700,3840x2160,D3D12,0,20336,0x0000000063F0AD60,0,0,Hardware Composed: Independent Flip,0,4563.920698,16.580,16.518,0.192,2.292,2.351,0.138,NA,2775,9001,62,51,NA,NA,NA,NA,NA,NA,0.604,0.873,0.604,69,99,99,NA,4348,13, 44,42.732, 65,27,0,18,0,11,0,5,0,74,0,77,0,0,0,0,0,15,12,11,10,NA,NA,NA,NA,NA,NA,NA,NA,NA,NA,NA,NA,NA,NA,NA,NA,NA,NA,NA,NA,NA,NA,NA,NA,NA,NA,NA,NA,NA,NA,NA,NA,NA,NA,NA,NA,NA,NA,NA,NA,NA,NA,NA,NA,NA,NA,NA,NA
ImmortalsOfAveum-Win64-Shipping.exe,NVIDIA GeForce RTX 4060 Ti,12th Gen Intel(R) Core(TM) i7-12700,3840x2160,D3D12,0,20336,0x0000000063F0AD60,0,0,Hardware Composed: Independent Flip,0,4563.938469,17.771,18.012,0.149,0.346,2.592,0.019,NA,2775,9001,62,51,NA,NA,NA,NA,NA,NA,0.564,0.815,0.564,69,99,99,NA,4348,13, 44,42.732, 65,27,0,18,0,11,0,5,0,74,0,77,0,0,0,0,0,15,12,11,10,NA,NA,NA,NA,NA,NA,NA,NA,NA,NA,NA,NA,NA,NA,NA,NA,NA,NA,NA,NA,NA,NA,NA,NA,NA,NA,NA,NA,NA,NA,NA,NA,NA,NA,NA,NA,NA,NA,NA,NA,NA,NA,NA,NA,NA,NA,NA,NA
ImmortalsOfAveum-Win64-Shipping.exe,NVIDIA GeForce RTX 4060 Ti,12th Gen Intel(R) Core(TM) i7-12700,3840x2160,D3D12,0,20336,0x0000000063F0AD60,0,0,Hardware Composed: Independent Flip,0,4563.955536,17.068,16.420,0.196,1.886,1.944,0.110,NA,2775,9001,62,51,NA,NA,NA,NA,NA,NA,0.587,0.848,0.587,69,99,99,NA,4348,13, 44,42.732, 65,27,0,18,0,11,0,5,0,74,0,77,0,0,0,0,0,15,12,11,10,NA,NA,NA,NA,NA,NA,NA,NA,NA,NA,NA,NA,NA,NA,NA,NA,NA,NA,NA,NA,NA,NA,NA,NA,NA,NA,NA,NA,NA,NA,NA,NA,NA,NA,NA,NA,NA,NA,NA,NA,NA,NA,NA,NA,NA,NA,NA,NA
ImmortalsOfAveum-Win64-Shipping.exe,NVIDIA GeForce RTX 4060 Ti,12th Gen Intel(R) Core(TM) i7-12700,3840x2160,D3D12,0,20336,0x0000000063F0AD60,0,0,Hardware Composed: Independent Flip,0,4563.971916,16.380,16.275,0.171,0.352,1.839,0.021,NA,2775,9001,62,51,NA,NA,NA,NA,NA,NA,0.611,0.884,0.611,69,99,99,NA,4348,13, 44,42.732, 65,27,0,18,0,11,0,5,0,74,0,77,0,0,0,0,0,15,12,11,10,NA,NA,NA,NA,NA,NA,NA,NA,NA,NA,NA,NA,NA,NA,NA,NA,NA,NA,NA,NA,NA,NA,NA,NA,NA,NA,NA,NA,NA,NA,NA,NA,NA,NA,NA,NA,NA,NA,NA,NA,NA,NA,NA,NA,NA,NA,NA,NA
ImmortalsOfAveum-Win64-Shipping.exe,NVIDIA GeForce RTX 4060 Ti,12th Gen Intel(R) Core(TM) i7-12700,3840x2160,D3D12,0,20336,0x0000000063F0AD60,0,0,Hardware Composed: Independent Flip,0,4563.989143,17.227,17.210,0.253,1.804,1.822,0.105,NA,2775,9001,62,51,NA,NA,NA,NA,NA,NA,0.581,0.840,0.581,69,99,99,NA,4348,13, 44,42.732, 65,27,0,18,0,11,0,5,0,74,0,77,0,0,0,0,0,15,12,11,10,NA,NA,NA,NA,NA,NA,NA,NA,NA,NA,NA,NA,NA,NA,NA,NA,NA,NA,NA,NA,NA,NA,NA,NA,NA,NA,NA,NA,NA,NA,NA,NA,NA,NA,NA,NA,NA,NA,NA,NA,NA,NA,NA,NA,NA,NA,NA,NA
ImmortalsOfAveum-Win64-Shipping.exe,NVIDIA GeForce RTX 4060 Ti,12th Gen Intel(R) Core(TM) i7-12700,3840x2160,D3D12,0,20336,0x0000000063F0AD60,0,0,Hardware Composed: Independent Flip,0,4564.004840,15.696,15.981,0.145,0.556,2.106,0.035,NA,2775,9001,62,51,NA,NA,NA,NA,NA,NA,0.638,0.922,0.638,69,99,99,NA,4348,13, 44,42.732, 65,27,0,18,0,11,0,5,0,74,0,77,0,0,0,0,0,15,12,11,10,NA,NA,NA,NA,NA,NA,NA,NA,NA,NA,NA,NA,NA,NA,NA,NA,NA,NA,NA,NA,NA,NA,NA,NA,NA,NA,NA,NA,NA,NA,NA,NA,NA,NA,NA,NA,NA,NA,NA,NA,NA,NA,NA,NA,NA,NA,NA,NA
ImmortalsOfAveum-Win64-Shipping.exe,NVIDIA GeForce RTX 4060 Ti,12th Gen Intel(R) Core(TM) i7-12700,3840x2160,D3D12,0,20336,0x0000000063F0AD60,0,0,Hardware Composed: Independent Flip,0,4564.021585,16.745,16.914,0.195,2.262,2.275,0.135,NA,2775,9001,62,51,NA,NA,NA,NA,NA,NA,0.598,0.865,0.598,69,99,99,NA,4348,13, 44,42.732, 65,27,0,18,0,11,0,5,0,74,0,77,0,0,0,0,0,15,12,11,10,NA,NA,NA,NA,NA,NA,NA,NA,NA,NA,NA,NA,NA,NA,NA,NA,NA,NA,NA,NA,NA,NA,NA,NA,NA,NA,NA,NA,NA,NA,NA,NA,NA,NA,NA,NA,NA,NA,NA,NA,NA,NA,NA,NA,NA,NA,NA,NA
ImmortalsOfAveum-Win64-Shipping.exe,NVIDIA GeForce RTX 4060 Ti,12th Gen Intel(R) Core(TM) i7-12700,3840x2160,D3D12,0,20336,0x0000000063F0AD60,0,0,Hardware Composed: Independent Flip,0,4564.038159,16.574,16.803,0.164,0.359,2.504,0.022,NA,2775,9001,62,51,NA,NA,NA,NA,NA,NA,0.604,0.874,0.604,69,99,99,NA,4348,13, 44,42.732, 65,27,0,18,0,11,0,5,0,74,0,77,0,0,0,0,0,15,12,11,10,NA,NA,NA,NA,NA,NA,NA,NA,NA,NA,NA,NA,NA,NA,NA,NA,NA,NA,NA,NA,NA,NA,NA,NA,NA,NA,NA,NA,NA,NA,NA,NA,NA,NA,NA,NA,NA,NA,NA,NA,NA,NA,NA,NA,NA,NA,NA,NA
ImmortalsOfAveum-Win64-Shipping.exe,NVIDIA GeForce RTX 4060 Ti,12th Gen Intel(R) Core(TM) i7-12700,3840x2160,D3D12,0,20336,0x0000000063F0AD60,0,0,Hardware Composed: Independent Flip,0,4564.054964,16.805,16.194,0.236,1.873,1.893,0.111,NA,2775,9001,62,51,NA,NA,NA,NA,NA,NA,0.596,0.862,0.596,69,99,99,NA,4348,13, 44,42.732, 65,27,0,18,0,11,0,5,0,74,0,77,0,0,0,0,0,15,12,11,10,NA,NA,NA,NA,NA,NA,NA,NA,NA,NA,NA,NA,NA,NA,NA,NA,NA,NA,NA,NA,NA,NA,NA,NA,NA,NA,NA,NA,NA,NA,NA,NA,NA,NA,NA,NA,NA,NA,NA,NA,NA,NA,NA,NA,NA,NA,NA,NA
ImmortalsOfAveum-Win64-Shipping.exe,NVIDIA GeForce RTX 4060 Ti,12th Gen Intel(R) Core(TM) i7-12700,3840x2160,D3D12,0,20336,0x0000000063F0AD60,0,0,Hardware Composed: Independent Flip,0,4564.071452,16.488,17.146,0.152,0.348,2.551,0.021,NA,2775,9001,62,51,NA,NA,NA,NA,NA,NA,0.607,0.878,0.607,69,99,99,NA,4348,13, 42,42.869, 65,27,0,18,0,11,0,5,0,74,0,77,0,0,0,0,0,15,12,11,10,NA,NA,NA,NA,NA,NA,NA,NA,NA,NA,NA,NA,NA,NA,NA,NA,NA,NA,NA,NA,NA,NA,NA,NA,NA,NA,NA,NA,NA,NA,NA,NA,NA,NA,NA,NA,NA,NA,NA,NA,NA,NA,NA,NA,NA,NA,NA,NA
ImmortalsOfAveum-Win64-Shipping.exe,NVIDIA GeForce RTX 4060 Ti,12th Gen Intel(R) Core(TM) i7-12700,3840x2160,D3D12,0,20336,0x0000000063F0AD60,0,0,Hardware Composed: Independent Flip,0,4564.088384,16.931,16.680,0.245,2.286,2.300,0.135,NA,2775,9001,62,51,NA,NA,NA,NA,NA,NA,0.591,0.855,0.591,69,99,99,NA,4348,13, 42,42.869, 65,27,0,18,0,11,0,5,0,74,0,77,0,0,0,0,0,15,12,11,10,NA,NA,NA,NA,NA,NA,NA,NA,NA,NA,NA,NA,NA,NA,NA,NA,NA,NA,NA,NA,NA,NA,NA,NA,NA,NA,NA,NA,NA,NA,NA,NA,NA,NA,NA,NA,NA,NA,NA,NA,NA,NA,NA,NA,NA,NA,NA,NA
ImmortalsOfAveum-Win64-Shipping.exe,NVIDIA GeForce RTX 4060 Ti,12th Gen Intel(R) Core(TM) i7-12700,3840x2160,D3D12,0,20336,0x0000000063F0AD60,0,0,Hardware Composed: Independent Flip,0,4564.104469,16.085,16.006,0.155,0.525,2.220,0.033,NA,2775,9001,62,51,NA,NA,NA,NA,NA,NA,0.623,0.900,0.623,69,99,99,NA,4348,13, 42,42.869, 65,27,0,18,0,11,0,5,0,74,0,77,0,0,0,0,0,15,12,11,10,NA,NA,NA,NA,NA,NA,NA,NA,NA,NA,NA,NA,NA,NA,NA,NA,NA,NA,NA,NA,NA,NA,NA,NA,NA,NA,NA,NA,NA,NA,NA,NA,NA,NA,NA,NA,NA,NA,NA,NA,NA,NA,NA,NA,NA,NA,NA,NA
ImmortalsOfAveum-Win64-Shipping.exe,NVIDIA GeForce RTX 4060 Ti,12th Gen Intel(R) Core(TM) i7-12700,3840x2160,D3D12,0,20336,0x0000000063F0AD60,0,0,Hardware Composed: Independent Flip,0,4564.121161,16.692,16.667,0.191,2.180,2.194,0.131,NA,2775,9001,62,51,NA,NA,NA,NA,NA,NA,0.600,0.867,0.600,69,99,99,NA,4348,13, 42,42.869, 65,27,0,18,0,11,0,5,0,74,0,77,0,0,0,0,0,15,12,11,10,NA,NA,NA,NA,NA,NA,NA,NA,NA,NA,NA,NA,NA,NA,NA,NA,NA,NA,NA,NA,NA,NA,NA,NA,NA,NA,NA,NA,NA,NA,NA,NA,NA,NA,NA,NA,NA,NA,NA,NA,NA,NA,NA,NA,NA,NA,NA,NA
ImmortalsOfAveum-Win64-Shipping.exe,NVIDIA GeForce RTX 4060 Ti,12th Gen Intel(R) Core(TM) i7-12700,3840x2160,D3D12,0,20336,0x0000000063F0AD60,0,0,Hardware Composed: Independent Flip,0,4564.138781,17.620,17.791,0.184,0.341,2.365,0.019,NA,2775,9001,62,51,NA,NA,NA,NA,NA,NA,0.568,0.822,0.568,69,99,99,NA,4348,13, 42,42.869, 65,27,0,18,0,11,0,5,0,74,0,77,0,0,0,0,0,15,12,11,10,NA,NA,NA,NA,NA,NA,NA,NA,NA,NA,NA,NA,NA,NA,NA,NA,NA,NA,NA,NA,NA,NA,NA,NA,NA,NA,NA,NA,NA,NA,NA,NA,NA,NA,NA,NA,NA,NA,NA,NA,NA,NA,NA,NA,NA,NA,NA,NA
ImmortalsOfAveum-Win64-Shipping.exe,NVIDIA GeForce RTX 4060 Ti,12th Gen Intel(R) Core(TM) i7-12700,3840x2160,D3D12,0,20336,0x0000000063F0AD60,0,0,Hardware Composed: Independent Flip,0,4564.155787,17.006,17.125,0.202,2.427,2.485,0.143,NA,2775,9001,62,51,NA,NA,NA,NA,NA,NA,0.589,0.851,0.589,69,99,99,NA,4348,13, 42,42.869, 65,27,0,18,0,11,0,5,0,74,0,77,0,0,0,0,0,15,12,11,10,NA,NA,NA,NA,NA,NA,NA,NA,NA,NA,NA,NA,NA,NA,NA,NA,NA,NA,NA,NA,NA,NA,NA,NA,NA,NA,NA,NA,NA,NA,NA,NA,NA,NA,NA,NA,NA,NA,NA,NA,NA,NA,NA,NA,NA,NA,NA,NA
ImmortalsOfAveum-Win64-Shipping.exe,NVIDIA GeForce RTX 4060 Ti,12th Gen Intel(R) Core(TM) i7-12700,3840x2160,D3D12,0,20336,0x0000000063F0AD60,0,0,Hardware Composed: Independent Flip,0,4564.170938,15.151,14.662,0.136,0.545,1.996,0.036,NA,2775,9001,62,51,NA,NA,NA,NA,NA,NA,0.661,0.956,0.661,69,99,99,NA,4348,13, 42,42.869, 65,27,0,18,0,11,0,5,0,74,0,77,0,0,0,0,0,15,12,11,10,NA,NA,NA,NA,NA,NA,NA,NA,NA,NA,NA,NA,NA,NA,NA,NA,NA,NA,NA,NA,NA,NA,NA,NA,NA,NA,NA,NA,NA,NA,NA,NA,NA,NA,NA,NA,NA,NA,NA,NA,NA,NA,NA,NA,NA,NA,NA,NA
ImmortalsOfAveum-Win64-Shipping.exe,NVIDIA GeForce RTX 4060 Ti,12th Gen Intel(R) Core(TM) i7-12700,3840x2160,D3D12,0,20336,0x0000000063F0AD60,0,0,Hardware Composed: Independent Flip,0,4564.187831,16.893,17.381,0.238,2.471,2.485,0.146,NA,2775,9001,62,51,NA,NA,NA,NA,NA,NA,0.593,0.857,0.593,69,99,99,NA,4348,13, 42,42.869, 65,27,0,18,0,11,0,5,0,74,0,77,0,0,0,0,0,15,12,11,10,NA,NA,NA,NA,NA,NA,NA,NA,NA,NA,NA,NA,NA,NA,NA,NA,NA,NA,NA,NA,NA,NA,NA,NA,NA,NA,NA,NA,NA,NA,NA,NA,NA,NA,NA,NA,NA,NA,NA,NA,NA,NA,NA,NA,NA,NA,NA,NA
ImmortalsOfAveum-Win64-Shipping.exe,NVIDIA GeForce RTX 4060 Ti,12th Gen Intel(R) Core(TM) i7-12700,3840x2160,D3D12,0,20336,0x0000000063F0AD60,0,0,Hardware Composed: Independent Flip,0,4564.205791,17.961,18.498,0.158,0.353,3.022,0.020,NA,2775,9001,62,51,NA,NA,NA,NA,NA,NA,0.558,0.806,0.558,69,99,99,NA,4348,13, 42,42.869, 65,27,0,18,0,11,0,5,0,74,0,77,0,0,0,0,0,15,12,11,10,NA,NA,NA,NA,NA,NA,NA,NA,NA,NA,NA,NA,NA,NA,NA,NA,NA,NA,NA,NA,NA,NA,NA,NA,NA,NA,NA,NA,NA,NA,NA,NA,NA,NA,NA,NA,NA,NA,NA,NA,NA,NA,NA,NA,NA,NA,NA,NA
ImmortalsOfAveum-Win64-Shipping.exe,NVIDIA GeForce RTX 4060 Ti,12th Gen Intel(R) Core(TM) i7-12700,3840x2160,D3D12,0,20336,0x0000000063F0AD60,0,0,Hardware Composed: Independent Flip,0,4564.222793,17.002,16.467,0.198,2.475,2.488,0.146,NA,2775,9001,62,51,NA,NA,NA,NA,NA,NA,0.589,0.852,0.589,69,99,99,NA,4348,13, 42,42.869, 65,27,0,18,0,11,0,5,0,74,0,77,0,0,0,0,0,15,12,11,10,NA,NA,NA,NA,NA,NA,NA,NA,NA,NA,NA,NA,NA,NA,NA,NA,NA,NA,NA,NA,NA,NA,NA,NA,NA,NA,NA,NA,NA,NA,NA,NA,NA,NA,NA,NA,NA,NA,NA,NA,NA,NA,NA,NA,NA,NA,NA,NA
ImmortalsOfAveum-Win64-Shipping.exe,NVIDIA GeForce RTX 4060 Ti,12th Gen Intel(R) Core(TM) i7-12700,3840x2160,D3D12,0,20336,0x0000000063F0AD60,0,0,Hardware Composed: Independent Flip,0,4564.237952,15.159,15.326,0.142,0.550,2.655,0.036,NA,2775,9001,62,51,NA,NA,NA,NA,NA,NA,0.661,0.955,0.661,69,99,99,NA,4348,13, 42,42.869, 65,27,0,18,0,11,0,5,0,74,0,77,0,0,0,0,0,15,12,11,10,NA,NA,NA,NA,NA,NA,NA,NA,NA,NA,NA,NA,NA,NA,NA,NA,NA,NA,NA,NA,NA,NA,NA,NA,NA,NA,NA,NA,NA,NA,NA,NA,NA,NA,NA,NA,NA,NA,NA,NA,NA,NA,NA,NA,NA,NA,NA,NA
ImmortalsOfAveum-Win64-Shipping.exe,NVIDIA GeForce RTX 4060 Ti,12th Gen Intel(R) Core(TM) i7-12700,3840x2160,D3D12,0,20336,0x0000000063F0AD60,0,0,Hardware Composed: Independent Flip,0,4564.254950,16.998,16.403,0.203,2.048,2.060,0.120,NA,2775,9001,62,51,NA,NA,NA,NA,NA,NA,0.589,0.852,0.589,69,99,99,NA,4348,13, 42,42.869, 65,27,0,18,0,11,0,5,0,74,0,77,0,0,0,0,0,15,12,11,10,NA,NA,NA,NA,NA,NA,NA,NA,NA,NA,NA,NA,NA,NA,NA,NA,NA,NA,NA,NA,NA,NA,NA,NA,NA,NA,NA,NA,NA,NA,NA,NA,NA,NA,NA,NA,NA,NA,NA,NA,NA,NA,NA,NA,NA,NA,NA,NA
ImmortalsOfAveum-Win64-Shipping.exe,NVIDIA GeForce RTX 4060 Ti,12th Gen Intel(R) Core(TM) i7-12700,3840x2160,D3D12,0,20336,0x0000000063F0AD60,0,0,Hardware Composed: Independent Flip,0,4564.271532,16.582,17.551,0.149,0.353,3.030,0.021,NA,2775,9001,62,51,NA,NA,NA,NA,NA,NA,0.604,0.873,0.604,69,99,99,NA,4348,13, 41,42.590, 65,27,0,18,0,11,0,5,0,74,0,77,0,0,0,0,0,15,12,11,10,NA,NA,NA,NA,NA,NA,NA,NA,NA,NA,NA,NA,NA,NA,NA,NA,NA,NA,NA,NA,NA,NA,NA,NA,NA,NA,NA,NA,NA,NA,NA,NA,NA,NA,NA,NA,NA,NA,NA,NA,NA,NA,NA,NA,NA,NA,NA,NA
ImmortalsOfAveum-Win64-Shipping.exe,NVIDIA GeForce RTX 4060 Ti,12th Gen Intel(R) Core(TM) i7-12700,3840x2160,D3D12,0,20336,0x0000000063F0AD60,0,0,Hardware Composed: Independent Flip,0,4564.288217,16.685,15.763,0.206,2.093,2.107,0.125,NA,2775,9001,62,52,NA,NA,NA,NA,NA,NA,0.593,0.856,0.593,69,101,101,NA,4367,15, 41,42.590, 65,31,1,23,1,18,1,14,1,75,1,75,1,1,1,1,1,16,13,11,11,NA,NA,NA,NA,NA,NA,NA,NA,NA,NA,NA,NA,NA,NA,NA,NA,NA,NA,NA,NA,NA,NA,NA,NA,NA,NA,NA,NA,NA,NA,NA,NA,NA,NA,NA,NA,NA,NA,NA,NA,NA,NA,NA,NA,NA,NA,NA,NA
ImmortalsOfAveum-Win64-Shipping.exe,NVIDIA GeForce RTX 4060 Ti,12th Gen Intel(R) Core(TM) i7-12700,3840x2160,D3D12,0,20336,0x0000000063F0AD60,0,0,Hardware Composed: Independent Flip,0,4564.304062,15.845,16.363,0.142,0.543,2.625,0.034,NA,2775,9001,62,52,NA,NA,NA,NA,NA,NA,0.624,0.902,0.624,69,101,101,NA,4367,15, 41,42.590, 65,31,1,23,1,18,1,14,1,75,1,75,1,1,1,1,1,16,13,11,11,NA,NA,NA,NA,NA,NA,NA,NA,NA,NA,NA,NA,NA,NA,NA,NA,NA,NA,NA,NA,NA,NA,NA,NA,NA,NA,NA,NA,NA,NA,NA,NA,NA,NA,NA,NA,NA,NA,NA,NA,NA,NA,NA,NA,NA,NA,NA,NA
ImmortalsOfAveum-Win64-Shipping.exe,NVIDIA GeForce RTX 4060 Ti,12th Gen Intel(R) Core(TM) i7-12700,3840x2160,D3D12,0,20336,0x0000000063F0AD60,0,0,Hardware Composed: Independent Flip,0,4564.320853,16.791,16.537,0.224,2.358,2.372,0.140,NA,2775,9001,62,52,NA,NA,NA,NA,NA,NA,0.589,0.851,0.589,69,101,101,NA,4367,15, 41,42.590, 65,31,1,23,1,18,1,14,1,75,1,75,1,1,1,1,1,16,13,11,11,NA,NA,NA,NA,NA,NA,NA,NA,NA,NA,NA,NA,NA,NA,NA,NA,NA,NA,NA,NA,NA,NA,NA,NA,NA,NA,NA,NA,NA,NA,NA,NA,NA,NA,NA,NA,NA,NA,NA,NA,NA,NA,NA,NA,NA,NA,NA,NA
ImmortalsOfAveum-Win64-Shipping.exe,NVIDIA GeForce RTX 4060 Ti,12th Gen Intel(R) Core(TM) i7-12700,3840x2160,D3D12,0,20336,0x0000000063F0AD60,0,0,Hardware Composed: Independent Flip,0,4564.338617,17.764,17.514,0.166,0.351,2.122,0.020,NA,2775,9001,62,52,NA,NA,NA,NA,NA,NA,0.557,0.804,0.557,69,101,101,NA,4367,15, 41,42.590, 65,31,1,23,1,18,1,14,1,75,1,75,1,1,1,1,1,16,13,11,11,NA,NA,NA,NA,NA,NA,NA,NA,NA,NA,NA,NA,NA,NA,NA,NA,NA,NA,NA,NA,NA,NA,NA,NA,NA,NA,NA,NA,NA,NA,NA,NA,NA,NA,NA,NA,NA,NA,NA,NA,NA,NA,NA,NA,NA,NA,NA,NA
ImmortalsOfAveum-Win64-Shipping.exe,NVIDIA GeForce RTX 4060 Ti,12th Gen Intel(R) Core(TM) i7-12700,3840x2160,D3D12,0,20336,0x0000000063F0AD60,0,0,Hardware Composed: Independent Flip,0,4564.355624,17.007,16.970,0.205,2.071,2.085,0.122,NA,2775,9001,62,52,NA,NA,NA,NA,NA,NA,0.582,0.840,0.582,69,101,101,NA,4367,15, 41,42.590, 65,31,1,23,1,18,1,14,1,75,1,75,1,1,1,1,1,16,13,11,11,NA,NA,NA,NA,NA,NA,NA,NA,NA,NA,NA,NA,NA,NA,NA,NA,NA,NA,NA,NA,NA,NA,NA,NA,NA,NA,NA,NA,NA,NA,NA,NA,NA,NA,NA,NA,NA,NA,NA,NA,NA,NA,NA,NA,NA,NA,NA,NA
ImmortalsOfAveum-Win64-Shipping.exe,NVIDIA GeForce RTX 4060 Ti,12th Gen Intel(R) Core(TM) i7-12700,3840x2160,D3D12,0,20336,0x0000000063F0AD60,0,0,Hardware Composed: Independent Flip,0,4564.371486,15.863,15.759,0.169,0.709,1.981,0.045,NA,2775,9001,62,52,NA,NA,NA,NA,NA,NA,0.624,0.901,0.624,69,101,101,NA,4367,15, 41,42.590, 65,31,1,23,1,18,1,14,1,75,1,75,1,1,1,1,1,16,13,11,11,NA,NA,NA,NA,NA,NA,NA,NA,NA,NA,NA,NA,NA,NA,NA,NA,NA,NA,NA,NA,NA,NA,NA,NA,NA,NA,NA,NA,NA,NA,NA,NA,NA,NA,NA,NA,NA,NA,NA,NA,NA,NA,NA,NA,NA,NA,NA,NA
ImmortalsOfAveum-Win64-Shipping.exe,NVIDIA GeForce RTX 4060 Ti,12th Gen Intel(R) Core(TM) i7-12700,3840x2160,D3D12,0,20336,0x0000000063F0AD60,0,0,Hardware Composed: Independent Flip,0,4564.388582,17.096,17.212,0.249,2.077,2.098,0.121,NA,2775,9001,62,52,NA,NA,NA,NA,NA,NA,0.579,0.836,0.579,69,101,101,NA,4367,15, 41,42.590, 65,31,1,23,1,18,1,14,1,75,1,75,1,1,1,1,1,16,13,11,11,NA,NA,NA,NA,NA,NA,NA,NA,NA,NA,NA,NA,NA,NA,NA,NA,NA,NA,NA,NA,NA,NA,NA,NA,NA,NA,NA,NA,NA,NA,NA,NA,NA,NA,NA,NA,NA,NA,NA,NA,NA,NA,NA,NA,NA,NA,NA,NA
ImmortalsOfAveum-Win64-Shipping.exe,NVIDIA GeForce RTX 4060 Ti,12th Gen Intel(R) Core(TM) i7-12700,3840x2160,D3D12,0,20336,0x0000000063F0AD60,0,0,Hardware Composed: Independent Flip,0,4564.404502,15.920,16.238,0.156,0.546,2.415,0.034,NA,2775,9001,62,52,NA,NA,NA,NA,NA,NA,0.621,0.898,0.621,69,101,101,NA,4367,15, 41,42.590, 65,31,1,23,1,18,1,14,1,75,1,75,1,1,1,1,1,16,13,11,11,NA,NA,NA,NA,NA,NA,NA,NA,NA,NA,NA,NA,NA,NA,NA,NA,NA,NA,NA,NA,NA,NA,NA,NA,NA,NA,NA,NA,NA,NA,NA,NA,NA,NA,NA,NA,NA,NA,NA,NA,NA,NA,NA,NA,NA,NA,NA,NA
ImmortalsOfAveum-Win64-Shipping.exe,NVIDIA GeForce RTX 4060 Ti,12th Gen Intel(R) Core(TM) i7-12700,3840x2160,D3D12,0,20336,0x0000000063F0AD60,0,0,Hardware Composed: Independent Flip,0,4564.421114,16.612,16.183,0.212,1.973,1.987,0.119,NA,2775,9001,62,52,NA,NA,NA,NA,NA,NA,0.596,0.860,0.596,69,101,101,NA,4367,15, 41,42.590, 65,31,1,23,1,18,1,14,1,75,1,75,1,1,1,1,1,16,13,11,11,NA,NA,NA,NA,NA,NA,NA,NA,NA,NA,NA,NA,NA,NA,NA,NA,NA,NA,NA,NA,NA,NA,NA,NA,NA,NA,NA,NA,NA,NA,NA,NA,NA,NA,NA,NA,NA,NA,NA,NA,NA,NA,NA,NA,NA,NA,NA,NA
ImmortalsOfAveum-Win64-Shipping.exe,NVIDIA GeForce RTX 4060 Ti,12th Gen Intel(R) Core(TM) i7-12700,3840x2160,D3D12,0,20336,0x0000000063F0AD60,0,0,Hardware Composed: Independent Flip,0,4564.438520,17.406,18.094,0.164,0.342,2.675,0.020,NA,2775,9001,62,52,NA,NA,NA,NA,NA,NA,0.568,0.821,0.568,69,101,101,NA,4367,15, 41,42.590, 65,31,1,23,1,18,1,14,1,75,1,75,1,1,1,1,1,16,13,11,11,NA,NA,NA,NA,NA,NA,NA,NA,NA,NA,NA,NA,NA,NA,NA,NA,NA,NA,NA,NA,NA,NA,NA,NA,NA,NA,NA,NA,NA,NA,NA,NA,NA,NA,NA,NA,NA,NA,NA,NA,NA,NA,NA,NA,NA,NA,NA,NA
ImmortalsOfAveum-Win64-Shipping.exe,NVIDIA GeForce RTX 4060 Ti,12th Gen Intel(R) Core(TM) i7-12700,3840x2160,D3D12,0,20336,0x0000000063F0AD60,0,0,Hardware Composed: Independent Flip,0,4564.455527,17.008,16.082,0.227,1.690,1.750,0.099,NA,2775,9001,62,52,NA,NA,NA,NA,NA,NA,0.582,0.840,0.582,69,101,101,NA,4367,15, 41,42.590, 65,31,1,23,1,18,1,14,1,75,1,75,1,1,1,1,1,16,13,11,11,NA,NA,NA,NA,NA,NA,NA,NA,NA,NA,NA,NA,NA,NA,NA,NA,NA,NA,NA,NA,NA,NA,NA,NA,NA,NA,NA,NA,NA,NA,NA,NA,NA,NA,NA,NA,NA,NA,NA,NA,NA,NA,NA,NA,NA,NA,NA,NA
ImmortalsOfAveum-Win64-Shipping.exe,NVIDIA GeForce RTX 4060 Ti,12th Gen Intel(R) Core(TM) i7-12700,3840x2160,D3D12,0,20336,0x0000000063F0AD60,0,0,Hardware Composed: Independent Flip,0,4564.470936,15.409,15.591,0.142,0.552,1.932,0.036,NA,2775,9001,62,52,NA,NA,NA,NA,NA,NA,0.642,0.927,0.642,69,101,101,NA,4367,15, 41,42.885, 65,31,1,23,1,18,1,14,1,75,1,75,1,1,1,1,1,16,13,11,11,NA,NA,NA,NA,NA,NA,NA,NA,NA,NA,NA,NA,NA,NA,NA,NA,NA,NA,NA,NA,NA,NA,NA,NA,NA,NA,NA,NA,NA,NA,NA,NA,NA,NA,NA,NA,NA,NA,NA,NA,NA,NA,NA,NA,NA,NA,NA,NA
ImmortalsOfAveum-Win64-Shipping.exe,NVIDIA GeForce RTX 4060 Ti,12th Gen Intel(R) Core(TM) i7-12700,3840x2160,D3D12,0,20336,0x0000000063F0AD60,0,0,Hardware Composed: Independent Flip,0,4564.487793,16.857,17.079,0.313,2.138,2.154,0.127,NA,2775,9001,62,52,NA,NA,NA,NA,NA,NA,0.587,0.848,0.587,69,101,101,NA,4367,15, 41,42.885, 65,31,1,23,1,18,1,14,1,75,1,75,1,1,1,1,1,16,13,11,11,NA,NA,NA,NA,NA,NA,NA,NA,NA,NA,NA,NA,NA,NA,NA,NA,NA,NA,NA,NA,NA,NA,NA,NA,NA,NA,NA,NA,NA,NA,NA,NA,NA,NA,NA,NA,NA,NA,NA,NA,NA,NA,NA,NA,NA,NA,NA,NA
ImmortalsOfAveum-Win64-Shipping.exe,NVIDIA GeForce RTX 4060 Ti,12th Gen Intel(R) Core(TM) i7-12700,3840x2160,D3D12,0,20336,0x0000000063F0AD60,0,0,Hardware Composed: Independent Flip,0,4564.505313,17.521,17.318,0.165,0.346,1.951,0.020,NA,2775,9001,62,52,NA,NA,NA,NA,NA,NA,0.565,0.816,0.565,69,101,101,NA,4367,15, 41,42.885, 65,31,1,23,1,18,1,14,1,75,1,75,1,1,1,1,1,16,13,11,11,NA,NA,NA,NA,NA,NA,NA,NA,NA,NA,NA,NA,NA,NA,NA,NA,NA,NA,NA,NA,NA,NA,NA,NA,NA,NA,NA,NA,NA,NA,NA,NA,NA,NA,NA,NA,NA,NA,NA,NA,NA,NA,NA,NA,NA,NA,NA,NA
ImmortalsOfAveum-Win64-Shipping.exe,NVIDIA GeForce RTX 4060 Ti,12th Gen Intel(R) Core(TM) i7-12700,3840x2160,D3D12,0,20336,0x0000000063F0AD60,0,0,Hardware Composed: Independent Flip,0,4564.522238,16.925,16.695,0.204,1.709,1.722,0.101,NA,2775,9001,62,52,NA,NA,NA,NA,NA,NA,0.585,0.844,0.585,69,101,101,NA,4367,15, 41,42.885, 65,31,1,23,1,18,1,14,1,75,1,75,1,1,1,1,1,16,13,11,11,NA,NA,NA,NA,NA,NA,NA,NA,NA,NA,NA,NA,NA,NA,NA,NA,NA,NA,NA,NA,NA,NA,NA,NA,NA,NA,NA,NA,NA,NA,NA,NA,NA,NA,NA,NA,NA,NA,NA,NA,NA,NA,NA,NA,NA,NA,NA,NA
ImmortalsOfAveum-Win64-Shipping.exe,NVIDIA GeForce RTX 4060 Ti,12th Gen Intel(R) Core(TM) i7-12700,3840x2160,D3D12,0,20336,0x0000000063F0AD60,0,0,Hardware Composed: Independent Flip,0,4564.537673,15.435,15.735,0.146,0.546,2.022,0.035,NA,2775,9001,62,52,NA,NA,NA,NA,NA,NA,0.641,0.926,0.641,69,101,101,NA,4367,15, 41,42.885, 65,31,1,23,1,18,1,14,1,75,1,75,1,1,1,1,1,16,13,11,11,NA,NA,NA,NA,NA,NA,NA,NA,NA,NA,NA,NA,NA,NA,NA,NA,NA,NA,NA,NA,NA,NA,NA,NA,NA,NA,NA,NA,NA,NA,NA,NA,NA,NA,NA,NA,NA,NA,NA,NA,NA,NA,NA,NA,NA,NA,NA,NA
ImmortalsOfAveum-Win64-Shipping.exe,NVIDIA GeForce RTX 4060 Ti,12th Gen Intel(R) Core(TM) i7-12700,3840x2160,D3D12,0,20336,0x0000000063F0AD60,0,0,Hardware Composed: Independent Flip,0,4564.554597,16.924,17.000,0.202,2.083,2.097,0.123,NA,2775,9001,62,52,NA,NA,NA,NA,NA,NA,0.585,0.844,0.585,69,101,101,NA,4367,15, 41,42.885, 65,31,1,23,1,18,1,14,1,75,1,75,1,1,1,1,1,16,13,11,11,NA,NA,NA,NA,NA,NA,NA,NA,NA,NA,NA,NA,NA,NA,NA,NA,NA,NA,NA,NA,NA,NA,NA,NA,NA,NA,NA,NA,NA,NA,NA,NA,NA,NA,NA,NA,NA,NA,NA,NA,NA,NA,NA,NA,NA,NA,NA,NA
ImmortalsOfAveum-Win64-Shipping.exe,NVIDIA GeForce RTX 4060 Ti,12th Gen Intel(R) Core(TM) i7-12700,3840x2160,D3D12,0,20336,0x0000000063F0AD60,0,0,Hardware Composed: Independent Flip,0,4564.571940,17.343,17.562,0.148,0.371,2.317,0.021,NA,2775,9001,62,52,NA,NA,NA,NA,NA,NA,0.571,0.824,0.571,69,101,101,NA,4367,15, 41,42.885, 65,31,1,23,1,18,1,14,1,75,1,75,1,1,1,1,1,16,13,11,11,NA,NA,NA,NA,NA,NA,NA,NA,NA,NA,NA,NA,NA,NA,NA,NA,NA,NA,NA,NA,NA,NA,NA,NA,NA,NA,NA,NA,NA,NA,NA,NA,NA,NA,NA,NA,NA,NA,NA,NA,NA,NA,NA,NA,NA,NA,NA,NA
ImmortalsOfAveum-Win64-Shipping.exe,NVIDIA GeForce RTX 4060 Ti,12th Gen Intel(R) Core(TM) i7-12700,3840x2160,D3D12,0,20336,0x0000000063F0AD60,0,0,Hardware Composed: Independent Flip,0,4564.588882,16.942,16.504,0.275,1.865,1.879,0.110,NA,2775,9001,62,52,NA,NA,NA,NA,NA,NA,0.584,0.843,0.584,69,101,101,NA,4367,15, 41,42.885, 65,31,1,23,1,18,1,14,1,75,1,75,1,1,1,1,1,16,13,11,11,NA,NA,NA,NA,NA,NA,NA,NA,NA,NA,NA,NA,NA,NA,NA,NA,NA,NA,NA,NA,NA,NA,NA,NA,NA,NA,NA,NA,NA,NA,NA,NA,NA,NA,NA,NA,NA,NA,NA,NA,NA,NA,NA,NA,NA,NA,NA,NA
ImmortalsOfAveum-Win64-Shipping.exe,NVIDIA GeForce RTX 4060 Ti,12th Gen Intel(R) Core(TM) i7-12700,3840x2160,D3D12,0,20336,0x0000000063F0AD60,0,0,Hardware Composed: Independent Flip,0,4564.604621,15.739,16.025,0.171,0.510,2.164,0.032,NA,2775,9001,62,52,NA,NA,NA,NA,NA,NA,0.629,0.908,0.629,69,101,101,NA,4367,15, 41,42.885, 65,31,1,23,1,18,1,14,1,75,1,75,1,1,1,1,1,16,13,11,11,NA,NA,NA,NA,NA,NA,NA,NA,NA,NA,NA,NA,NA,NA,NA,NA,NA,NA,NA,NA,NA,NA,NA,NA,NA,NA,NA,NA,NA,NA,NA,NA,NA,NA,NA,NA,NA,NA,NA,NA,NA,NA,NA,NA,NA,NA,NA,NA
